Marker,Chrom,Position,Ref,Alt,diplo-general,diplo-additive
S1_10638,1,10638,0,1,0.302075784703797,0.0156998890679815
S1_128373,1,128373,0,1,0.523622623842004,0.435243889656035
S1_222471,1,222471,0,1,0.651066197939848,0.651066197939848
S1_267769,1,267769,0,1,0.185644980457423,0.386851324649841
S1_985248,1,985248,0,1,0.0625345220012456,0.087467952071699
S1_1000282,1,1000282,0,1,0.250783300753177,0.354002142323156
S1_1001511,1,1001511,0,1,1.16741777835221,1.47831074708988
S1_1167803,1,1167803,0,1,0.375014836316374,0.672343357215967
S1_1195312,1,1195312,0,1,0.896098205917654,1.34431210300283
S1_1568364,1,1568364,0,1,4.06889113330849e-05,0.00407008808807859
S1_1665404,1,1665404,0,1,1.47051209243235,1.62906171877368
S1_1665418,1,1665418,0,1,0.975233736606053,1.39966878621713
S1_1665430,1,1665430,0,1,0.28743346898645,0.382315148474091
S1_1686778,1,1686778,0,1,0.249003443740811,0.249003443740811
S1_1763337,1,1763337,0,1,0.29376692399141,0.0136981036562911
S1_1763359,1,1763359,0,1,0.0606360833138021,0.0202940611969109
S1_1763421,1,1763421,0,1,0.423227811405926,0.423227811405926
S1_1780412,1,1780412,0,1,0.222144526533355,0.456941990429842
S1_1787870,1,1787870,0,1,0.0427394324660098,0.013119031079856
S1_1787892,1,1787892,0,1,0.112648906809154,0.136376222782159
S1_1792012,1,1792012,0,1,0.106040789276739,0.173219460180838
S1_1804228,1,1804228,0,1,0.122761348834277,0.083018575312725
S1_1804237,1,1804237,0,1,0.292176829270053,0.244895645450884
S1_1957407,1,1957407,0,1,0.168815075079372,0.296852365342752
S1_2032165,1,2032165,0,1,0.0231459255484309,0.0709672748502834
S1_2089532,1,2089532,0,1,0.0581367024347716,0.0747098738017909
S1_2089585,1,2089585,0,1,0.0945529149170161,0.22042873676282
S1_2091448,1,2091448,0,1,1.25125647248899,1.35344898561554
S1_2091497,1,2091497,0,1,0.128171584109186,0.0868187513803499
S1_2304094,1,2304094,0,1,0.49751597227164,0.49751597227164
S1_2306736,1,2306736,0,1,0.0325164646417656,0.102065274450325
S1_2306739,1,2306739,0,1,0.28926557986293,0.359688954837748
S1_2307001,1,2307001,0,1,0.587445609247978,0.88282960131963
S1_2307011,1,2307011,0,1,0.153681688536653,0.264754557375781
S1_2307071,1,2307071,0,1,0.0797114763609399,0.135758854443075
S1_2307256,1,2307256,0,1,0.636946246278997,1.00183413150854
S1_2307287,1,2307287,0,1,0.635220050451237,0.619894040249464
S1_2307305,1,2307305,0,1,0.973682037780073,1.37242931160554
S1_2307776,1,2307776,0,1,0.0744963077221799,0.0744963077221799
S1_2336405,1,2336405,0,1,1.07077588787986,1.22943332455105
S1_2431751,1,2431751,0,1,0.137031026284877,0.137031026284877
S1_2466885,1,2466885,0,1,1.22776753838507,1.22776753838507
S1_2467289,1,2467289,0,1,0.021622198499479,0.023848182692476
S1_2467298,1,2467298,0,1,0.0746245420977542,0.00912551993571706
S1_2467316,1,2467316,0,1,0.250334179308144,0.205654289136312
S1_2467319,1,2467319,0,1,0.226284408314684,0.155592197396557
S1_2467326,1,2467326,0,1,0.011118327950712,0.0856948032243972
S1_2467328,1,2467328,0,1,0.0545123996852595,0.0545123996852595
S1_2467352,1,2467352,0,1,0.0530282760827046,0.0109104731177069
S1_2468221,1,2468221,0,1,0.287828000009061,0.530118881023277
S1_2469048,1,2469048,0,1,0.338603037399558,0.472758242976679
S1_2469056,1,2469056,0,1,0.146225973388034,0.30888006096644
S1_2469093,1,2469093,0,1,0.273167973978476,0.242923378958432
S1_2470205,1,2470205,0,1,0.681778997573104,0.681778997573104
S1_2537494,1,2537494,0,1,0.16768671438493,0.404673345369348
S1_2540555,1,2540555,0,1,0.153271439804344,0.311483107921608
S1_2544068,1,2544068,0,1,0.0205043510993805,0.118254213169189
S1_2657797,1,2657797,0,1,0.132141754190619,0.233526735032395
S1_2685989,1,2685989,0,1,0.489173290236796,0.721904580644838
S1_2686010,1,2686010,0,1,0.0334117671560528,0.0380147063500595
S1_2691832,1,2691832,0,1,0.203825634655137,0.451198512082955
S1_2691875,1,2691875,0,1,0.44335972066136,0.58735653439877
S1_2691904,1,2691904,0,1,0.500745729033058,0.112002193182554
S1_2693911,1,2693911,0,1,1.05703948170564,1.42763639687878
S1_2693968,1,2693968,0,1,0.623092557300701,0.81012972483436
S1_2693969,1,2693969,0,1,0.362495689317765,0.704902107926454
S1_2693995,1,2693995,0,1,0.218061271378686,0.499430873431852
S1_2693998,1,2693998,0,1,0.620282833864987,1.01532566225646
S1_2727652,1,2727652,0,1,0.0717865504995169,0.207795127636731
S1_2730433,1,2730433,0,1,0.299571381380327,0.570521322535457
S1_2730435,1,2730435,0,1,0.0546108627896122,0.0548456638673911
S1_2739890,1,2739890,0,1,1.41812530762813,1.57402898781014
S1_2740904,1,2740904,0,1,0.558134969718536,0.824232052258306
S1_2740913,1,2740913,0,1,0.0770225613171697,0.258101663602441
S1_2740924,1,2740924,0,1,0.625251460965962,0.911121154265668
S1_2740925,1,2740925,0,1,1.0874638059301,1.5731754211943
S1_2745817,1,2745817,0,1,0.0678081785985556,0.135268675544085
S1_2746546,1,2746546,0,1,1.09776378013972,1.09776378013972
S1_2747010,1,2747010,0,1,0.124715192002947,0.232466813286396
S1_2748931,1,2748931,0,1,1.11611220843241,0.12595161811206
S1_2753170,1,2753170,0,1,0.258439782759889,0.184754491027271
S1_2753256,1,2753256,0,1,0.898759981826967,0.898759981826967
S1_2753385,1,2753385,0,1,0.00101838245315753,0.00101838245315753
S1_2753437,1,2753437,0,1,0.514440252637329,0.770590468771089
S1_2753738,1,2753738,0,1,0.834141918543842,1.15561467086061
S1_2754198,1,2754198,0,1,0.839805259861351,1.30071037786628
S1_2754503,1,2754503,0,1,0.394476459376177,0.0568650279946353
S1_2784031,1,2784031,0,1,0.0271710524315584,0.0233989312951319
S1_2784065,1,2784065,0,1,0.301972543898397,0.298387216786099
S1_2784178,1,2784178,0,1,0.0517921448347304,0.158292777121362
S1_2784215,1,2784215,0,1,0.290047705557926,0.427650939574273
S1_2794443,1,2794443,0,1,0.211895390869179,0.143067679341624
S1_2794651,1,2794651,0,1,1.48999346323925,1.48999346323925
S1_2794670,1,2794670,0,1,1.55264772833478,1.55264772833478
S1_2801538,1,2801538,0,1,0.140948685341984,0.200726724108289
S1_2801547,1,2801547,0,1,0.109619829286449,0.248462110908458
S1_2803636,1,2803636,0,1,0.705086103678243,1.08394017212495
S1_2803659,1,2803659,0,1,0.455982229161433,0.266613088848298
S1_2803686,1,2803686,0,1,0.391527586242566,0.679994992218752
S1_2842393,1,2842393,0,1,0.145031551269636,0.382815141808531
S1_2842395,1,2842395,0,1,0.362661988191631,0.59002069175552
S1_2842612,1,2842612,0,1,1.06423687089687,0.200587239173912
S1_2858812,1,2858812,0,1,0.658852880806282,0.923889337747877
S1_2858936,1,2858936,0,1,0.491563418835746,0.668430647126804
S1_2872305,1,2872305,0,1,0.0208228252084128,0.0208228252084128
S1_2872340,1,2872340,0,1,0.0376298118239815,0.0376298118239815
S1_2937746,1,2937746,0,1,0.0454507778380675,0.0165727893898875
S1_2940981,1,2940981,0,1,1.41498719388356,1.13924002189232
S1_2942391,1,2942391,0,1,0.268979809562293,0.0751760598882066
S1_2942412,1,2942412,0,1,0.458669918998442,0.442320438895772
S1_2942413,1,2942413,0,1,0.7461477665415,0.92090340267164
S1_2956835,1,2956835,0,1,0.418409761262881,0.621246931717081
S1_2957197,1,2957197,0,1,0.108243445399801,0.296336379097986
S1_2957263,1,2957263,0,1,0.245426283763095,0.360750130812932
S1_2957286,1,2957286,0,1,0.360786563472729,0.277077451521871
S1_2957312,1,2957312,0,1,0.32190092271087,0.151398667962282
S1_3000657,1,3000657,0,1,0.637999335775461,0.749355617775424
S1_3000668,1,3000668,0,1,0.377260113872743,0.665320733481635
S1_3000812,1,3000812,0,1,0.114007397246667,0.201393132195532
S1_3000850,1,3000850,0,1,0.0690169427344301,0.0402953123262069
S1_3001062,1,3001062,0,1,0.659721092519146,0.659721092519146
S1_3010423,1,3010423,0,1,0.589054314966995,0.205469218729668
S1_3022795,1,3022795,0,1,0.347565181003495,0.347565181003495
S1_3028475,1,3028475,0,1,0.438130391775884,0.766255548550923
S1_3028503,1,3028503,0,1,0.551437084864628,0.551437084864628
S1_3029136,1,3029136,0,1,0.495577842288919,0.391525727545034
S1_3029139,1,3029139,0,1,0.850158520496395,0.685003196533923
S1_3029205,1,3029205,0,1,0.23597423942335,0.359506552482599
S1_3078487,1,3078487,0,1,0.365971531975182,0.457750615567264
S1_3078874,1,3078874,0,1,0.530627917147521,0.783824381668442
S1_3079131,1,3079131,0,1,1.00232983583067,1.00232983583067
S1_3079287,1,3079287,0,1,0.0845647622011296,0.256364026308856
S1_3079325,1,3079325,0,1,0.0392733121187773,0.151350448732488
S1_3079994,1,3079994,0,1,0.104453910249101,0.297766605086045
S1_3080098,1,3080098,0,1,0.227240160685293,0.227240160685293
S1_3081447,1,3081447,0,1,0.586247481359704,0.818321880350839
S1_3081458,1,3081458,0,1,0.455417404664278,0.632221001827878
S1_3081692,1,3081692,0,1,0.149534782590069,0.263282508236914
S1_3131760,1,3131760,0,1,0.408104240170926,0.484530452668932
S1_3136255,1,3136255,0,1,1.39354835368058,0.443046508501176
S1_3136329,1,3136329,0,1,0.03467274095292,0.14672891383297
S1_3179303,1,3179303,0,1,0.0647460085517376,0.203263246900698
S1_3179376,1,3179376,0,1,0.386592420371573,0.438251173531475
S1_3190637,1,3190637,0,1,0.647532937210157,0.647532937210157
S1_3190712,1,3190712,0,1,0.362669319044627,0.328824472494494
S1_3197122,1,3197122,0,1,0.194784791564769,0.0894501747266763
S1_3197144,1,3197144,0,1,0.5434783642531,0.873137604823721
S1_3197156,1,3197156,0,1,0.0432065490035738,0.17991584168874
S1_3197160,1,3197160,0,1,0.0592920196936511,0.139060734486628
S1_3197186,1,3197186,0,1,1.79623292517023,1.66315519734239
S1_3197225,1,3197225,0,1,0.0621513436110495,0.215651311610363
S1_3197228,1,3197228,0,1,1.06153482548441,0.760251189149203
S1_3197312,1,3197312,0,1,0.372828941818797,0.365410324695911
S1_3199277,1,3199277,0,1,0.4499957063316,0.434467836141576
S1_3199279,1,3199279,0,1,1.0406130739456,0.666833236444155
S1_3199533,1,3199533,0,1,0.29115634140268,0.4080420381291
S1_3200233,1,3200233,0,1,0.0714715313077501,0.122459161608095
S1_3200355,1,3200355,0,1,1.08341371387328,1.08341371387328
S1_3269837,1,3269837,0,1,1.00015039961238,1.37038718784895
S1_3274469,1,3274469,0,1,0.0201181456572459,0.0937333145784867
S1_3276118,1,3276118,0,1,NA,NA
S1_3279302,1,3279302,0,1,0.442593635399093,0.813584110602703
S1_3280221,1,3280221,0,1,0.294858281566327,0.104872638733315
S1_3280248,1,3280248,0,1,0.554015727249189,0.562740562827037
S1_3286633,1,3286633,0,1,0.0241504424230478,0.0233663937385152
S1_3354800,1,3354800,0,1,0.245397630588474,0.498198283906953
S1_3355474,1,3355474,0,1,0.554813245894324,0.959876610625668
S1_3356400,1,3356400,0,1,0.130724970914967,0.0570299866820328
S1_3359309,1,3359309,0,1,0.523991916160355,0.0837258700752537
S1_3365546,1,3365546,0,1,0.751424560865472,0.751424560865472
S1_3365613,1,3365613,0,1,0.352871639886673,0.692164095881475
S1_3365984,1,3365984,0,1,0.534879381332227,0.0378358994276616
S1_3404081,1,3404081,0,1,NA,0.0959661237033473
S1_3405270,1,3405270,0,1,0.054298223313468,0.14134093263718
S1_3405286,1,3405286,0,1,0.24571831139375,0.407486189325804
S1_3408430,1,3408430,0,1,0.450265855606908,0.568764504701625
S1_3409249,1,3409249,0,1,0.767990851839134,0.519776439981507
S1_3409255,1,3409255,0,1,0.563336172683657,0.563336172683657
S1_3409290,1,3409290,0,1,0.826454692254663,0.733418986165565
S1_3409322,1,3409322,0,1,0.0239524243479636,0.0573691933162874
S1_3409331,1,3409331,0,1,0.0351036358324767,0.162754249064023
S1_3409375,1,3409375,0,1,0.257907416796023,0.0407021663877276
S1_3439048,1,3439048,0,1,1.15011724971579,0.625136248504283
S1_3440091,1,3440091,0,1,0.211427028021376,0.230105635351912
S1_3474893,1,3474893,0,1,0.233068189045145,0.303143523061725
S1_3474940,1,3474940,0,1,0.0539790819997387,0.202827723429237
S1_3647399,1,3647399,0,1,0.417379025506902,0.00364312666455687
S1_3649734,1,3649734,0,1,0.320507700882606,0.197149020871488
S1_3649844,1,3649844,0,1,0.633854188695853,0.633854188695853
S1_3650405,1,3650405,0,1,0.356858435503549,0.216001380298803
S1_3650848,1,3650848,0,1,0.399139063040796,0.756541647662621
S1_3650875,1,3650875,0,1,0.121798491634933,0.121798491634933
S1_3665201,1,3665201,0,1,0.044824539176973,0.0441941633973204
S1_3665219,1,3665219,0,1,0.0530402259288958,0.16432841077926
S1_3701096,1,3701096,0,1,0.498283300874881,0.886147544820466
S1_3702509,1,3702509,0,1,0.302142114974319,0.623252399127132
S1_3702520,1,3702520,0,1,0.132944170188756,0.356622971500909
S1_3703088,1,3703088,0,1,0.323502286123736,0.495689473657095
S1_3703141,1,3703141,0,1,0.140906734118809,0.140906734118809
S1_3703225,1,3703225,0,1,0.309667608488726,0.266229760500926
S1_3703561,1,3703561,0,1,1.10805628030838,1.04626972603312
S1_3703701,1,3703701,0,1,0.814304253628241,0.814304253628241
S1_3703855,1,3703855,0,1,0.924678833028206,0.924678833028206
S1_3703856,1,3703856,0,1,0.15099783302376,0.285287867203103
S1_3703891,1,3703891,0,1,0.0734092866145541,0.238759052186174
S1_3703921,1,3703921,0,1,0.0572475344295743,0.205466619601932
S1_3703960,1,3703960,0,1,0.282563613127203,0.139120139363849
S1_3703996,1,3703996,0,1,1.07080392770129,1.37220085596224
S1_3704064,1,3704064,0,1,0.137603619769632,0.137603619769632
S1_3704074,1,3704074,0,1,0.72336010591739,0.662519490215305
S1_3715240,1,3715240,0,1,0.14065114000538,0.233849471849907
S1_3715269,1,3715269,0,1,0.105797444755919,0.0638973225194914
S1_3731400,1,3731400,0,1,0.102051506943618,0.158298689807559
S1_3731407,1,3731407,0,1,0.129927700859312,0.234061505911568
S1_3734685,1,3734685,0,1,0.54958275034165,0.482152492949294
S1_3734702,1,3734702,0,1,2.21926448661803,2.3738260440267
S1_3734910,1,3734910,0,1,0.170234571550999,0.369290253570691
S1_3736125,1,3736125,0,1,0.0876475288628869,0.0876475288628869
S1_3736132,1,3736132,0,1,0.429601711115832,0.429601711115832
S1_3736785,1,3736785,0,1,0.723023733920122,1.1685574553708
S1_3739508,1,3739508,0,1,0.0177796331887517,0.0177796331887517
S1_3739658,1,3739658,0,1,0.47099223074576,0.36808452294309
S1_3739861,1,3739861,0,1,0.305323652882838,0.178657945940094
S1_3739939,1,3739939,0,1,0.381661871787205,0.366232408901242
S1_3739948,1,3739948,0,1,0.404429867017955,0.0437924897294854
S1_3741759,1,3741759,0,1,0.0955641189134996,0.101251953159813
S1_3742006,1,3742006,0,1,0.188831325599591,0.00616033728063543
S1_3742010,1,3742010,0,1,0.270760919888931,0.280274378599567
S1_3742398,1,3742398,0,1,0.0953438650288572,0.285284253382034
S1_3878392,1,3878392,0,1,0.261737824921669,0.513031401995401
S1_3878526,1,3878526,0,1,0.538269391687481,0.812078501367413
S1_3886280,1,3886280,0,1,0.240839006244836,0.0847582002466464
S1_3887491,1,3887491,0,1,0.0323648030842625,0.0323648030842625
S1_3889306,1,3889306,0,1,0.953268951470546,1.09691793015264
S1_3889317,1,3889317,0,1,0.304027094632933,0.142780238125578
S1_4018295,1,4018295,0,1,1.73479227755523,1.23373420590966
S1_4018470,1,4018470,0,1,0.16933181913586,0.393127691512381
S1_4018519,1,4018519,0,1,0.0841158342685978,0.183972981962102
S1_4022585,1,4022585,0,1,0.344598836744515,0.480375349149667
S1_4040233,1,4040233,0,1,0.280594799188072,0.0289039525880614
S1_4040251,1,4040251,0,1,0.365538392397294,0.102852462210806
S1_4040654,1,4040654,0,1,0.353791208340115,0.633615156907752
S1_4041107,1,4041107,0,1,0.487229271847647,0.796167776259909
S1_4042967,1,4042967,0,1,0.0658870836769454,0.102773663569306
S1_4042975,1,4042975,0,1,0.730495018172982,0.827538159740078
S1_4051463,1,4051463,0,1,0.468775193888191,0.111570026122368
S1_4054150,1,4054150,0,1,1.06800238203785,1.33788030928362
S1_4055044,1,4055044,0,1,0.564956743623333,0.767596384231527
S1_4055146,1,4055146,0,1,0.582057518077875,0.770256055353712
S1_4055200,1,4055200,0,1,0.0189956509984167,0.0189956509984167
S1_4055218,1,4055218,0,1,0.267103148503016,0.00795548451420821
S1_4055521,1,4055521,0,1,0.0357827080887266,0.0357827080887266
S1_4056057,1,4056057,0,1,0.118540402056565,0.118540402056565
S1_4056065,1,4056065,0,1,2.38688014347288,2.38688014347288
S1_4056115,1,4056115,0,1,0.0645112713815684,0.0645112713815684
S1_4056657,1,4056657,0,1,0.41841166840378,0.596744028780461
S1_4057454,1,4057454,0,1,0.200265320803562,0.466049512251233
S1_4057959,1,4057959,0,1,0.241293658784328,0.491487876295472
S1_4069263,1,4069263,0,1,0.488923637925218,0.811944869547884
S1_4150350,1,4150350,0,1,0.367901117520093,0.689143296376091
S1_4150361,1,4150361,0,1,0.414292783166409,0.747190071029879
S1_4163141,1,4163141,0,1,0.24683586505175,0.536769540046885
S1_4173199,1,4173199,0,1,0.255044107750644,0.452951224639945
S1_4187089,1,4187089,0,1,0.0774115942506243,0.0325649706271608
S1_4187467,1,4187467,0,1,0.597529865279054,0.523251235954203
S1_4241885,1,4241885,0,1,0.113693301813555,0.198646954565358
S1_4241933,1,4241933,0,1,0.068514125322474,0.181753157340963
S1_4242027,1,4242027,0,1,0.64324526973599,1.06776311049743
S1_4242035,1,4242035,0,1,0.348567796735965,0.688470980810866
S1_4242047,1,4242047,0,1,0.361022451735176,0.509251987518395
S1_4246336,1,4246336,0,1,0.237615085425433,0.529935637408512
S1_4246347,1,4246347,0,1,0.685973197147277,1.07035597901941
S1_4251025,1,4251025,0,1,0.306663758955973,0.123352781317709
S1_4292194,1,4292194,0,1,0.287792745669887,0.453108109140538
S1_4306819,1,4306819,0,1,0.735503663560224,0.20026339723598
S1_4309213,1,4309213,0,1,0.0236708822478738,0.100879581030119
S1_4356991,1,4356991,0,1,1.03758861828498,1.26738781562388
S1_4358623,1,4358623,0,1,0.954267046658957,1.41276131515706
S1_4358624,1,4358624,0,1,0.182975886888451,0.442983204438462
S1_4445279,1,4445279,0,1,0.601440040477965,0.601440040477965
S1_4446759,1,4446759,0,1,0.544101947658469,0.5360719456806
S1_4452378,1,4452378,0,1,0.269512691711813,0.567565090832258
S1_4453412,1,4453412,0,1,0.12688915549576,0.236463785990181
S1_4453427,1,4453427,0,1,0.0293223086636438,0.0650314429273266
S1_4453485,1,4453485,0,1,0.651081023653451,0.547714372543106
S1_4511714,1,4511714,0,1,0.236883353759356,0.376727522464171
S1_4511716,1,4511716,0,1,0.229684704631104,0.331427082276825
S1_4511722,1,4511722,0,1,0.238056920777829,0.383756348266838
S1_4512268,1,4512268,0,1,0.179668209576097,0.179668209576097
S1_4512303,1,4512303,0,1,0.142359194794827,0.161567615302321
S1_4512433,1,4512433,0,1,0.359030871841273,0.647606961451115
S1_4512689,1,4512689,0,1,0.0778576947724122,0.0804525703372336
S1_4512876,1,4512876,0,1,0.117196900186442,0.100050979737954
S1_4512877,1,4512877,0,1,0.132385022352858,0.350768281248778
S1_4512975,1,4512975,0,1,0.788271637071488,0.788271637071488
S1_4519154,1,4519154,0,1,0.12143124899894,0.330443556199675
S1_4519305,1,4519305,0,1,0.577668831196194,0.985182979267063
S1_4519320,1,4519320,0,1,0.901080186673514,1.37578919611422
S1_4544628,1,4544628,0,1,0.129670030640587,0.321828003711503
S1_4544712,1,4544712,0,1,0.707218212214138,0.87104666670713
S1_4545495,1,4545495,0,1,0.101755338781072,0.172503601772045
S1_4545515,1,4545515,0,1,0.618352712444326,0.984872467216136
S1_4545557,1,4545557,0,1,0.00992810618662868,0.0538852150335032
S1_4547758,1,4547758,0,1,0.322481513335584,0.322481513335584
S1_4547762,1,4547762,0,1,0.099889044266449,0.163364901186572
S1_4547780,1,4547780,0,1,0.0819916467623264,0.0591834284677665
S1_4547866,1,4547866,0,1,0.0533023319068607,0.110194800131462
S1_4548765,1,4548765,0,1,0.479417795509732,0.479417795509732
S1_4548845,1,4548845,0,1,0.351466438726264,0.692385304222163
S1_4548903,1,4548903,0,1,0.768371144478998,0.975913788808755
S1_4548912,1,4548912,0,1,0.0490182724905385,0.196782721608902
S1_4548964,1,4548964,0,1,0.0561944236338302,0.0561944236338302
S1_4549673,1,4549673,0,1,0.633515213475644,0.345709661950163
S1_4549698,1,4549698,0,1,0.749435542272412,0.386982820863538
S1_4557453,1,4557453,0,1,0.984900848058171,0.954293668490021
S1_4557460,1,4557460,0,1,1.15369086393609,1.40611073203887
S1_4592927,1,4592927,0,1,1.02342646677188,1.25491645725927
S1_4598462,1,4598462,0,1,0.0844514874916072,0.0844514874916072
S1_4598623,1,4598623,0,1,0.0146636910458067,0.0810795173180576
S1_4599469,1,4599469,0,1,0.153362446985089,0.359638663060752
S1_4599497,1,4599497,0,1,0.00906603696848547,0.0530524775471373
S1_4600196,1,4600196,0,1,0.582465469774817,0.031360143145779
S1_4601740,1,4601740,0,1,0.0522264577379781,0.193051290125322
S1_4601776,1,4601776,0,1,0.00330979574850001,0.0332223047565158
S1_4602579,1,4602579,0,1,0.35385859049004,0.663334815831752
S1_4602626,1,4602626,0,1,0.735766266923632,1.14000167250719
S1_4606169,1,4606169,0,1,0.217799183270287,0.217799183270287
S1_4606196,1,4606196,0,1,0.217799183270287,0.217799183270287
S1_4608173,1,4608173,0,1,0.129307806431152,0.349063371500337
S1_4608221,1,4608221,0,1,0.0812001755683609,0.257264023038418
S1_4609477,1,4609477,0,1,0.237866458935693,0.511386865829051
S1_4616910,1,4616910,0,1,0.591521064484675,0.734877434503553
S1_4724596,1,4724596,0,1,0.157931768385758,0.348028471515389
S1_4724664,1,4724664,0,1,0.411802058794732,0.427460686801452
S1_4724724,1,4724724,0,1,0.676121521472677,0.0162163713656298
S1_4724733,1,4724733,0,1,0.0357220284099514,0.107922824410194
S1_4742021,1,4742021,0,1,0.462644866731386,0.462644866731386
S1_4748719,1,4748719,0,1,0.00157714002567395,0.000630759062097083
S1_4748996,1,4748996,0,1,1.21815622206607,0.715204464029801
S1_4749184,1,4749184,0,1,0.279961942481877,0.140791001823507
S1_4749237,1,4749237,0,1,0.974390386641496,1.46279400485619
S1_4749464,1,4749464,0,1,0.79495757638832,0.79495757638832
S1_4749578,1,4749578,0,1,0.570592723040375,0.225919859783226
S1_4753039,1,4753039,0,1,0.0684914003350504,0.22145639037712
S1_4753073,1,4753073,0,1,0.114442551412273,0.286737935221433
S1_4754739,1,4754739,0,1,0.4358503861873,0.684928190366681
S1_4764981,1,4764981,0,1,0.248119088211224,0.493242354024292
S1_4766287,1,4766287,0,1,0.150362141533974,0.0124515891994792
S1_4766734,1,4766734,0,1,0.268052418862776,0.403382331943144
S1_4767789,1,4767789,0,1,1.07347392437,1.22571596184122
S1_4772033,1,4772033,0,1,0.150673831100162,0.0246875749699199
S1_4772203,1,4772203,0,1,0.0714038393530489,0.147226587447641
S1_4988831,1,4988831,0,1,0.855840522359692,1.31584771137502
S1_4988834,1,4988834,0,1,0.672056689551125,1.09495951465167
S1_4989664,1,4989664,0,1,1.26829305937261,1.68745371428757
S1_4989859,1,4989859,0,1,1.46470179507228,2.02881714441407
S1_4990561,1,4990561,0,1,0.431464099111452,0.431464099111452
S1_4990764,1,4990764,0,1,0.381250649740396,0.381250649740396
S1_4994210,1,4994210,0,1,0.0299422924373716,0.0682288979142584
S1_4995670,1,4995670,0,1,0.0857791790879924,0.0857791790879924
S1_4996202,1,4996202,0,1,0.13384194367471,0.13384194367471
S1_4996244,1,4996244,0,1,1.12424616448297,0.048283590978545
S1_4996249,1,4996249,0,1,0.0974911527320354,0.193956096004869
S1_4996310,1,4996310,0,1,0.166613169489194,0.0120801778591543
S1_4996348,1,4996348,0,1,0.228427999903281,0.240081346277936
S1_4996351,1,4996351,0,1,0.174363818796495,0.174363818796495
S1_4998200,1,4998200,0,1,0.394750929854087,0.705850290434641
S1_4998202,1,4998202,0,1,0.249559170071634,0.437025402262196
S1_5001980,1,5001980,0,1,0.122114422667712,0.259360839760914
S1_5002046,1,5002046,0,1,0.328113588849609,0.34660518446987
S1_5002073,1,5002073,0,1,0.328113588849609,0.34660518446987
S1_5003106,1,5003106,0,1,0.129609792753723,0.259737694043797
S1_5006696,1,5006696,0,1,1.02051414398951,0.918244152542541
S1_5006755,1,5006755,0,1,0.414376680264796,0.31824100324299
S1_5006807,1,5006807,0,1,0.840505645613457,0.540283382645632
S1_5010035,1,5010035,0,1,0.691948403080812,0.0403613855298288
S1_5010040,1,5010040,0,1,0.447341366025286,0.591520699865257
S1_5010065,1,5010065,0,1,0.455546732263447,0.219971254652497
S1_5012442,1,5012442,0,1,0.0263306813123029,0.0656025602512225
S1_5045866,1,5045866,0,1,0.0752798277314913,0.214167098501407
S1_5045896,1,5045896,0,1,0.200163162629378,0.471536032652593
S1_5056271,1,5056271,0,1,0.0705754971413302,0.215523594209088
S1_5056272,1,5056272,0,1,0.0225279299082771,0.0814577872291854
S1_5056296,1,5056296,0,1,0.227593969677973,0.474956603620169
S1_5056746,1,5056746,0,1,0.603786112264457,0.603786112264457
S1_5088946,1,5088946,0,1,0.167099865311296,0.367823436740789
S1_5089007,1,5089007,0,1,0.839768506130349,0.136603888851593
S1_5089062,1,5089062,0,1,0.751261920873506,1.1269731108407
S1_5089381,1,5089381,0,1,0.478681174376694,0.429356042248845
S1_5089486,1,5089486,0,1,3.807783340407,0.14354870529549
S1_5089658,1,5089658,0,1,0.234363405501979,0.0999242407601969
S1_5092087,1,5092087,0,1,0.433913539364493,0.441625123689931
S1_5245986,1,5245986,0,1,0.0908833530008437,0.245816614956182
S1_5331887,1,5331887,0,1,0.72093742265158,0.72093742265158
S1_5331911,1,5331911,0,1,0.550489723908554,0.550489723908554
S1_5336929,1,5336929,0,1,0.0700595023930545,0.189975363303744
S1_5337001,1,5337001,0,1,0.397515787837646,0.397515787837646
S1_5337008,1,5337008,0,1,0.043048168179904,0.127779897804684
S1_5337037,1,5337037,0,1,0.0452327730364262,0.157639971267215
S1_5337384,1,5337384,0,1,0.327639183001497,0.571166379432593
S1_5342113,1,5342113,0,1,1.84185075323665,1.28057671017163
S1_5342362,1,5342362,0,1,0.518280824251722,0.518280824251722
S1_5345349,1,5345349,0,1,0.568499149545162,0.568499149545162
S1_5345432,1,5345432,0,1,0.915803144407422,1.35155233751862
S1_5347636,1,5347636,0,1,0.890992152703617,0.890992152703617
S1_5347678,1,5347678,0,1,0.369974321186992,0.341172160728395
S1_5347840,1,5347840,0,1,0.38846123707352,0.38846123707352
S1_5348053,1,5348053,0,1,1.38079858571105,1.79990570241006
S1_5348146,1,5348146,0,1,0.47693461161212,0.12138157812648
S1_5348172,1,5348172,0,1,0.333480531579299,0.626613930635447
S1_5348174,1,5348174,0,1,0.0729048050206698,0.0823330508474835
S1_5348176,1,5348176,0,1,1.06685780422747,1.1052131947533
S1_5348199,1,5348199,0,1,1.14942464961591,1.43420182885792
S1_5349588,1,5349588,0,1,0.0273937800284554,0.139994264026909
S1_5349626,1,5349626,0,1,1.05367627768832,0.94153307786523
S1_5388402,1,5388402,0,1,0.456832444849993,0.471668432108954
S1_5432380,1,5432380,0,1,0.835502432918918,0.939064482653088
S1_5432422,1,5432422,0,1,0.319799631946453,0.19220733531434
S1_5434875,1,5434875,0,1,2.3243027024478,2.74922548565493
S1_5435296,1,5435296,0,1,0.503613504374464,0.229175103911013
S1_5435362,1,5435362,0,1,0.63968871253299,0.836194207988843
S1_5441654,1,5441654,0,1,0.200948102685427,0.463555441580804
S1_5517151,1,5517151,0,1,0.480087542540698,0.789728715730996
S1_5518031,1,5518031,0,1,0.0169759521752247,0.0169759521752247
S1_5518067,1,5518067,0,1,0.16275544626724,0.16275544626724
S1_5518274,1,5518274,0,1,0.305329039477596,0.400834709036455
S1_5532484,1,5532484,0,1,0.220480355931714,0.438567675056555
S1_5532588,1,5532588,0,1,0.508592628668902,0.818768646834444
S1_5534347,1,5534347,0,1,0.343758055057113,0.603319278363932
S1_5534351,1,5534351,0,1,0.191059679905893,0.364355328843976
S1_5535167,1,5535167,0,1,0.051425540445517,0.0715939250332833
S1_5542479,1,5542479,0,1,0.203386211965903,0.4057325047061
S1_5588913,1,5588913,0,1,0.253722485314708,0.253722485314708
S1_5590310,1,5590310,0,1,0.277968783874164,0.0480070793304211
S1_5590321,1,5590321,0,1,0.28440704600829,0.0709773359405371
S1_5590865,1,5590865,0,1,0.113202818691042,0.284044486353139
S1_5627986,1,5627986,0,1,0.0103947467902755,0.0103947467902755
S1_5629244,1,5629244,0,1,0.725614102150106,0.725614102150106
S1_5629266,1,5629266,0,1,0.08017429108808,0.0381925845058016
S1_5629302,1,5629302,0,1,0.147813646550432,0.212766726345072
S1_5639457,1,5639457,0,1,0.269135684309904,0.314382907286496
S1_5639479,1,5639479,0,1,0.17891519354497,0.0334789186537966
S1_5647052,1,5647052,0,1,0.189495528936548,0.391441530403356
S1_5647090,1,5647090,0,1,0.269296342243038,0.0365388994432862
S1_5647433,1,5647433,0,1,0.431181334074674,0.731238093316813
S1_5647475,1,5647475,0,1,0.458333493070924,0.0144784402238309
S1_5648074,1,5648074,0,1,0.813123167038007,0.210872301599093
S1_5719689,1,5719689,0,1,0.067567146319322,0.0593454794231098
S1_5719699,1,5719699,0,1,0.162880265677884,0.410128231778516
S1_5719700,1,5719700,0,1,0.230677700030813,0.394071827118993
S1_5720620,1,5720620,0,1,0.388367198625802,0.643160731819807
S1_5729267,1,5729267,0,1,0.24361913586635,0.436936076092147
S1_5741611,1,5741611,0,1,0.0333974552075283,0.0333974552075283
S1_5744907,1,5744907,0,1,0.242804998224253,0.256380926934921
S1_5744915,1,5744915,0,1,0.354010080783624,0.461890499866885
S1_5744943,1,5744943,0,1,0.336264209526598,0.433267672290776
S1_5745014,1,5745014,0,1,0.160748662362859,0.344800453870176
S1_5745091,1,5745091,0,1,0.159385667699394,0.224312613845325
S1_5746250,1,5746250,0,1,0.68249655887033,0.814562362004141
S1_5747337,1,5747337,0,1,0.273444557611598,0.273444557611598
S1_5748151,1,5748151,0,1,0.569738518688397,0.0694730577409656
S1_5809692,1,5809692,0,1,0.0815733037597285,0.0635198114127051
S1_5810155,1,5810155,0,1,0.0227613561463864,0.0227613561463864
S1_5813205,1,5813205,0,1,0.0302328198762296,0.0302328198762296
S1_5813502,1,5813502,0,1,0.0786007676077686,0.199627206484452
S1_5832185,1,5832185,0,1,NA,1.09202987909938
S1_5832246,1,5832246,0,1,0.249466972203308,0.547426340674402
S1_5953175,1,5953175,0,1,0.453226023422869,0.528442846281353
S1_5991493,1,5991493,0,1,0.0292872602287812,0.126714119848605
S1_5995384,1,5995384,0,1,0.323460316438421,0.0890198270876883
S1_5995427,1,5995427,0,1,0.244008063690432,0.0911502002519161
S1_5995629,1,5995629,0,1,0.186691585699226,0.127212896069664
S1_5997887,1,5997887,0,1,0.710898537461077,0.256768586429005
S1_6021863,1,6021863,0,1,0.194291097258332,0.0693002369712437
S1_6021892,1,6021892,0,1,0.000297131056939375,0.0113361530057446
S1_6077453,1,6077453,0,1,0.764255225662683,0.568784094581208
S1_6157448,1,6157448,0,1,0.189507495755032,0.121820096260785
S1_6170206,1,6170206,0,1,0.244598279502027,0.480683092107665
S1_6170208,1,6170208,0,1,0.70482088550819,0.625528370229353
S1_6174894,1,6174894,0,1,0.383138344752299,0.35711913776749
S1_6193058,1,6193058,0,1,0.490650609499029,0.154639367675056
S1_6196983,1,6196983,0,1,0.469681800718396,0.766128221549975
S1_6197078,1,6197078,0,1,0.313760715115363,0.616904333039585
S1_6198966,1,6198966,0,1,0.126838452694912,0.0687935207620433
S1_6199044,1,6199044,0,1,0.972192117946581,0.972192117946581
S1_6199324,1,6199324,0,1,1.08847466376127,0.0736862890835529
S1_6199531,1,6199531,0,1,1.21763457804322,1.56647622082139
S1_6199715,1,6199715,0,1,0.399914907875149,0.281354093326175
S1_6200304,1,6200304,0,1,0.371916387423732,0.0123482146007392
S1_6200681,1,6200681,0,1,0.411536500439139,0.716010971751162
S1_6200717,1,6200717,0,1,0.271204801821008,0.369568666599401
S1_6200728,1,6200728,0,1,0.0842109433388854,0.273033909033799
S1_6200940,1,6200940,0,1,0.303810612290077,0.569850063804313
S1_6200967,1,6200967,0,1,0.417284431349815,0.774948197544843
S1_6201053,1,6201053,0,1,0.0412941930438864,0.0412941930438864
S1_6201133,1,6201133,0,1,0.130006647314248,0.24973792659565
S1_6201207,1,6201207,0,1,0.274911322742797,0.225217982538891
S1_6201220,1,6201220,0,1,0.224595413002949,0.163498946102378
S1_6201221,1,6201221,0,1,0.218757603361344,0.130898219129076
S1_6217288,1,6217288,0,1,0.18038195225774,0.0666661580994529
S1_6217770,1,6217770,0,1,0.111646929948939,0.150724806379939
S1_6217883,1,6217883,0,1,0.168806833841122,0.168806833841122
S1_6217892,1,6217892,0,1,0.600753435256012,0.600753435256012
S1_6217930,1,6217930,0,1,0.137763122512276,0.364512849345451
S1_6220288,1,6220288,0,1,0.708317808183791,0.620816704291779
S1_6233919,1,6233919,0,1,0.274754798703674,0.360536642287843
S1_6233948,1,6233948,0,1,0.333325403864053,0.441538072674117
S1_6233953,1,6233953,0,1,0.274754798703674,0.360536642287843
S1_6234669,1,6234669,0,1,0.754609632465568,1.11685534980884
S1_6235770,1,6235770,0,1,0.387255830803931,0.167733006246839
S1_6241635,1,6241635,0,1,0.0359077084872704,0.0359077084872704
S1_6410779,1,6410779,0,1,0.0957774181382344,0.0968615574168755
S1_6412119,1,6412119,0,1,0.132018952685555,0.139358126198458
S1_6412121,1,6412121,0,1,0.251012115405411,0.0961058387504336
S1_6412130,1,6412130,0,1,0.176268879607445,0.02325046489204
S1_6412265,1,6412265,0,1,NA,NA
S1_6415309,1,6415309,0,1,0.0841177803688339,0.116147922765673
S1_6415356,1,6415356,0,1,0.323432434011379,0.454336740817618
S1_6423254,1,6423254,0,1,0.0885554734486666,0.0592551431842338
S1_6424100,1,6424100,0,1,0.175941065344912,0.172348726000074
S1_6425499,1,6425499,0,1,0.105259347349072,0.175017605085695
S1_6425509,1,6425509,0,1,0.305758834091011,0.301598155043159
S1_6429466,1,6429466,0,1,0.076977787316513,0.00904601973342146
S1_6429493,1,6429493,0,1,0.043594694407653,0.0469801281450301
S1_6431158,1,6431158,0,1,0.0659017069890585,0.0108682411323265
S1_6431197,1,6431197,0,1,0.156227753852419,0.0267772837010694
S1_6433360,1,6433360,0,1,0.354234045919262,0.385920929740144
S1_6433450,1,6433450,0,1,0.218990215724887,0.352020198921166
S1_6533533,1,6533533,0,1,0.100516875041013,0.00262536678789684
S1_6534720,1,6534720,0,1,0.767933537505633,0.475970450415539
S1_6534733,1,6534733,0,1,0.122363465985988,0.174780350635308
S1_6534759,1,6534759,0,1,0.253910382391577,0.42594226809099
S1_6534767,1,6534767,0,1,0.392859196468292,0.276272811781991
S1_6536752,1,6536752,0,1,0.507733940935355,0.0508941432139624
S1_6542353,1,6542353,0,1,0.171783415593359,0.107774746880332
S1_6546089,1,6546089,0,1,0.103117794925119,0.122225226480494
S1_6546354,1,6546354,0,1,1.34542693964189,1.34542693964189
S1_6547028,1,6547028,0,1,0.413099257210441,0.576870089362639
S1_6547347,1,6547347,0,1,0.224638805928398,0.485656943164128
S1_6549216,1,6549216,0,1,0.398075660042526,0.513294352680257
S1_6550058,1,6550058,0,1,0.0954757589359185,0.103904011224553
S1_6569363,1,6569363,0,1,0.394942651657666,0.394942651657666
S1_6784289,1,6784289,0,1,0.826627463695721,0.795032345192969
S1_6784318,1,6784318,0,1,0.232025490766099,0.0700746263956202
S1_6784324,1,6784324,0,1,0.415886778265135,0.219331113402222
S1_6784403,1,6784403,0,1,0.67410485276782,0.67410485276782
S1_6784446,1,6784446,0,1,0.524023359434176,0.702283920548307
S1_6784515,1,6784515,0,1,0.270289402502228,0.0753839263037716
S1_6784534,1,6784534,0,1,0.420878821058906,0.158546838380258
S1_6797003,1,6797003,0,1,0.60918097990734,0.786553553243478
S1_6797004,1,6797004,0,1,0.266754981403722,0.019995984480176
S1_6797017,1,6797017,0,1,0.70202889775657,0.208998831070662
S1_6797034,1,6797034,0,1,0.850551804280789,0.82399746852179
S1_6797037,1,6797037,0,1,0.830563105372951,0.797495283949493
S1_6797226,1,6797226,0,1,0.370774986643471,0.227962464750103
S1_6797243,1,6797243,0,1,0.332606402083673,0.288823155543626
S1_6808999,1,6808999,0,1,0.453707742554581,0.82691633628379
S1_6809210,1,6809210,0,1,0.668685406634343,0.941257075233731
S1_6809310,1,6809310,0,1,3.32572104640851,3.66643870108403
S1_6833038,1,6833038,0,1,0.263341713104124,0.521625684580293
S1_6833092,1,6833092,0,1,2.45926485726724,2.45926485726724
S1_6833587,1,6833587,0,1,0.173456615615069,0.390944544380863
S1_6833621,1,6833621,0,1,0.0201841317683513,0.116792300430471
S1_6836782,1,6836782,0,1,0.565065888989936,0.565065888989936
S1_6836785,1,6836785,0,1,0.355986973640714,0.355986973640714
S1_6836848,1,6836848,0,1,0.840813913850196,0.840813913850196
S1_6836856,1,6836856,0,1,0.632340548576829,0.557577940353416
S1_6837401,1,6837401,0,1,0.918592693493157,0.918592693493157
S1_6848340,1,6848340,0,1,0.0191847754621744,0.112516660852735
S1_6850821,1,6850821,0,1,0.714298205438796,1.12367790360806
S1_6850941,1,6850941,0,1,0.0785752271445337,0.187035461559176
S1_6851218,1,6851218,0,1,1.37141716816397,1.16387118384856
S1_6921534,1,6921534,0,1,0.770398956935996,1.18831623631336
S1_6921570,1,6921570,0,1,0.0318636577190313,0.152918724286715
S1_6921971,1,6921971,0,1,0.367236740896995,0.634783382497383
S1_6922176,1,6922176,0,1,1.02805071360955,1.02805071360955
S1_6922850,1,6922850,0,1,0.442587053699441,0.788114893622785
S1_6923405,1,6923405,0,1,0.151718220452094,0.389848529299683
S1_6923600,1,6923600,0,1,0.0014830759034676,0.0190316385469955
S1_6923719,1,6923719,0,1,1.8450409833497,2.24946908255485
S1_6923834,1,6923834,0,1,0.904247956873175,0.136434359756342
S1_6923837,1,6923837,0,1,0.41517381932332,0.582122327354202
S1_6925866,1,6925866,0,1,0.12039950440797,0.314109027069235
S1_6926238,1,6926238,0,1,0.541408217670588,0.826045719573411
S1_6926280,1,6926280,0,1,0.212693266595191,0.355935947180779
S1_6926541,1,6926541,0,1,1.52457056091029,2.09631968622503
S1_6926544,1,6926544,0,1,1.42295095894652,1.91339313930084
S1_6926600,1,6926600,0,1,1.11530563620359,1.11530563620359
S1_6926614,1,6926614,0,1,0.0973835254471205,0.0973835254471205
S1_6926943,1,6926943,0,1,0.0508607840331859,0.0962978380125118
S1_6926990,1,6926990,0,1,0.0112920967605424,0.0614873085851231
S1_7041676,1,7041676,0,1,0.960256495350584,1.2959123185048
S1_7041695,1,7041695,0,1,0.936510518269652,1.26417435778763
S1_7042205,1,7042205,0,1,0.983173014978151,0.983173014978151
S1_7070904,1,7070904,0,1,0.442266447635189,0.681002819170444
S1_7071217,1,7071217,0,1,0.413591413736734,0.211691915033998
S1_7071221,1,7071221,0,1,0.172877405200885,0.429504369247716
S1_7072547,1,7072547,0,1,0.307357048470728,0.153658295175935
S1_7072573,1,7072573,0,1,0.68142040944469,0.68142040944469
S1_7077207,1,7077207,0,1,0.462944180596793,0.738676790010016
S1_7077252,1,7077252,0,1,0.684536664702758,1.08259465787414
S1_7077255,1,7077255,0,1,0.481842283158396,0.81008373775033
S1_7084877,1,7084877,0,1,0.0994467522186397,0.295051470986078
S1_7084930,1,7084930,0,1,0.362660347837543,0.612374088755424
S1_7086138,1,7086138,0,1,0.110630047330379,0.1150895015118
S1_7086437,1,7086437,0,1,0.0347808272278143,0.0347808272278143
S1_7086742,1,7086742,0,1,0.045636473774619,0.18281493196636
S1_7086746,1,7086746,0,1,0.0836584287599353,0.048462959183792
S1_7086786,1,7086786,0,1,0.11899018261158,0.182672551230393
S1_7090388,1,7090388,0,1,0.601001301522741,0.929188304747646
S1_7090946,1,7090946,0,1,1.06098449824818,0.417848676409002
S1_7091205,1,7091205,0,1,0.224026512295246,0.0278078623646278
S1_7091230,1,7091230,0,1,0.180087303265625,0.255445021035096
S1_7091698,1,7091698,0,1,1.63604933757841,2.21683653813116
S1_7159611,1,7159611,0,1,0.485847671518064,0.485847671518064
S1_7161470,1,7161470,0,1,0.487658975282681,0.0684374030323996
S1_7162856,1,7162856,0,1,0.381661702590226,0.0400863419407937
S1_7162859,1,7162859,0,1,0.484332555577469,0.377203295243608
S1_7196228,1,7196228,0,1,1.81551015537404,1.81551015537404
S1_7198087,1,7198087,0,1,0.117223084270135,0.251396946162891
S1_7198138,1,7198138,0,1,0.294153239528697,0.493462127666614
S1_7198190,1,7198190,0,1,0.277150374374675,0.219423201400834
S1_7243566,1,7243566,0,1,0.0299647012476174,0.0355238259516668
S1_7299697,1,7299697,0,1,0.774290059187374,0.660459420100993
S1_7299841,1,7299841,0,1,1.59683267519322,1.74794138803814
S1_7300134,1,7300134,0,1,0.119204558290716,0.119204558290716
S1_7314236,1,7314236,0,1,0.178144221641026,0.347715533908931
S1_7342162,1,7342162,0,1,0.103101930428888,0.103101930428888
S1_7343330,1,7343330,0,1,0.200353984926081,0.161081731349512
S1_7356395,1,7356395,0,1,0.116836985045494,0.179747164613008
S1_7356398,1,7356398,0,1,1.3238049774025,1.26384016959862
S1_7356400,1,7356400,0,1,0.336991366850596,0.513018042849799
S1_7356432,1,7356432,0,1,0.115466120533914,0.331404625300691
S1_7356465,1,7356465,0,1,0.146551863335616,0.146551863335616
S1_7359842,1,7359842,0,1,0.130810911176473,0.130810911176473
S1_7359857,1,7359857,0,1,0.105209503474619,0.105209503474619
S1_7359885,1,7359885,0,1,0.0456134676980409,0.0456134676980409
S1_7360732,1,7360732,0,1,0.156432213139309,0.337171267278181
S1_7360762,1,7360762,0,1,0.724255066286329,1.16525393361507
S1_7389108,1,7389108,0,1,0.121179783206969,0.239096338419537
S1_7389130,1,7389130,0,1,0.310475599722249,0.56376138168515
S1_7389862,1,7389862,0,1,0.531820049376758,0.531820049376758
S1_7389879,1,7389879,0,1,1.83413269371759,2.29473717847288
S1_7389908,1,7389908,0,1,0.311027034235507,0.536042868814871
S1_7389915,1,7389915,0,1,0.261946045157056,0.565882646207313
S1_7389930,1,7389930,0,1,0.216559915059124,0.475301320590031
S1_7390014,1,7390014,0,1,1.44151982268832,0.551781929680379
S1_7390037,1,7390037,0,1,0.195698084148382,0.125965383776696
S1_7390282,1,7390282,0,1,1.38799733059715,1.93475138764655
S1_7390711,1,7390711,0,1,0.16329303700048,0.16329303700048
S1_7390746,1,7390746,0,1,0.0501547469707334,0.199936686073841
S1_7390769,1,7390769,0,1,0.0341956445470267,0.0482198609856379
S1_7390776,1,7390776,0,1,0.613862928276782,0.177435417930243
S1_7390836,1,7390836,0,1,1.09338309303766,0.320460493071081
S1_7391420,1,7391420,0,1,0.108704711874839,0.108704711874839
S1_7395120,1,7395120,0,1,0.255682569170371,0.553208557058237
S1_7396614,1,7396614,0,1,0.193125589967623,0.445087780373976
S1_7396645,1,7396645,0,1,0.718860285284475,0.718860285284475
S1_7396765,1,7396765,0,1,0.0813430274690921,0.22124016597888
S1_7396769,1,7396769,0,1,0.235644084059484,0.405682743161409
S1_7397614,1,7397614,0,1,1.27574793684127,1.81512156969038
S1_7397669,1,7397669,0,1,0.221203934754304,0.3152759138851
S1_7401017,1,7401017,0,1,0.658243852300996,1.03105328309845
S1_7401035,1,7401035,0,1,0.0911860641618045,0.183154836241655
S1_7401045,1,7401045,0,1,0.908170147420951,1.3492099183159
S1_7401069,1,7401069,0,1,1.0942192842487,1.53883192272038
S1_7402843,1,7402843,0,1,0.0794837388365263,0.226903077594463
S1_7457125,1,7457125,0,1,0.967398467724092,0.413833594414334
S1_7457434,1,7457434,0,1,0.343395238644949,0.288985374620808
S1_7490633,1,7490633,0,1,0.092842550711276,0.120254689269418
S1_7555731,1,7555731,0,1,0.183464808107179,0.0144794460595505
S1_7566383,1,7566383,0,1,0.543906998439952,0.931329448777305
S1_7568713,1,7568713,0,1,0.211732887444726,0.398821559400983
S1_7570394,1,7570394,0,1,0.253510510889385,0.253510510889385
S1_7597762,1,7597762,0,1,0.728297941426901,0.728297941426901
S1_7601919,1,7601919,0,1,0.811932218485282,0.65968935958256
S1_7601972,1,7601972,0,1,0.664891452058375,0.401575449896462
S1_7697135,1,7697135,0,1,0.174114885525972,0.00611399357032589
S1_7698078,1,7698078,0,1,0.343341340437502,0.0370878170607034
S1_7701322,1,7701322,0,1,0.390782505449708,0.47772716610054
S1_7701327,1,7701327,0,1,0.312134536107586,0.610999321239059
S1_7714498,1,7714498,0,1,0.420087624003314,0.00932900872455583
S1_7714552,1,7714552,0,1,0.278581353953902,0.1130158342883
S1_7860464,1,7860464,0,1,0.884158151826415,1.14586473788553
S1_7861227,1,7861227,0,1,0.278037560191755,0.149085170017537
S1_7861258,1,7861258,0,1,0.270751918706203,0.0237924269475186
S1_7864483,1,7864483,0,1,0.504881749109055,0.65915936476685
S1_7953897,1,7953897,0,1,0.266336805202267,0.000282591117745539
S1_7954744,1,7954744,0,1,0.881500308658794,1.24011082225944
S1_7968934,1,7968934,0,1,0.51141466927648,0.0835435084600718
S1_7996864,1,7996864,0,1,0.620639593095936,0.748438771792244
S1_7997767,1,7997767,0,1,0.522724762283106,0.410400078825323
S1_7997897,1,7997897,0,1,0.545573202072387,0.465419680712659
S1_7999270,1,7999270,0,1,0.658000669954715,0.658000669954715
S1_8017772,1,8017772,0,1,0.255657220061208,0.344397944991253
S1_8019576,1,8019576,0,1,0.204998750578731,0.084400794881962
S1_8019580,1,8019580,0,1,0.191179491812699,0.386525516480726
S1_8019592,1,8019592,0,1,0.295727771443587,0.216351458417264
S1_8019636,1,8019636,0,1,0.398718658818318,0.709904925219781
S1_8019638,1,8019638,0,1,0.0432912632838128,0.156694305448111
S1_8025136,1,8025136,0,1,NA,NA
S1_8028835,1,8028835,0,1,0.0949566064317343,0.129722357078074
S1_8028954,1,8028954,0,1,0.214837535197696,0.469804863829723
S1_8039099,1,8039099,0,1,NA,NA
S1_8101257,1,8101257,0,1,0.660480499567671,0.0914870116727298
S1_8101544,1,8101544,0,1,0.0178729219328438,0.0178729219328438
S1_8101580,1,8101580,0,1,0.188086344855233,0.364626127054102
S1_8113222,1,8113222,0,1,1.09895547917601,1.45669950197627
S1_8136850,1,8136850,0,1,0.13174525866255,0.0521158244328817
S1_8136851,1,8136851,0,1,0.135849904467112,0.21725482956172
S1_8136864,1,8136864,0,1,0.135849904467112,0.21725482956172
S1_8142550,1,8142550,0,1,0.395695800309969,0.673408181484805
S1_8147291,1,8147291,0,1,0.453953716448123,0.777825588326782
S1_8147670,1,8147670,0,1,0.836839960187409,0.836839960187409
S1_8147781,1,8147781,0,1,0.998399797551819,1.23395201322242
S1_8147808,1,8147808,0,1,1.14135746364451,1.1779936039318
S1_8259481,1,8259481,0,1,NA,NA
S1_8266672,1,8266672,0,1,0.388296741548468,0.570709924838272
S1_8271524,1,8271524,0,1,0.464400073839676,0.790413283333463
S1_8275124,1,8275124,0,1,0.315010569075826,0.5415189822042
S1_8275220,1,8275220,0,1,0.400011422619679,0.544852412939509
S1_8280399,1,8280399,0,1,0.589758340593122,0.589758340593122
S1_8280402,1,8280402,0,1,NA,NA
S1_8286180,1,8286180,0,1,0.0152119595380036,0.0746381900822381
S1_8286202,1,8286202,0,1,0.153395685249425,0.0969906821297093
S1_8286237,1,8286237,0,1,0.000341494523876884,0.0079335569478162
S1_8286257,1,8286257,0,1,0.154155029954493,0.0578697370953134
S1_8289456,1,8289456,0,1,0.316273475294997,0.316273475294997
S1_8289462,1,8289462,0,1,0.894003507510524,1.01218879246095
S1_8352629,1,8352629,0,1,0.358235704839681,0.0857628755597542
S1_8355740,1,8355740,0,1,0.269810644305646,0.124120497382877
S1_8447991,1,8447991,0,1,0.779306799613571,0.654396947026631
S1_8450316,1,8450316,0,1,1.50902277465383,1.65810008589433
S1_8450434,1,8450434,0,1,0.32115489850646,0.301542620191141
S1_8451871,1,8451871,0,1,0.0234449696347366,0.017850498667386
S1_8451990,1,8451990,0,1,0.002390127154733,0.0170816046702404
S1_8453955,1,8453955,0,1,0.0999390599502805,0.122058079859509
S1_8459890,1,8459890,0,1,0.494342892896678,0.46912383828338
S1_8515357,1,8515357,0,1,0.45684617495569,0.769623664731352
S1_8536723,1,8536723,0,1,1.22298186033281,1.10657273327872
S1_8536801,1,8536801,0,1,0.0785976174779261,0.229612778651279
S1_8538065,1,8538065,0,1,0.329544423631624,0.639848420860317
S1_8538275,1,8538275,0,1,1.12710520416392,1.55946529434402
S1_8540559,1,8540559,0,1,1.65525009592396,1.595406343114
S1_8540577,1,8540577,0,1,1.97667840393064,1.94421005304747
S1_8541287,1,8541287,0,1,0.0958121299698826,0.0317062323964066
S1_8557298,1,8557298,0,1,0.741331467256305,1.07269006077426
S1_8558256,1,8558256,0,1,0.841952058570133,1.30517078219484
S1_8560787,1,8560787,0,1,2.65314266570127,2.32136570950595
S1_8623262,1,8623262,0,1,0.983657488651811,1.47586957106736
S1_8623881,1,8623881,0,1,1.9438560298603,0.201892852113143
S1_8623909,1,8623909,0,1,0.26571195083644,0.542047418182901
S1_8624018,1,8624018,0,1,0.931856134525114,0.931856134525114
S1_8624022,1,8624022,0,1,0.944127911477098,0.944127911477098
S1_8625147,1,8625147,0,1,0.99986058710578,1.16173638794555
S1_8625680,1,8625680,0,1,0.713890610051848,0.537963431791059
S1_8625889,1,8625889,0,1,0.975780602457734,1.27599242676122
S1_8626069,1,8626069,0,1,0.854812601417262,1.30674805515237
S1_8628074,1,8628074,0,1,2.90268046967547,3.57719425980061
S1_8628184,1,8628184,0,1,0.645521225381823,1.06943425948341
S1_8628207,1,8628207,0,1,0.669798377047357,1.09839979729332
S1_8631667,1,8631667,0,1,0.200203275206735,0.322270959342058
S1_8631700,1,8631700,0,1,0.131407437191751,0.285174878346302
S1_8631704,1,8631704,0,1,0.0913521276524499,0.256820113614156
S1_8634520,1,8634520,0,1,0.884259887045711,1.11220296474727
S1_8635429,1,8635429,0,1,0.500616264823423,0.500616264823423
S1_8635448,1,8635448,0,1,0.347508396157413,0.347508396157413
S1_8635464,1,8635464,0,1,0.854819602997642,0.715203697372991
S1_8637190,1,8637190,0,1,0.726821778927341,1.17088318981179
S1_8637212,1,8637212,0,1,0.292572433037245,0.554537720758558
S1_8637215,1,8637215,0,1,0.0971338728507564,0.0123032569056698
S1_8657518,1,8657518,0,1,0.176312498404754,0.411645485716638
S1_8657552,1,8657552,0,1,0.284670300494162,0.284670300494162
S1_8657590,1,8657590,0,1,0.0231807617786786,0.0533404225197882
S1_8741661,1,8741661,0,1,0.0399355735437369,0.0161165171410801
S1_8741704,1,8741704,0,1,0.883511302855763,0.883511302855763
S1_8760499,1,8760499,0,1,0.324574931902978,0.364588629501584
S1_8820950,1,8820950,0,1,0.389218691715083,0.389218691715083
S1_8821698,1,8821698,0,1,1.03173986981352,1.27791812072561
S1_8882584,1,8882584,0,1,0.165933231361902,0.346300126210021
S1_8884807,1,8884807,0,1,0.0472072368491431,0.0473236648665613
S1_8885156,1,8885156,0,1,0.544713564049279,0.745553918910561
S1_8932257,1,8932257,0,1,0.295630151838603,0.095445629856801
S1_8944033,1,8944033,0,1,0.00769415681142896,0.00769415681142896
S1_8945297,1,8945297,0,1,0.604938516039862,0.913692654483577
S1_8945309,1,8945309,0,1,0.512355114457985,0.88259773382769
S1_8945773,1,8945773,0,1,0.588111479896865,0.841212035556776
S1_8945817,1,8945817,0,1,0.123182958780636,0.341115504980556
S1_8945944,1,8945944,0,1,1.15154446800008,1.60910288982865
S1_8972413,1,8972413,0,1,0.183246508862689,0.108676545860734
S1_8972453,1,8972453,0,1,0.367325214918284,0.520017472615066
S1_8972465,1,8972465,0,1,0.331072668176478,0.159615023362605
S1_8972488,1,8972488,0,1,0.218698570485593,0.0908649594630563
S1_8975812,1,8975812,0,1,0.411618509672696,0.637509827874663
S1_8975828,1,8975828,0,1,1.1114985517212,0.709260629615622
S1_8975838,1,8975838,0,1,0.101067652659709,0.210920497442945
S1_8975847,1,8975847,0,1,0.173019924103893,0.18398346109191
S1_9048360,1,9048360,0,1,0.0593258237981489,0.0326772955217259
S1_9048409,1,9048409,0,1,0.757923937904037,0.404415168297709
S1_9048458,1,9048458,0,1,0.130417063132661,0.174867116724232
S1_9048546,1,9048546,0,1,0.134825223881108,0.199110642037179
S1_9058898,1,9058898,0,1,0.34277235815193,0.659505764861843
S1_9058931,1,9058931,0,1,1.14751856059294,1.61816896102428
S1_9059876,1,9059876,0,1,0.525034454954478,0.101925201673734
S1_9123405,1,9123405,0,1,0.09072893047434,0.208634367096378
S1_9123511,1,9123511,0,1,1.10923943812116,0.605599099640347
S1_9124278,1,9124278,0,1,0.0528506281544001,0.00738375536951015
S1_9125105,1,9125105,0,1,3.00493528155321,3.68228797657924
S1_9125108,1,9125108,0,1,2.67709344175946,3.33631079099186
S1_9125134,1,9125134,0,1,3.16085614541652,3.75162014633789
S1_9125293,1,9125293,0,1,0.548195551779344,0.384142657346864
S1_9125300,1,9125300,0,1,0.461136925709982,0.259193264448416
S1_9168525,1,9168525,0,1,0.00425504197993652,0.039568632892814
S1_9191913,1,9191913,0,1,0.344756436405029,0.0285717050317498
S1_9191955,1,9191955,0,1,0.562462778104817,0.491989411272635
S1_9192017,1,9192017,0,1,0.0417451004338927,0.0417451004338927
S1_9215975,1,9215975,0,1,0.696692389286086,0.640854247099636
S1_9215990,1,9215990,0,1,0.617202705367637,0.0426137506124735
S1_9215997,1,9215997,0,1,0.116033535627704,0.116033535627704
S1_9215999,1,9215999,0,1,0.0974603959860963,0.0974603959860963
S1_9216068,1,9216068,0,1,0.943203255536257,0.63892435758324
S1_9216242,1,9216242,0,1,0.114856055619736,0.276796749894673
S1_9217025,1,9217025,0,1,0.111404066774707,0.323450343868486
S1_9217135,1,9217135,0,1,0.00160156576166016,0.0177240977684267
S1_9227271,1,9227271,0,1,0.803132554222047,0.67631129092476
S1_9227278,1,9227278,0,1,0.62803311030743,0.432273036670181
S1_9227743,1,9227743,0,1,0.684293620700837,0.748773651338958
S1_9234436,1,9234436,0,1,0.0676034745011382,0.179633067605143
S1_9301439,1,9301439,0,1,0.521371141424813,0.0968622786460936
S1_9301455,1,9301455,0,1,0.48807896403134,0.513049524007884
S1_9301553,1,9301553,0,1,1.12475143596149,1.1045129252668
S1_9304416,1,9304416,0,1,0.529225471237406,0.850385568227234
S1_9305075,1,9305075,0,1,0.47164266233944,0.221227234147741
S1_9310974,1,9310974,0,1,0.204324286685167,0.0691589472171736
S1_9355044,1,9355044,0,1,0.150035058043053,0.235116995909679
S1_9355252,1,9355252,0,1,0.0849807814317353,0.178633972630218
S1_9356011,1,9356011,0,1,0.0212821326059259,0.017025498717649
S1_9361605,1,9361605,0,1,0.206275553104181,0.479179662893809
S1_9365143,1,9365143,0,1,0.19809089817949,0.459243353866153
S1_9395112,1,9395112,0,1,0.61937405541708,0.61937405541708
S1_9395132,1,9395132,0,1,0.184337072874096,0.282427286139282
S1_9396240,1,9396240,0,1,1.27344581083824,1.30960101427861
S1_9396302,1,9396302,0,1,0.00344454484245944,0.00344454484245944
S1_9396313,1,9396313,0,1,0.873570373964332,1.25232936071954
S1_9396331,1,9396331,0,1,0.703033925360246,1.14169856952868
S1_9396507,1,9396507,0,1,0.054794530282352,0.054794530282352
S1_9396534,1,9396534,0,1,0.646783443384561,0.557993844451947
S1_9397239,1,9397239,0,1,0.241008729498072,0.520052070905512
S1_9398379,1,9398379,0,1,0.65303822209032,1.08063096384264
S1_9398433,1,9398433,0,1,0.443729065939216,0.438249257197321
S1_9398484,1,9398484,0,1,0.106260836558742,0.106260836558742
S1_9398721,1,9398721,0,1,0.159852582726654,0.282118977994638
S1_9432380,1,9432380,0,1,0.17075914025018,0.285111190584131
S1_9437106,1,9437106,0,1,0.00702100260677018,0.0622462259793429
S1_9437174,1,9437174,0,1,1.1580816630739,1.33710183559394
S1_9437184,1,9437184,0,1,0.623492644110969,1.03524167642466
S1_9437331,1,9437331,0,1,0.822881105090869,1.28565446348743
S1_9499458,1,9499458,0,1,0.284096506307008,0.440850212690819
S1_9500033,1,9500033,0,1,0.829024277006463,0.786065752774397
S1_9539632,1,9539632,0,1,0.282311382705795,0.492236581325762
S1_9543831,1,9543831,0,1,1.10768815051923,0.977432632457025
S1_9580616,1,9580616,0,1,4.46015659173247,5.16911048314681
S1_9580618,1,9580618,0,1,0.034566813357389,0.153715201758233
S1_9581059,1,9581059,0,1,0.317686199519851,0.317686199519851
S1_9581609,1,9581609,0,1,2.25630193245975,2.84820727957046
S1_9581620,1,9581620,0,1,1.72631779359533,2.24319650755541
S1_9582437,1,9582437,0,1,1.64727680370979,2.09501377558452
S1_9664765,1,9664765,0,1,0.774593089690892,0.602319239769307
S1_9664956,1,9664956,0,1,0.312175854684272,0.338643971241737
S1_9664978,1,9664978,0,1,0.125383498894023,0.314837630008312
S1_9807822,1,9807822,0,1,0.440965190279328,0.40757478697485
S1_9808738,1,9808738,0,1,0.217654658690731,0.0669389855901242
S1_9809637,1,9809637,0,1,0.264726689160999,0.540087555093454
S1_9812096,1,9812096,0,1,0.72367345289603,0.515869430408677
S1_9912274,1,9912274,0,1,0.377324707487763,0.293429340191203
S1_9912394,1,9912394,0,1,0.942347395726172,0.89429761208429
S1_9912574,1,9912574,0,1,0.584079364283921,0.584079364283921
S1_9912577,1,9912577,0,1,0.825150856357702,1.0898622306384
S1_9956368,1,9956368,0,1,0.127877878510186,0.0140497770401959
S1_9956400,1,9956400,0,1,0.0514562608547601,0.105929478609111
S1_9956452,1,9956452,0,1,0.335564775941815,0.323365674726751
S1_9957099,1,9957099,0,1,0.337021007189025,0.370850312837989
S1_9958172,1,9958172,0,1,0.306986239651426,0.487575350152384
S1_9958263,1,9958263,0,1,0.0881273088054878,0.279761181948061
S1_9958317,1,9958317,0,1,0.77049496192519,1.21841590514779
S1_9958356,1,9958356,0,1,0.391893933112233,0.213681470757287
S1_9992370,1,9992370,0,1,0.402423371887687,0.567694542007917
S1_9992416,1,9992416,0,1,0.175858105892058,0.0262205098330033
S1_10022166,1,10022166,0,1,0.0521465215000677,0.0363006888190082
S1_10033529,1,10033529,0,1,0.545532603895824,0.15710953222074
S1_10036867,1,10036867,0,1,1.00975930897642,1.25386713783913
S1_10036994,1,10036994,0,1,0.0741284020243459,0.170460697602656
S1_10096183,1,10096183,0,1,0.688939684765535,0.679321253067409
S1_10096289,1,10096289,0,1,0.263808311116464,0.126031210678485
S1_10222534,1,10222534,0,1,0.520076061432674,0.252764748025833
S1_10222600,1,10222600,0,1,0.192556852153873,0.233748038031069
S1_10396079,1,10396079,0,1,0.395476969834221,0.454467337423618
S1_10436215,1,10436215,0,1,0.0777786047644605,0.260129020908085
S1_10436415,1,10436415,0,1,0.271627160029938,0.0149016556903036
S1_10511337,1,10511337,0,1,0.121021216618317,0.268498528747473
S1_10511338,1,10511338,0,1,0.0122429194095547,0.0578050852294438
S1_10511529,1,10511529,0,1,0.279057177451465,0.279057177451465
S1_10511535,1,10511535,0,1,0.116744083388999,0.116744083388999
S1_10511538,1,10511538,0,1,0.146950897635204,0.146950897635204
S1_10512642,1,10512642,0,1,0.096471372300531,0.096471372300531
S1_10534245,1,10534245,0,1,0.321797581072099,0.271882534406591
S1_10534271,1,10534271,0,1,0.307359791925048,0.232810697264777
S1_10538188,1,10538188,0,1,0.696302049720934,0.696302049720934
S1_10538194,1,10538194,0,1,0.696302049720934,0.696302049720934
S1_10538299,1,10538299,0,1,0.0664425847431996,0.0664425847431996
S1_10582770,1,10582770,0,1,0.532998039910396,0.0159968028906247
S1_10582838,1,10582838,0,1,NA,NA
S1_10584063,1,10584063,0,1,0.652963184379246,0.577402201740961
S1_10584085,1,10584085,0,1,0.489001181713232,0.23462333666424
S1_10584576,1,10584576,0,1,NA,NA
S1_10665951,1,10665951,0,1,0.274418809088405,0.244458754863648
S1_10665964,1,10665964,0,1,0.24303015025727,0.324015759012757
S1_10694531,1,10694531,0,1,0.589342457034107,0.691865680799146
S1_10695478,1,10695478,0,1,0.0545863522655652,0.189819621546476
S1_10695479,1,10695479,0,1,0.514942509783085,0.147370675842271
S1_10820600,1,10820600,0,1,0.50606034607215,0.50606034607215
S1_10821108,1,10821108,0,1,0.309825482348331,0.161889153734879
S1_10821114,1,10821114,0,1,0.951894699645518,0.104682093134825
S1_10821380,1,10821380,0,1,0.676721333672849,0.676721333672849
S1_10821401,1,10821401,0,1,0.676721333672849,0.676721333672849
S1_10821406,1,10821406,0,1,1.34482802321571,1.34482802321571
S1_10826196,1,10826196,0,1,0.643195046829126,0.440622015971813
S1_10826220,1,10826220,0,1,0.383187744700732,0.0536468164791897
S1_10826256,1,10826256,0,1,0.825378528756736,0.236495002975189
S1_10826688,1,10826688,0,1,0.17055810801537,0.146815085481822
S1_10826945,1,10826945,0,1,0.267852341868278,0.30742764024982
S1_10827014,1,10827014,0,1,0.11607390757287,0.0668610096894018
S1_10827020,1,10827020,0,1,0.259882440555604,0.0679515857119422
S1_10827206,1,10827206,0,1,0.175220530026867,0.0974586661848218
S1_10827989,1,10827989,0,1,0.439317742586353,0.809986262188346
S1_10844906,1,10844906,0,1,0.364853695474493,0.349282424396756
S1_10844935,1,10844935,0,1,0.185208209132347,0.118097796960341
S1_10844936,1,10844936,0,1,0.187188616558458,0.130164443996358
S1_10844950,1,10844950,0,1,0.332901510291301,0.0276085974230482
S1_10877061,1,10877061,0,1,0.3144072142512,0.639889533347681
S1_10877071,1,10877071,0,1,1.18142408551537,1.18142408551537
S1_10899900,1,10899900,0,1,0.198732291002908,0.313441756462795
S1_10901846,1,10901846,0,1,1.10758819810709,1.56678013025935
S1_10901853,1,10901853,0,1,0.00355644367650905,0.00355644367650905
S1_10901855,1,10901855,0,1,0.0662310261383232,0.0662310261383232
S1_10960784,1,10960784,0,1,1.2355010168136,1.70490423622429
S1_10960811,1,10960811,0,1,2.27683784725323,2.76780063355929
S1_10960822,1,10960822,0,1,0.188693502236772,0.0566929942733352
S1_10960930,1,10960930,0,1,0.408216689861227,0.76063168228505
S1_10960931,1,10960931,0,1,1.22374176872193,1.22374176872193
S1_10960976,1,10960976,0,1,1.59449686933971,0.0702041609722359
S1_10961093,1,10961093,0,1,0.49178398374638,0.827360162162476
S1_10963163,1,10963163,0,1,0.320278552960355,0.320278552960355
S1_10963206,1,10963206,0,1,0.77215572752928,0.669484284000653
S1_10967130,1,10967130,0,1,1.68212987251759,2.24254797552721
S1_10969539,1,10969539,0,1,0.327216981605215,0.594745395787777
S1_10969550,1,10969550,0,1,0.300654488627285,0.300654488627285
S1_10970028,1,10970028,0,1,0.587092192579366,0.982639272922251
S1_10970076,1,10970076,0,1,0.065141462979044,0.130123838448879
S1_10970485,1,10970485,0,1,0.654112149439013,1.0839897351817
S1_10974211,1,10974211,0,1,0.375518765877712,0.670107856316927
S1_10975104,1,10975104,0,1,0.0194032259749381,0.0337472570639662
S1_10976762,1,10976762,0,1,0.331706701106726,0.519506432728528
S1_10978001,1,10978001,0,1,1.26683102989192,1.26683102989192
S1_10978004,1,10978004,0,1,1.65515259418898,1.65515259418898
S1_10978348,1,10978348,0,1,0.0306625766648702,0.0297425369951523
S1_10978368,1,10978368,0,1,0.0031800451663168,0.0333465671325973
S1_10978371,1,10978371,0,1,0.0782629635519941,0.0605788683645338
S1_10978457,1,10978457,0,1,0.305250718836251,0.227877891857091
S1_10978475,1,10978475,0,1,0.0899850906699683,0.123297034573378
S1_10982521,1,10982521,0,1,1.06813974623341,1.48435703990946
S1_10982640,1,10982640,0,1,1.23685105027723,1.5158248782382
S1_10982665,1,10982665,0,1,0.0359573179084332,0.0359573179084332
S1_10995384,1,10995384,0,1,1.71027756930447,2.27483785136601
S1_10995509,1,10995509,0,1,2.5675230605188,3.16168718339683
S1_11109597,1,11109597,0,1,0.660055049908209,1.07650899734138
S1_11112751,1,11112751,0,1,0.269509413536066,0.269509413536066
S1_11170650,1,11170650,0,1,0.028089569552695,0.100746426997743
S1_11242832,1,11242832,0,1,2.67133963403454,2.57459992165473
S1_11300916,1,11300916,0,1,0.0111637770512938,0.055160601428075
S1_11300964,1,11300964,0,1,0.0399904695486898,0.156630086188545
S1_11392132,1,11392132,0,1,0.669465712173951,0.831016547549635
S1_11392201,1,11392201,0,1,0.100568829335866,0.100568829335866
S1_11401914,1,11401914,0,1,1.24090528852811,1.69540294217693
S1_11401919,1,11401919,0,1,0.343612586695193,0.635130516127316
S1_11401961,1,11401961,0,1,1.68893585505891,2.21014086146624
S1_11475994,1,11475994,0,1,0.317791230187281,0.593380272527922
S1_11476389,1,11476389,0,1,0.325881176999552,0.172234052233695
S1_11476408,1,11476408,0,1,0.33164290919817,0.645668855542977
S1_11476884,1,11476884,0,1,0.118446987018935,0.296796399766309
S1_11486971,1,11486971,0,1,0.29849571498633,0.29849571498633
S1_11531904,1,11531904,0,1,0.194310222529462,0.184754162582137
S1_11533071,1,11533071,0,1,0.413781941249143,0.68839461133719
S1_11761013,1,11761013,0,1,0.670964919398683,0.648925777191278
S1_11761595,1,11761595,0,1,1.58697679106119,1.45051062201464
S1_11793062,1,11793062,0,1,0.732984273186353,1.15726809408426
S1_11850795,1,11850795,0,1,0.167059327277944,0.167059327277944
S1_11850801,1,11850801,0,1,0.202235838441909,0.202235838441909
S1_11851246,1,11851246,0,1,0.0890021187095839,0.230776198249924
S1_11910860,1,11910860,0,1,1.93737672350219,0.517091349779193
S1_11910920,1,11910920,0,1,0.599706813808033,0.953791987927377
S1_11910984,1,11910984,0,1,1.28990947157647,0.917595849263959
S1_11911006,1,11911006,0,1,0.175957521878819,0.1492091349451
S1_11944222,1,11944222,0,1,0.25260315650619,0.290967961117977
S1_11944235,1,11944235,0,1,0.474999730395779,0.248741760012589
S1_11944300,1,11944300,0,1,0.184642416936692,0.361459359839759
S1_11944303,1,11944303,0,1,1.52782024570818,0.410733217126956
S1_11946952,1,11946952,0,1,0.206747154729805,0.206747154729805
S1_11946976,1,11946976,0,1,1.12282351107177,1.12282351107177
S1_11947024,1,11947024,0,1,0.361830180754038,0.361830180754038
S1_11949055,1,11949055,0,1,1.90435794430598,2.48729760100634
S1_11949092,1,11949092,0,1,1.7887456954452,2.37419063640496
S1_11949112,1,11949112,0,1,0.538894333635512,0.682501715265123
S1_11951944,1,11951944,0,1,0.337680295831899,0.485255281296305
S1_11952220,1,11952220,0,1,0.647213653194755,1.03796847186209
S1_11954998,1,11954998,0,1,1.07161419587786,1.07161419587786
S1_11955001,1,11955001,0,1,0.623237247760147,0.623237247760147
S1_11985160,1,11985160,0,1,0.691397834424437,1.1194266883399
S1_11985198,1,11985198,0,1,2.21753006619355,2.35752334391012
S1_11985267,1,11985267,0,1,0.666583442580768,0.0537549448640758
S1_11987873,1,11987873,0,1,0.48028883979354,0.809717126389818
S1_11991378,1,11991378,0,1,0.364821592912137,0.544708464874292
S1_11991391,1,11991391,0,1,0.313014917859266,0.479472053414438
S1_11991401,1,11991401,0,1,0.168750639764624,0.236330420878842
S1_11993149,1,11993149,0,1,2.23392362409018,2.62991855591162
S1_11993212,1,11993212,0,1,2.27571263518753,2.91988933971206
S1_12098994,1,12098994,0,1,2.67178962298572,3.00989359925747
S1_12105651,1,12105651,0,1,0.620301108883324,1.0140719410796
S1_12105678,1,12105678,0,1,0.542088170630861,0.542088170630861
S1_12108430,1,12108430,0,1,0.436925811112006,0.627280774509684
S1_12108465,1,12108465,0,1,0.378098252834235,0.337307158594718
S1_12140798,1,12140798,0,1,0.0627935792558085,0.0627935792558085
S1_12146738,1,12146738,0,1,3.14086439303054,3.55421384337293
S1_12150755,1,12150755,0,1,1.46701350366888,1.82850748376267
S1_12150773,1,12150773,0,1,0.00691354030004114,0.0164258574002901
S1_12150787,1,12150787,0,1,0.0868794846302315,0.0963331168324567
S1_12150817,1,12150817,0,1,1.30214975441211,1.81657875071042
S1_12151726,1,12151726,0,1,0.233886266818238,0.187193752585979
S1_12152697,1,12152697,0,1,0.0625754250318693,0.222980213744491
S1_12165899,1,12165899,0,1,0.674319830710649,0.809189743493757
S1_12166014,1,12166014,0,1,2.19100514067483,2.19100514067483
S1_12166037,1,12166037,0,1,0.648658732534277,0.648658732534277
S1_12166164,1,12166164,0,1,0.469507308997086,0.679792826611946
S1_12166192,1,12166192,0,1,0.593839828953425,0.852457401899866
S1_12166782,1,12166782,0,1,0.0171345136333447,0.0253696062433109
S1_12169512,1,12169512,0,1,1.28053933245322,1.70990057449463
S1_12169688,1,12169688,0,1,0.103120587285115,0.123455583544153
S1_12169701,1,12169701,0,1,0.39897922733709,0.39897922733709
S1_12169708,1,12169708,0,1,0.905138955263527,1.35671239722632
S1_12169729,1,12169729,0,1,1.12783931229119,0.424384637642351
S1_12170228,1,12170228,0,1,0.267869946500683,0.519832063080914
S1_12170532,1,12170532,0,1,0.115667488745354,0.332319565053932
S1_12170559,1,12170559,0,1,0.142998614966156,0.341959973654436
S1_12170631,1,12170631,0,1,0.216236528434946,0.204327459434974
S1_12170652,1,12170652,0,1,1.15592920639595,1.61537647089037
S1_12170655,1,12170655,0,1,0.360218865412402,0.61988909980589
S1_12170666,1,12170666,0,1,1.0832280744283,1.3455852289463
S1_12170706,1,12170706,0,1,0.597173270916395,0.597173270916395
S1_12171556,1,12171556,0,1,0.411626322263284,0.0594584161974653
S1_12171782,1,12171782,0,1,0.240099621357788,0.240099621357788
S1_12176349,1,12176349,0,1,0.225213879480371,0.443142412374308
S1_12180323,1,12180323,0,1,0.0155912793015689,0.0155912793015689
S1_12181182,1,12181182,0,1,0.0795465626197275,0.167850841619902
S1_12181197,1,12181197,0,1,0.0256349720496292,0.0632990038368697
S1_12209889,1,12209889,0,1,1.77918661700599,2.17741758944122
S1_12209953,1,12209953,0,1,0.245083861412336,0.53395358896954
S1_12209994,1,12209994,0,1,0.830955975051948,1.29813459648253
S1_12211626,1,12211626,0,1,0.294203651744652,0.292311327002853
S1_12244153,1,12244153,0,1,1.36342003744718,1.49606338495593
S1_12248928,1,12248928,0,1,0.316450102699264,0.0101945666965587
S1_12250145,1,12250145,0,1,1.57018748704432,1.61174735789375
S1_12254572,1,12254572,0,1,0.407156763533634,0.334062997785413
S1_12256156,1,12256156,0,1,0.890140985120996,0.727212454919907
S1_12256391,1,12256391,0,1,1.48540236022843,1.65421916698995
S1_12256394,1,12256394,0,1,0.148512676720032,0.00967860376990106
S1_12256407,1,12256407,0,1,0.883085546324124,1.28150312958875
S1_12256417,1,12256417,0,1,0.769227427788686,1.2194413910169
S1_12256442,1,12256442,0,1,0.362869975266291,0.244128960755688
S1_12309403,1,12309403,0,1,0.482713229645071,0.212525423107807
S1_12309645,1,12309645,0,1,0.300742036002364,0.18631496200586
S1_12309647,1,12309647,0,1,1.21126154579736,1.7409923941697
S1_12311550,1,12311550,0,1,0.310092957491453,0.310092957491453
S1_12311559,1,12311559,0,1,0.556836208223203,0.768211894184682
S1_12311599,1,12311599,0,1,2.11877304305238,2.65180672998047
S1_12312232,1,12312232,0,1,0.0831559050185488,0.0831559050185488
S1_12312258,1,12312258,0,1,0.18505901631046,0.18505901631046
S1_12312300,1,12312300,0,1,0.441124604719326,0.75325576474525
S1_12338383,1,12338383,0,1,0.0746378384493344,0.121924344869844
S1_12344369,1,12344369,0,1,0.217103787446532,0.472930058897419
S1_12344374,1,12344374,0,1,0.497023136920082,0.863365934439654
S1_12344441,1,12344441,0,1,0.673933190388963,1.09925411269876
S1_12344442,1,12344442,0,1,0.876001330986151,0.876001330986151
S1_12344494,1,12344494,0,1,0.185168149665577,0.436191384386759
S1_12352857,1,12352857,0,1,0.872092128942128,0.872092128942128
S1_12356603,1,12356603,0,1,0.428690074279254,0.733290196932347
S1_12356699,1,12356699,0,1,0.38856356819662,0.674343877357972
S1_12357413,1,12357413,0,1,0.133757422918258,0.315614162204545
S1_12357418,1,12357418,0,1,1.76073778302327,1.76073778302327
S1_12397285,1,12397285,0,1,1.28743912223994,1.28743912223994
S1_12397306,1,12397306,0,1,0.188036112599935,0.188036112599935
S1_12397420,1,12397420,0,1,1.32472774949883,1.76754244150137
S1_12463670,1,12463670,0,1,0.183052719247659,0.0642424325609105
S1_12463671,1,12463671,0,1,0.176026188103641,0.176026188103641
S1_12481583,1,12481583,0,1,0.546775750483431,0.940862885594133
S1_12486888,1,12486888,0,1,0.231839334439439,0.514055344731473
S1_12486897,1,12486897,0,1,0.455922053734079,0.827068437863559
S1_12498445,1,12498445,0,1,0.506277012304222,0.832479797232919
S1_12498941,1,12498941,0,1,0.414929193763559,0.722665060598327
S1_12499215,1,12499215,0,1,0.032150271311925,0.131965498081599
S1_12514012,1,12514012,0,1,0.605417112251724,0.580484940088206
S1_12516926,1,12516926,0,1,0.327611546414257,0.350013997186506
S1_12516952,1,12516952,0,1,0.0258234231224362,0.0421663347192453
S1_12516963,1,12516963,0,1,1.09519119138198,0.932915378996132
S1_12519269,1,12519269,0,1,1.09998671338707,1.59941767278552
S1_12519306,1,12519306,0,1,0.659659640131671,1.07753200254024
S1_12519419,1,12519419,0,1,0.28577970453554,0.57393534816594
S1_12519943,1,12519943,0,1,0.224816736900922,0.471208341992149
S1_12519978,1,12519978,0,1,0.261065821658538,0.552224647304749
S1_12520305,1,12520305,0,1,0.211260740581739,0.183985694448171
S1_12521405,1,12521405,0,1,1.23371834504802,0.988376915257546
S1_12521493,1,12521493,0,1,0.805989247303288,0.861491711427278
S1_12521523,1,12521523,0,1,1.01908758976888,1.24933724104702
S1_12521525,1,12521525,0,1,0.124619815359076,0.330383214145497
S1_12521832,1,12521832,0,1,0.599634837528366,0.599634837528366
S1_12595466,1,12595466,0,1,0.264119608070283,0.55701176118434
S1_12661235,1,12661235,0,1,0.103671925074074,0.163997430961392
S1_12661285,1,12661285,0,1,0.0309511693746996,0.150601075006311
S1_12663023,1,12663023,0,1,0.51373194442343,0.630143061873964
S1_12663162,1,12663162,0,1,0.769764752380005,0.85024278593202
S1_12663168,1,12663168,0,1,0.0532179966151259,0.199252414692886
S1_12727297,1,12727297,0,1,0.682343871600318,1.09559864993056
S1_12727343,1,12727343,0,1,0.116069248167162,0.302602134235108
S1_12813415,1,12813415,0,1,0.62343940061822,0.670390394747539
S1_12815154,1,12815154,0,1,0.0429206410643366,0.0429206410643366
S1_12816873,1,12816873,0,1,0.471836163733751,0.752939186873997
S1_12816919,1,12816919,0,1,0.044607555856286,0.166165248861452
S1_12822585,1,12822585,0,1,0.127599012274872,0.343905216887233
S1_12822598,1,12822598,0,1,0.302493070292017,0.302493070292017
S1_12823109,1,12823109,0,1,0.136222255602873,0.22821726080094
S1_12823154,1,12823154,0,1,0.63089378178078,0.959409890710821
S1_12823170,1,12823170,0,1,0.934593531255341,1.42073183782674
S1_12851180,1,12851180,0,1,0.0792440857993769,0.033818918066684
S1_12852276,1,12852276,0,1,1.7869307871413,2.07286926054418
S1_12852278,1,12852278,0,1,1.19383925722877,0.212078131336378
S1_12852731,1,12852731,0,1,0.0225874716025488,0.0481465871848048
S1_12852755,1,12852755,0,1,0.221500168915391,0.171854760184706
S1_12852758,1,12852758,0,1,0.0964331584018999,0.280300431695316
S1_12852920,1,12852920,0,1,0.416524063752991,0.775537655253995
S1_12852944,1,12852944,0,1,0.192492006566943,0.308302492389499
S1_12855584,1,12855584,0,1,0.153219090631883,0.397267444121727
S1_12872553,1,12872553,0,1,0.311390922535402,0.25897813970731
S1_12872600,1,12872600,0,1,0.592909610599123,0.00101385988016632
S1_12875416,1,12875416,0,1,NA,NA
S1_12875418,1,12875418,0,1,0.293224172671609,0.293224172671609
S1_12875419,1,12875419,0,1,0.00700467076512097,0.00700467076512097
S1_12944898,1,12944898,0,1,0.0609959862519517,0.0485023321236463
S1_12946091,1,12946091,0,1,0.524482223137788,0.921150676112598
S1_12946102,1,12946102,0,1,0.592465092548702,1.00637869585413
S1_12946103,1,12946103,0,1,0.677666044210684,1.11229241795449
S1_12946667,1,12946667,0,1,0.340600411599692,0.229024190147981
S1_12977193,1,12977193,0,1,0.0393650466490214,0.138157506967036
S1_12977554,1,12977554,0,1,0.0626428230994498,0.158769340204155
S1_12977573,1,12977573,0,1,0.0482822513646327,0.11434441092391
S1_12986323,1,12986323,0,1,0.427295994644376,0.794688970087069
S1_12986366,1,12986366,0,1,0.295594350982797,0.578440694113498
S1_12987318,1,12987318,0,1,0.055143301766865,0.143074312981442
S1_12990895,1,12990895,0,1,0.831470577499965,1.2943297528981
S1_12990913,1,12990913,0,1,0.381805554458221,0.697208304769831
S1_13058777,1,13058777,0,1,0.107102457135738,0.139252241626308
S1_13093954,1,13093954,0,1,0.695414518663766,1.01510227864221
S1_13093972,1,13093972,0,1,2.02873974863303,2.35421552478641
S1_13358850,1,13358850,0,1,NA,NA
S1_13471041,1,13471041,0,1,0.146082327576731,0.330524927767498
S1_13539803,1,13539803,0,1,0.722840048511387,0.60719918106269
S1_13559594,1,13559594,0,1,0.222423911807505,0.0831891127713551
S1_13586812,1,13586812,0,1,0.196628604553309,0.375201627931095
S1_13595453,1,13595453,0,1,0.235813549346079,0.185590717283463
S1_13605011,1,13605011,0,1,0.46132767880129,0.46132767880129
S1_13643091,1,13643091,0,1,0.0522195145011902,0.0412112448382473
S1_13643385,1,13643385,0,1,0.276219097551107,0.276219097551107
S1_13643850,1,13643850,0,1,0.276506417008753,0.429830799030751
S1_13645494,1,13645494,0,1,0.288128912139769,0.0733954210899028
S1_13645498,1,13645498,0,1,0.223617363941825,0.41924458779026
S1_13647501,1,13647501,0,1,0.0680700971520124,0.195516581474214
S1_13647504,1,13647504,0,1,0.431671955837244,0.761246039979228
S1_13684484,1,13684484,0,1,0.623464702875805,0.623464702875805
S1_13685586,1,13685586,0,1,0.590885681336524,0.701001079143775
S1_13689581,1,13689581,0,1,NA,NA
S1_13689603,1,13689603,0,1,0.00733813543358125,0.0351967068403521
S1_13689631,1,13689631,0,1,0.0070297061590365,0.0653883256648427
S1_13740527,1,13740527,0,1,0.32568030308887,0.365948925699876
S1_13740563,1,13740563,0,1,0.286362153414699,0.0983744021767708
S1_13805103,1,13805103,0,1,0.0760004421775502,0.252679903562898
S1_13991416,1,13991416,0,1,0.621071226847336,0.0739894427097025
S1_13991719,1,13991719,0,1,0.314143710743497,0.554422229712256
S1_13993244,1,13993244,0,1,0.324642469209,0.324642469209
S1_14031653,1,14031653,0,1,0.756021208985626,0.737414553467922
S1_14032166,1,14032166,0,1,0.6333826451543,0.0572993740769467
S1_14032198,1,14032198,0,1,0.324349277613696,0.160932462313998
S1_14033143,1,14033143,0,1,0.278777041301383,0.0276937527684129
S1_14033153,1,14033153,0,1,0.375240686684386,0.32368059964657
S1_14033579,1,14033579,0,1,0.309794148973634,0.0634389627754757
S1_14033696,1,14033696,0,1,0.854232199295658,0.00576455427023937
S1_14037136,1,14037136,0,1,0.0142125721495203,0.0517919132020876
S1_14037148,1,14037148,0,1,0.104369258683629,0.259098860854923
S1_14039354,1,14039354,0,1,0.416102356307985,0.123425145584749
S1_14039366,1,14039366,0,1,0.252752591694374,0.0208708847933794
S1_14095135,1,14095135,0,1,0.308563456405012,0.341226069860185
S1_14095152,1,14095152,0,1,0.466617717733305,0.825161184009821
S1_14102143,1,14102143,0,1,0.268638026753217,0.104377485105382
S1_14102163,1,14102163,0,1,0.271867621770962,0.0204025445831083
S1_14103918,1,14103918,0,1,0.88613399741733,0.462730850082831
S1_14104110,1,14104110,0,1,0.353772842107938,0.0662999394054325
S1_14164353,1,14164353,0,1,0.452608576122937,0.27114505372261
S1_14164358,1,14164358,0,1,0.487366107131539,0.335074941438649
S1_14165558,1,14165558,0,1,0.327135254330853,0.318489410727528
S1_14165676,1,14165676,0,1,0.365730513443069,0.365730513443069
S1_14165816,1,14165816,0,1,0.132522268718453,0.132522268718453
S1_14165852,1,14165852,0,1,0.0175974930594828,0.0734386858685275
S1_14165899,1,14165899,0,1,0.0312263117791705,0.111548863674357
S1_14165900,1,14165900,0,1,0.6443715011152,0.847948658947189
S1_14165903,1,14165903,0,1,0.836747751321501,1.04799728651648
S1_14165917,1,14165917,0,1,0.0318975662959052,0.150048587320904
S1_14165938,1,14165938,0,1,0.406434608961219,0.271916887101216
S1_14166030,1,14166030,0,1,0.850357070656185,1.32180935531387
S1_14166639,1,14166639,0,1,0.139327551307595,0.135388507365691
S1_14169005,1,14169005,0,1,0.807611875517098,0.107964776491302
S1_14385537,1,14385537,0,1,0.431292270712272,0.538704116648652
S1_14385598,1,14385598,0,1,0.433577066711353,0.447367241310571
S1_14449070,1,14449070,0,1,0.565653785136704,0.865330445711671
S1_14449198,1,14449198,0,1,0.806868714690338,0.583066123624414
S1_14449371,1,14449371,0,1,0.00700301244817124,0.034129917952255
S1_14449374,1,14449374,0,1,0.625129069711665,0.32154356923346
S1_14453172,1,14453172,0,1,0.50349240788284,0.277039060363113
S1_14495782,1,14495782,0,1,0.611568372116248,0.786203404445683
S1_14510422,1,14510422,0,1,0.27461790925201,0.281902963520452
S1_14510816,1,14510816,0,1,0.17273476100957,0.261486320040847
S1_14548825,1,14548825,0,1,0.849494501586534,0.653073805027127
S1_14550227,1,14550227,0,1,0.0236051048637095,0.0805702246238162
S1_14624588,1,14624588,0,1,0.0263682159062805,0.127470939834613
S1_14638094,1,14638094,0,1,0.0243019555573934,0.00144692261141853
S1_14638133,1,14638133,0,1,0.335542502908756,0.488391815310696
S1_14675124,1,14675124,0,1,NA,NA
S1_14676956,1,14676956,0,1,0.359553194755582,0.479122062745686
S1_14676966,1,14676966,0,1,0.13161067839947,0.162529147541219
S1_14803650,1,14803650,0,1,0.220052471817078,0.392151202709553
S1_14803685,1,14803685,0,1,0.0878944016664957,0.21691421750197
S1_14803708,1,14803708,0,1,0.0288110745725038,0.0823189778723206
S1_14803790,1,14803790,0,1,0.318173723800674,0.262138851915128
S1_14803947,1,14803947,0,1,0.122932126056626,0.300927826391244
S1_14804276,1,14804276,0,1,0.0179790577568249,0.0179790577568249
S1_14807378,1,14807378,0,1,0.160455253738591,0.146931853000739
S1_14852237,1,14852237,0,1,0.215636179368928,0.495542170820541
S1_14942882,1,14942882,0,1,0.604627161433975,0.604627161433975
S1_14943288,1,14943288,0,1,0.877925525152377,0.877925525152377
S1_14954991,1,14954991,0,1,0.137822753312647,0.01786702555123
S1_14959113,1,14959113,0,1,0.463393746316931,0.355643093713194
S1_14960535,1,14960535,0,1,0.478085654734004,0.838960012355916
S1_14961384,1,14961384,0,1,0.113540142998175,0.191321806522306
S1_15005566,1,15005566,0,1,0.0925666896287334,0.0727563356513073
S1_15006843,1,15006843,0,1,0.182148527293865,0.04825494625867
S1_15007492,1,15007492,0,1,0.0325997593125344,0.0325997593125344
S1_15008051,1,15008051,0,1,1.03954883185933,1.03954883185933
S1_15008068,1,15008068,0,1,1.05484205519957,1.05484205519957
S1_15008115,1,15008115,0,1,0.0131773630147483,0.0825437450600011
S1_15067820,1,15067820,0,1,0.0452436774964955,0.175992728754774
S1_15067854,1,15067854,0,1,0.814661695052382,0.814661695052382
S1_15067869,1,15067869,0,1,0.179523881932933,0.347381253232064
S1_15068428,1,15068428,0,1,0.143897491848226,0.349912062247582
S1_15068431,1,15068431,0,1,0.380378366041245,0.716714009933362
S1_15068782,1,15068782,0,1,0.256476201638579,0.228009502653882
S1_15069082,1,15069082,0,1,0.219497470196094,0.133153265552422
S1_15071030,1,15071030,0,1,0.385360421000425,0.385360421000425
S1_15071141,1,15071141,0,1,0.140860060997229,0.212743512856926
S1_15134219,1,15134219,0,1,0.279112217653633,0.469368732272615
S1_15143038,1,15143038,0,1,0.0769306301551215,0.129681167289925
S1_15143071,1,15143071,0,1,0.547700381836333,0.241054464669316
S1_15143573,1,15143573,0,1,0.0586442088642791,0.0750207305279164
S1_15156433,1,15156433,0,1,0.132493069309541,0.138021193348965
S1_15169935,1,15169935,0,1,0.14561295561424,0.180562926621306
S1_15169946,1,15169946,0,1,0.00805620081485589,0.0269209365593268
S1_15169957,1,15169957,0,1,0.359239004604505,0.24554153605603
S1_15169983,1,15169983,0,1,0.267703667635067,0.0032319044345144
S1_15176108,1,15176108,0,1,0.175640151007389,0.429094141255197
S1_15176371,1,15176371,0,1,0.239846199600267,0.25807234206693
S1_15208285,1,15208285,0,1,0.0393712206632547,0.135776819860641
S1_15318194,1,15318194,0,1,0.0339704153131893,0.155308236384351
S1_15318266,1,15318266,0,1,0.888823995568748,1.19921398602139
S1_15353447,1,15353447,0,1,0.399109008320879,0.399109008320879
S1_15353455,1,15353455,0,1,0.00209023163343297,0.00209023163343297
S1_15353500,1,15353500,0,1,0.100019203070282,0.293046213848906
S1_15354752,1,15354752,0,1,0.0947470897387381,0.127876256350432
S1_15474742,1,15474742,0,1,0.75828679533905,1.10069149715321
S1_15491708,1,15491708,0,1,0.736512651397912,0.736512651397912
S1_15492078,1,15492078,0,1,0.120805615984679,0.123894477990601
S1_15518718,1,15518718,0,1,0.600160938412058,0.964163327985678
S1_15519084,1,15519084,0,1,0.216156382922664,0.441823883914595
S1_15735792,1,15735792,0,1,1.15903311161267,0.0322998239269147
S1_15735830,1,15735830,0,1,0.266838911036742,0.266838911036742
S1_15737679,1,15737679,0,1,NA,NA
S1_15739373,1,15739373,0,1,0.287462416888807,0.272458572185109
S1_15771272,1,15771272,0,1,0.0323541460649229,0.0323541460649229
S1_15771361,1,15771361,0,1,0.463579581204369,0.179755928017681
S1_15779598,1,15779598,0,1,0.340592938572112,0.671209432915992
S1_15779616,1,15779616,0,1,0.545026094899068,0.939679767251044
S1_15805576,1,15805576,0,1,0.00553234053242703,0.00553234053242703
S1_15809350,1,15809350,0,1,0.189152579741653,0.198313240100927
S1_15809364,1,15809364,0,1,0.107959054622156,0.317183270368974
S1_15809366,1,15809366,0,1,0.277184881345853,0.587486167755337
S1_15907469,1,15907469,0,1,0.0369498428949275,0.0805386755624549
S1_15908297,1,15908297,0,1,0.0194279964636957,0.0241349547399193
S1_15990247,1,15990247,0,1,0.533927494590072,0.922618867008502
S1_15990445,1,15990445,0,1,0.390871047999769,0.441574360297128
S1_15990552,1,15990552,0,1,0.0220792849228925,0.103516682451236
S1_15990597,1,15990597,0,1,0.0789316768498164,0.0238954434655888
S1_15995431,1,15995431,0,1,0.0230673178551547,0.0561218510138786
S1_15995448,1,15995448,0,1,0.0636207268744296,0.19789022212213
S1_15995473,1,15995473,0,1,1.07987176471669,1.41281377072642
S1_15995491,1,15995491,0,1,0.0386615530742829,0.15857836921994
S1_15995506,1,15995506,0,1,0.136204683457386,0.367093105936235
S1_15996586,1,15996586,0,1,0.534990132893541,0.224037623624755
S1_15996619,1,15996619,0,1,0.242257154989298,0.061632413258178
S1_15998666,1,15998666,0,1,0.102956333672064,0.0407420111383819
S1_15998829,1,15998829,0,1,0.34938631269092,0.34938631269092
S1_16047137,1,16047137,0,1,0.265917922914173,0.270599460892108
S1_16059198,1,16059198,0,1,0.412643946207556,0.746550731411903
S1_16062380,1,16062380,0,1,0.208036326061594,0.465143827194158
S1_16063211,1,16063211,0,1,0.326159849446221,0.571967646501522
S1_16067766,1,16067766,0,1,0.106145936190513,0.275098537325432
S1_16068441,1,16068441,0,1,0.659764523186788,1.05565804499617
S1_16068625,1,16068625,0,1,0.127571087178103,0.0226930276215096
S1_16121471,1,16121471,0,1,0.121093156886236,0.138199657921556
S1_16121929,1,16121929,0,1,0.428376523280875,0.428376523280875
S1_16122741,1,16122741,0,1,0.595115061122641,0.00941645997500157
S1_16122796,1,16122796,0,1,0.345530801241546,0.512733797693318
S1_16122832,1,16122832,0,1,0.396046120519537,0.405594253545537
S1_16122877,1,16122877,0,1,0.277543249873602,0.114638927840853
S1_16123576,1,16123576,0,1,0.146840422433697,0.146840422433697
S1_16178827,1,16178827,0,1,0.135390565566047,0.0116882830618393
S1_16178909,1,16178909,0,1,0.1976280749163,0.1976280749163
S1_16178911,1,16178911,0,1,0.0206455845685155,0.094285567235498
S1_16333010,1,16333010,0,1,0.0053741715450008,0.0547337149801941
S1_16333027,1,16333027,0,1,0.0053741715450008,0.0547337149801941
S1_16371658,1,16371658,0,1,0.0153654063611469,0.100968185454209
S1_16371741,1,16371741,0,1,0.300768022948282,0.620909754336975
S1_16371777,1,16371777,0,1,0.0523990860680456,0.0523990860680456
S1_16371779,1,16371779,0,1,0.291578561525616,0.291578561525616
S1_16372319,1,16372319,0,1,0.207586528514059,0.207586528514059
S1_16372398,1,16372398,0,1,0.76908972311021,1.17532240617693
S1_16377833,1,16377833,0,1,0.281601718394167,0.281601718394167
S1_16377865,1,16377865,0,1,0.0561660509782908,0.0700685221428768
S1_16377974,1,16377974,0,1,0.0111828711065094,0.0594129855041924
S1_16378113,1,16378113,0,1,1.04979659499964,1.50374459568181
S1_16378125,1,16378125,0,1,0.354645309181976,0.61976770584598
S1_16435576,1,16435576,0,1,0.123768575472985,0.322870234962297
S1_16436590,1,16436590,0,1,0.137748560286031,0.286254556643746
S1_16439536,1,16439536,0,1,0.476699275502596,0.684582323244855
S1_16440750,1,16440750,0,1,0.0242574777074944,0.0934613804716438
S1_16450488,1,16450488,0,1,0.560902452499672,0.966038767827565
S1_16468793,1,16468793,0,1,0.668219973385298,0.626653043301548
S1_16468795,1,16468795,0,1,0.691832553055405,0.663342072425089
S1_16468948,1,16468948,0,1,0.305755796080539,0.226937302966947
S1_16468961,1,16468961,0,1,0.124605741729781,0.2255408211145
S1_16469016,1,16469016,0,1,0.655979660011254,0.597787413482158
S1_16469338,1,16469338,0,1,0.623519974068456,1.04427119759471
S1_16469352,1,16469352,0,1,0.00779372535610943,0.0392855885782803
S1_16477328,1,16477328,0,1,0.0231438820303137,0.00790905991336935
S1_16580458,1,16580458,0,1,0.7271605816208,1.085007243806
S1_16580595,1,16580595,0,1,0.0954142733064669,0.0910652257237261
S1_16580608,1,16580608,0,1,0.139788254200072,0.194667813984651
S1_16580875,1,16580875,0,1,0.35055922877473,0.69039934493172
S1_16581235,1,16581235,0,1,0.787536798051337,0.64693623437363
S1_16581285,1,16581285,0,1,0.056231963128456,0.164805695263253
S1_16627121,1,16627121,0,1,0.822774978644985,0.822774978644985
S1_16627145,1,16627145,0,1,1.07807634175072,1.07807634175072
S1_16627289,1,16627289,0,1,0.345864552597043,0.0122847877556154
S1_16627325,1,16627325,0,1,0.187936552889146,0.307907374568431
S1_16627660,1,16627660,0,1,0.790319817384532,1.10076464380506
S1_16695350,1,16695350,0,1,0.318775731517712,0.620630883359988
S1_16695375,1,16695375,0,1,0.403919216621665,0.261182395833793
S1_16698832,1,16698832,0,1,0.232511668545227,0.423137938928329
S1_16698847,1,16698847,0,1,0.107966105050783,0.314479711436091
S1_16775712,1,16775712,0,1,0.202962935612048,0.332066801386372
S1_16775895,1,16775895,0,1,0.190605820809735,0.45074806431192
S1_16775936,1,16775936,0,1,0.497169553770281,0.694013749168656
S1_16777398,1,16777398,0,1,0.190422976482657,0.190422976482657
S1_16777521,1,16777521,0,1,0.497980708889968,0.422251699929738
S1_16777619,1,16777619,0,1,0.188916020881621,0.450726524966339
S1_16778684,1,16778684,0,1,0.69351033869907,0.0104046907039171
S1_16779215,1,16779215,0,1,0.376509333317319,0.610485564948113
S1_16779244,1,16779244,0,1,0.437248821896339,0.173869394332602
S1_16783629,1,16783629,0,1,0.574359342025736,0.081509424378998
S1_16783679,1,16783679,0,1,0.86336241369268,0.581840451936339
S1_16783688,1,16783688,0,1,2.0437914006171,0.944488988234559
S1_16784418,1,16784418,0,1,1.39725290618723,1.75736272231639
S1_16789465,1,16789465,0,1,0.566064000761514,0.671747516139492
S1_16792461,1,16792461,0,1,0.953907942170166,0.485631716963831
S1_16792462,1,16792462,0,1,0.705114106611422,1.02685057030782
S1_16792466,1,16792466,0,1,0.617517084658771,0.617517084658771
S1_16825094,1,16825094,0,1,0.365485732851422,0.46029843317193
S1_16825097,1,16825097,0,1,0.304538877374993,0.571585690430766
S1_16825995,1,16825995,0,1,0.0212040102904859,0.0832414991557923
S1_16826035,1,16826035,0,1,0.0270799766504626,0.138764501085369
S1_16948600,1,16948600,0,1,0.340069972069332,0.455254695258283
S1_16948602,1,16948602,0,1,0.0987088022666487,0.229619776862326
S1_16948622,1,16948622,0,1,0.369608736218954,0.609028895843721
S1_16948680,1,16948680,0,1,0.511205305383298,0.646545139750986
S1_16950794,1,16950794,0,1,NA,NA
S1_16951337,1,16951337,0,1,0.636703194787913,0.780574729698559
S1_17007638,1,17007638,0,1,0.911998957887128,0.911998957887128
S1_17015402,1,17015402,0,1,0.0458126103617983,0.0519538844908584
S1_17017756,1,17017756,0,1,0.0736430540713413,0.00727273551148646
S1_17086133,1,17086133,0,1,0.428823762403806,0.497873902528581
S1_17086325,1,17086325,0,1,1.3631535466777,1.8424059988273
S1_17086328,1,17086328,0,1,0.356835785417434,0.663010553937808
S1_17353600,1,17353600,0,1,0.122632410266659,0.288474740618072
S1_17353618,1,17353618,0,1,0.105342749333038,0.155589422985842
S1_17353752,1,17353752,0,1,0.0260695695895618,0.0260695695895618
S1_17383245,1,17383245,0,1,0.321994720160874,0.321994720160874
S1_17384152,1,17384152,0,1,0.320458323386318,0.499393392555901
S1_17392252,1,17392252,0,1,0.511519919919957,0.824791181362893
S1_17492497,1,17492497,0,1,0.311434881294601,0.332732137793668
S1_17492537,1,17492537,0,1,0.259550414736381,0.283233178608469
S1_17494012,1,17494012,0,1,0.1406777263453,0.375518817034226
S1_17494038,1,17494038,0,1,0.83394145808278,1.24914065187828
S1_17494043,1,17494043,0,1,0.452678357507956,0.31472521676019
S1_17494378,1,17494378,0,1,0.261204223168578,0.474798522671496
S1_17494395,1,17494395,0,1,0.0258477923482656,0.0428683956736563
S1_17494400,1,17494400,0,1,0.127349702091152,0.248888286162149
S1_17624970,1,17624970,0,1,0.24724489991969,0.495959171562221
S1_17624988,1,17624988,0,1,0.0978336942390416,0.183604260571128
S1_17625344,1,17625344,0,1,0.120395278455989,0.0198827047679908
S1_17625346,1,17625346,0,1,0.11048455254856,0.280499403399328
S1_17625365,1,17625365,0,1,0.256705316452181,0.507800078404422
S1_17669819,1,17669819,0,1,0.302128910788297,0.583272613692184
S1_17670450,1,17670450,0,1,1.28214432985354,1.28214432985354
S1_17673474,1,17673474,0,1,0.510982959763483,0.829008979993439
S1_17673506,1,17673506,0,1,0.609938115553713,0.0429792280275489
S1_17673537,1,17673537,0,1,0.95461838904288,1.42771392318094
S1_17673559,1,17673559,0,1,1.26782814525496,1.80677752339086
S1_17673689,1,17673689,0,1,0.0026360323978045,0.0305064449228807
S1_17679670,1,17679670,0,1,0.974746051870414,0.974746051870414
S1_17679953,1,17679953,0,1,0.123111648100106,0.326807252812339
S1_17679958,1,17679958,0,1,0.395227621584472,0.0630217413660485
S1_17679963,1,17679963,0,1,0.465012971043592,0.22646914984615
S1_17680044,1,17680044,0,1,0.691375088090932,0.738737251883243
S1_17680046,1,17680046,0,1,0.490487313839417,0.414330657940776
S1_17681197,1,17681197,0,1,0.426076805469317,0.57239377980549
S1_17694927,1,17694927,0,1,0.29694261795021,0.583616182148068
S1_17695000,1,17695000,0,1,0.00408862148227584,0.0251231858213582
S1_17695130,1,17695130,0,1,0.0941024860098944,0.279873550447119
S1_17695167,1,17695167,0,1,0.325559211213102,0.32469220592195
S1_17695501,1,17695501,0,1,0.725455315004246,0.837137444199344
S1_17695541,1,17695541,0,1,0.515261197852382,0.893775964230748
S1_17715824,1,17715824,0,1,0.06524225802236,0.0355106395458547
S1_17715862,1,17715862,0,1,0.063770376886136,0.064441267518804
S1_17725299,1,17725299,0,1,0.850601405395372,1.27121628429159
S1_17725314,1,17725314,0,1,0.980369142549035,0.980369142549035
S1_17725321,1,17725321,0,1,0.747139369578483,1.10474433273628
S1_17739707,1,17739707,0,1,0.271858359315191,0.525412551605512
S1_17739729,1,17739729,0,1,0.339118292277416,0.456021942144234
S1_17783930,1,17783930,0,1,1.09399413169637,1.09399413169637
S1_17828580,1,17828580,0,1,0.20161942472765,0.20161942472765
S1_17828621,1,17828621,0,1,0.235866460060597,0.46199190413064
S1_17885041,1,17885041,0,1,NA,NA
S1_17886209,1,17886209,0,1,0.477188385969473,0.448005190860825
S1_17886361,1,17886361,0,1,0.0490173983473886,0.10600277434051
S1_17886438,1,17886438,0,1,0.173909150595134,0.427695219382946
S1_17890924,1,17890924,0,1,0.0567676487123739,0.146995511871551
S1_17959598,1,17959598,0,1,0.205046239135623,0.461842824355701
S1_17959629,1,17959629,0,1,0.145028856308319,0.351499224094723
S1_17964353,1,17964353,0,1,1.20201877850074,1.52292453445873
S1_17964367,1,17964367,0,1,0.685756675457914,0.646361817185307
S1_17965587,1,17965587,0,1,0.057154829101258,0.172583315754665
S1_17965606,1,17965606,0,1,0.181293308004692,0.199940243081061
S1_17966235,1,17966235,0,1,0.157711958009252,0.330393961157638
S1_17966238,1,17966238,0,1,0.176603959185344,0.342624226658038
S1_17991464,1,17991464,0,1,0.439570229845246,0.376941169899492
S1_17991467,1,17991467,0,1,0.475480159136661,0.253676863914547
S1_17991488,1,17991488,0,1,0.586707509872019,0.248056490509272
S1_17991489,1,17991489,0,1,1.00280626506472,0.4210466708607
S1_18128939,1,18128939,0,1,1.22355651706175,1.62750529853026
S1_18180576,1,18180576,0,1,0.378975703936748,0.58353591960981
S1_18189281,1,18189281,0,1,1.62806916939844,1.85269606794679
S1_18189320,1,18189320,0,1,0.0975413288507067,0.0199493693717632
S1_18189782,1,18189782,0,1,0.127018064342245,0.222262533865029
S1_18190134,1,18190134,0,1,0.16199255060032,0.0672104591003763
S1_18190426,1,18190426,0,1,1.48687699117217,1.33163194819535
S1_18190570,1,18190570,0,1,0.295596688407026,0.071675929911956
S1_18199120,1,18199120,0,1,0.271794029592589,0.541706373514
S1_18199403,1,18199403,0,1,0.18665994163322,0.197768289328436
S1_18291822,1,18291822,0,1,0.510514309370672,0.721963547591226
S1_18585344,1,18585344,0,1,0.498951895997297,0.67777269170174
S1_18623725,1,18623725,0,1,0.0865727475484502,0.0865727475484502
S1_18625213,1,18625213,0,1,0.0484944829946588,0.12443479891825
S1_18625384,1,18625384,0,1,0.233922080645918,0.233922080645918
S1_18625400,1,18625400,0,1,0.185591735611607,0.185591735611607
S1_18630130,1,18630130,0,1,0.4484955233361,0.223058168097657
S1_18630135,1,18630135,0,1,0.251859800972075,0.115840281021826
S1_18630252,1,18630252,0,1,0.357258591101905,0.0981083390140772
S1_18630563,1,18630563,0,1,0.0450797034600304,0.13024642966186
S1_18630608,1,18630608,0,1,0.677698458511197,0.677698458511197
S1_18630629,1,18630629,0,1,0.176854915066899,0.176854915066899
S1_18630761,1,18630761,0,1,0.334067239557681,0.334067239557681
S1_18641792,1,18641792,0,1,0.390858403497629,0.32385771862691
S1_18643391,1,18643391,0,1,0.0625730510178947,0.187221036331884
S1_18835697,1,18835697,0,1,0.190638102631194,0.426092810307173
S1_18835824,1,18835824,0,1,0.31159091225901,0.634613201649199
S1_18838365,1,18838365,0,1,0.0690219411119515,0.0802400281755656
S1_18931017,1,18931017,0,1,0.2180495358056,0.15321425131324
S1_18931026,1,18931026,0,1,0.202149994931087,0.120094255955759
S1_18973965,1,18973965,0,1,0.420695145117748,0.659757803441268
S1_18973967,1,18973967,0,1,0.0808278847703458,0.0265397131210427
S1_18974390,1,18974390,0,1,0.066630250687319,0.236344816755202
S1_18977637,1,18977637,0,1,0.000653453360062707,0.000653453360062707
S1_18978076,1,18978076,0,1,0.0403621304548994,0.176064818612854
S1_18980219,1,18980219,0,1,0.0564176636831661,0.0933232714448416
S1_18980808,1,18980808,0,1,0.273905269817294,0.0936912405632204
S1_18984815,1,18984815,0,1,0.331033284388604,0.664218296593847
S1_18984828,1,18984828,0,1,0.0613656731510864,0.0603004147771413
S1_18984855,1,18984855,0,1,0.0894376647430114,0.135881203354255
S1_18984953,1,18984953,0,1,0.134155579310867,0.23524394404588
S1_18984987,1,18984987,0,1,0.163509587803827,0.163509587803827
S1_18986472,1,18986472,0,1,0.654347989157758,1.03428724697256
S1_18986482,1,18986482,0,1,0.165756488410438,0.319233705427631
S1_18986592,1,18986592,0,1,0.0687682924572755,0.216813603069518
S1_18992685,1,18992685,0,1,0.046355556913755,0.0547136655984613
S1_19053962,1,19053962,0,1,0.142914532959391,0.258595089130005
S1_19053982,1,19053982,0,1,0.0875312038862122,0.0409860394330956
S1_19103669,1,19103669,0,1,0.1713746436793,0.388680082617098
S1_19103742,1,19103742,0,1,0.893969894350717,1.26542950008705
S1_19104390,1,19104390,0,1,0.0436478740951331,0.178408563594341
S1_19132906,1,19132906,0,1,0.667006339891756,1.09568390604104
S1_19234502,1,19234502,0,1,0.117403030940602,0.310807717628327
S1_19234836,1,19234836,0,1,0.513428043783256,0.793598625766474
S1_19251987,1,19251987,0,1,0.592907547740909,0.627883857674667
S1_19252192,1,19252192,0,1,0.412561074068103,0.412561074068103
S1_19252253,1,19252253,0,1,0.0551061334522954,0.0568572070668264
S1_19252635,1,19252635,0,1,0.406005644141561,0.256265806175809
S1_19252698,1,19252698,0,1,0.59087428912325,0.807545176977139
S1_19252702,1,19252702,0,1,0.323016838774432,0.420009582365555
S1_19260162,1,19260162,0,1,0.418955228808853,0.587498291666088
S1_19295971,1,19295971,0,1,0.599047568308287,0.599047568308287
S1_19296025,1,19296025,0,1,0.505590382553355,0.505590382553355
S1_19296293,1,19296293,0,1,0.175928501272184,0.125027302011631
S1_19327690,1,19327690,0,1,1.64844419177631,2.01290337161172
S1_19328229,1,19328229,0,1,0.136770405033925,0.186467513555678
S1_19328253,1,19328253,0,1,0.847187033868652,1.21381070140682
S1_19328529,1,19328529,0,1,0.188703318474754,0.171159597147063
S1_19328730,1,19328730,0,1,0.551874115865669,0.884001895144167
S1_19328829,1,19328829,0,1,0.196594734971201,0.454501274503177
S1_19329007,1,19329007,0,1,0.0424824371448345,0.16974922505608
S1_19346338,1,19346338,0,1,0.122330885341711,0.122330885341711
S1_19346339,1,19346339,0,1,0.104166447388895,0.309006498912946
S1_19346406,1,19346406,0,1,0.0907913472772315,0.0907913472772315
S1_19348026,1,19348026,0,1,0.644734286743865,0.644734286743865
S1_19355981,1,19355981,0,1,0.0143206860113721,0.0784072838549554
S1_19356018,1,19356018,0,1,0.146099750080369,0.0045431606485061
S1_19356020,1,19356020,0,1,0.156153510436184,0.125714847322336
S1_19474803,1,19474803,0,1,0.230502751078256,0.130685772208758
S1_19476387,1,19476387,0,1,0.462987502176134,0.841826631793713
S1_19492430,1,19492430,0,1,0.33375145301997,0.44169657878788
S1_19493006,1,19493006,0,1,0.296851240152971,0.277845775644072
S1_19493011,1,19493011,0,1,0.173218831197137,0.411406261876882
S1_19521145,1,19521145,0,1,0.580174172331353,0.989778162482093
S1_19521161,1,19521161,0,1,0.138369383016353,0.149169692189013
S1_19557310,1,19557310,0,1,0.351487841908404,0.351487841908404
S1_19557338,1,19557338,0,1,0.0103109917517742,0.0103109917517742
S1_19558020,1,19558020,0,1,0.431324025230296,0.614961331698125
S1_19558745,1,19558745,0,1,0.019883512162673,0.108767208316042
S1_19558792,1,19558792,0,1,0.323180333425622,0.65115053976918
S1_19560370,1,19560370,0,1,0.142226341006663,0.276298689633737
S1_19560393,1,19560393,0,1,0.571381395597066,0.84179710497359
S1_19560399,1,19560399,0,1,0.368230019624735,0.649595064222554
S1_19560400,1,19560400,0,1,0.0593042754745434,0.120283531518892
S1_19590912,1,19590912,0,1,0.800786335436153,0.630410251999337
S1_19590931,1,19590931,0,1,0.0699297305329396,0.198951144862788
S1_19590955,1,19590955,0,1,0.517448287636993,0.912185430256996
S1_19592395,1,19592395,0,1,0.146688128789253,0.134903455088101
S1_19633901,1,19633901,0,1,0.426535020548031,0.386167828824645
S1_19634110,1,19634110,0,1,0.0288217868024539,0.0288217868024539
S1_19641641,1,19641641,0,1,0.484010420426463,0.291230017401366
S1_19641987,1,19641987,0,1,0.496278571066075,0.250811173209778
S1_19642247,1,19642247,0,1,0.107994414794326,0.28730344760952
S1_19642248,1,19642248,0,1,0.00284790454521966,0.0185878848291313
S1_19642256,1,19642256,0,1,0.0738825883238124,0.231254865723293
S1_19642318,1,19642318,0,1,0.0896370579246337,0.0896370579246337
S1_19642334,1,19642334,0,1,0.518965822338007,0.281715375083888
S1_19642337,1,19642337,0,1,0.808190418833445,0.328130987885632
S1_19642436,1,19642436,0,1,0.541846417451477,0.317756786862944
S1_19642471,1,19642471,0,1,0.0966510090831562,0.0623950364512968
S1_19642472,1,19642472,0,1,0.421730411602746,0.384975317084833
S1_19678672,1,19678672,0,1,0.182670045105095,0.0674522109460113
S1_19680187,1,19680187,0,1,0.651438083909094,0.0380508284395132
S1_19680213,1,19680213,0,1,0.633827701822823,0.000246507215283301
S1_19789197,1,19789197,0,1,1.18060250493467,1.18060250493467
S1_19791963,1,19791963,0,1,0.19702273556086,0.19702273556086
S1_19943174,1,19943174,0,1,0.0165243136341203,0.0165243136341203
S1_19949163,1,19949163,0,1,0.0716233930135004,0.210919908860019
S1_19973065,1,19973065,0,1,0.227207860765257,0.0174117233369243
S1_19973913,1,19973913,0,1,0.469506336013693,0.382554373746057
S1_19974078,1,19974078,0,1,0.108583285194808,0.108583285194808
S1_19976359,1,19976359,0,1,0.289823291076748,0.537822006984232
S1_19978587,1,19978587,0,1,0.417611452050145,0.688683608385232
S1_19978750,1,19978750,0,1,0.598303245290842,0.859855280281557
S1_19978766,1,19978766,0,1,0.359653282231584,0.435435615502399
S1_19978876,1,19978876,0,1,0.315805089781339,0.575349537523291
S1_19978930,1,19978930,0,1,0.277948619862873,0.121115635807345
S1_19978947,1,19978947,0,1,0.413932424122842,0.435099488590723
S1_19978987,1,19978987,0,1,0.375542865891132,0.375542865891132
S1_19979634,1,19979634,0,1,0.0479579910865293,0.0624051008725409
S1_19990215,1,19990215,0,1,0.00535118886605114,0.0483439879431842
S1_19990440,1,19990440,0,1,0.0699108596375248,0.109094337564717
S1_20056199,1,20056199,0,1,0.210072554502211,0.0990019580936582
S1_20097286,1,20097286,0,1,0.195903690397386,0.134157226253892
S1_20098709,1,20098709,0,1,0.052863961364416,0.08215434441445
S1_20213348,1,20213348,0,1,0.485464785191555,0.365000417173093
S1_20213372,1,20213372,0,1,0.511101026805456,0.728503500551975
S1_20283463,1,20283463,0,1,0.39064517481636,0.647433871065301
S1_20283472,1,20283472,0,1,0.443519156669995,0.560589385007488
S1_20542237,1,20542237,0,1,0.968104332126462,0.968104332126462
S1_20907977,1,20907977,0,1,0.00995051449775962,0.00995051449775962
S1_20908061,1,20908061,0,1,1.24848449419896,1.11730565940312
S1_20908700,1,20908700,0,1,0.104585412528924,0.184682530904447
S1_20990539,1,20990539,0,1,0.0387882193819352,0.124351335387189
S1_21082971,1,21082971,0,1,0.774179357979816,1.22116519741573
S1_21196746,1,21196746,0,1,0.110165026764897,0.316699999620289
S1_21379630,1,21379630,0,1,0.302420034626221,0.584366524268565
S1_21387870,1,21387870,0,1,0.0489145038462038,0.164764478415633
S1_21466766,1,21466766,0,1,0.799926155004362,0.349281344000523
S1_21466913,1,21466913,0,1,0.670098650153365,0.681396356201282
S1_21468205,1,21468205,0,1,0.164586746269994,0.0827930514904164
S1_21473210,1,21473210,0,1,0.415826766147321,0.241835937733435
S1_21473231,1,21473231,0,1,0.459915613828242,0.349190839705037
S1_21473288,1,21473288,0,1,0.206702364795365,0.206702364795365
S1_21474433,1,21474433,0,1,0.793448936066529,1.13635589874995
S1_21543129,1,21543129,0,1,0.5555039801998,0.271554326367296
S1_21543137,1,21543137,0,1,0.253080126593579,0.048209096741962
S1_21543150,1,21543150,0,1,0.478156906653278,0.707965559504544
S1_21543174,1,21543174,0,1,0.246319165912849,0.324356592403934
S1_21543873,1,21543873,0,1,0.631661851408585,0.780874790096227
S1_21543916,1,21543916,0,1,0.672078981652156,0.832453874394338
S1_21568640,1,21568640,0,1,0.0376002316462452,0.168027954426129
S1_21569498,1,21569498,0,1,0.0165468636189662,0.0757288110467469
S1_21699528,1,21699528,0,1,0.0578315480007228,0.191403156152747
S1_21703045,1,21703045,0,1,0.0628630790252296,0.0122151837617694
S1_21703406,1,21703406,0,1,0.281000063885932,0.401240762778015
S1_21710060,1,21710060,0,1,0.284698520857282,0.429214613570114
S1_21710869,1,21710869,0,1,0.108642807633461,0.102401504961351
S1_21713353,1,21713353,0,1,0.253132933865514,0.0448255840194205
S1_21713365,1,21713365,0,1,0.253580359137586,0.0355312689897724
S1_21757746,1,21757746,0,1,0.569238260581547,0.17445059515991
S1_21758969,1,21758969,0,1,0.38556975296639,0.59820251350023
S1_21758984,1,21758984,0,1,0.0399563343616697,0.175295044137546
S1_22068984,1,22068984,0,1,1.17684714273072,1.17684714273072
S1_22069443,1,22069443,0,1,0.71382032393715,0.814390378896801
S1_22069444,1,22069444,0,1,0.0978988558537977,0.14762118177599
S1_22069470,1,22069470,0,1,0.476330306404453,0.6760303069254
S1_22069480,1,22069480,0,1,0.417840650799679,0.528789559240588
S1_22070065,1,22070065,0,1,0.131498860939193,0.019163639861319
S1_22070093,1,22070093,0,1,0.0316840782288748,0.149447832502215
S1_22259399,1,22259399,0,1,0.922418184468657,0.922418184468657
S1_22260020,1,22260020,0,1,0.149915972637676,0.149915972637676
S1_22260243,1,22260243,0,1,0.26929485267469,0.26929485267469
S1_22260272,1,22260272,0,1,0.0180273282904619,0.110523843303805
S1_22260330,1,22260330,0,1,0.127061178428101,0.155338509938934
S1_22260358,1,22260358,0,1,0.18179168617105,0.240088012709145
S1_22316722,1,22316722,0,1,0.113073508103374,0.00900954200025361
S1_22316748,1,22316748,0,1,0.27472397615298,0.484675692577993
S1_22375072,1,22375072,0,1,0.403913164227569,0.29810568839543
S1_22376158,1,22376158,0,1,0.0482462705879776,0.108485129583081
S1_22376269,1,22376269,0,1,0.298763337074897,0.06802514202474
S1_22379865,1,22379865,0,1,0.16402604077129,0.218970048022561
S1_22383310,1,22383310,0,1,0.28292871216804,0.377231144103142
S1_22385192,1,22385192,0,1,0.197666714987399,0.414794285120225
S1_22439333,1,22439333,0,1,0.265301483032538,0.265301483032538
S1_22439335,1,22439335,0,1,0.0938791912468057,0.0938791912468057
S1_22439341,1,22439341,0,1,0.0531174661563372,0.0531174661563372
S1_22439662,1,22439662,0,1,NA,NA
S1_22439668,1,22439668,0,1,0.0337923914472156,0.153996611837464
S1_22497974,1,22497974,0,1,0.0773481036314829,0.182467882263888
S1_22502268,1,22502268,0,1,0.12860179800338,0.262936842046034
S1_22502292,1,22502292,0,1,NA,NA
S1_22594784,1,22594784,0,1,0.0123110041770214,0.0734694340770397
S1_22634461,1,22634461,0,1,0.17893050309171,0.0779254784370295
S1_22634850,1,22634850,0,1,0.0204770671370902,0.00494837271281354
S1_22634863,1,22634863,0,1,0.224692631462789,0.509536889938279
S1_22639414,1,22639414,0,1,0.0868763339502673,0.278122688913759
S1_22639651,1,22639651,0,1,0.358948299582142,0.120627632935169
S1_22641237,1,22641237,0,1,0.568745181425572,0.778991168738802
S1_22641334,1,22641334,0,1,0.0264349755930104,0.0700803749735771
S1_22641998,1,22641998,0,1,0.122921065297951,0.333943646416657
S1_22643947,1,22643947,0,1,0.432063458113785,0.432063458113785
S1_22656076,1,22656076,0,1,0.799605083609006,0.96251210735727
S1_22744823,1,22744823,0,1,0.0715798289624626,0.247450738156712
S1_22744948,1,22744948,0,1,0.0231683625520049,0.0231683625520049
S1_22744960,1,22744960,0,1,0.0899340210214912,0.0899340210214912
S1_22875943,1,22875943,0,1,0.283601544395283,0.118671328817326
S1_22876720,1,22876720,0,1,0.116916983576258,0.255888887260695
S1_22876755,1,22876755,0,1,0.0492608855608476,0.014177389059026
S1_22976136,1,22976136,0,1,0.0245993954296161,0.0269917754055279
S1_22978199,1,22978199,0,1,0.0486795529704687,0.17661070045827
S1_22978296,1,22978296,0,1,0.65448826207857,1.08395552921501
S1_22978431,1,22978431,0,1,0.309310425890233,0.556640037245593
S1_22993329,1,22993329,0,1,0.270191456445119,0.270191456445119
S1_22993622,1,22993622,0,1,0.335336883366966,0.185347446787729
S1_23046246,1,23046246,0,1,0.101548889686871,0.234322118686601
S1_23047091,1,23047091,0,1,0.274121525903132,0.105170193468168
S1_23047822,1,23047822,0,1,0.251739195449046,0.221000397161816
S1_23054934,1,23054934,0,1,0.0718989901292274,0.201870427427273
S1_23065722,1,23065722,0,1,0.193111825127893,0.32694312027703
S1_23065758,1,23065758,0,1,0.276778330520953,0.482870715060143
S1_23065759,1,23065759,0,1,0.315654573894044,0.363000893105955
S1_23111347,1,23111347,0,1,0.0572507426936363,0.21114441033984
S1_23116667,1,23116667,0,1,0.021687962730216,0.106438929008147
S1_23116701,1,23116701,0,1,0.0779700539182661,0.187695767133672
S1_23117107,1,23117107,0,1,0.437963644671688,0.437963644671688
S1_23220335,1,23220335,0,1,0.190367654670244,0.190367654670205
S1_23230211,1,23230211,0,1,0.306554927914777,0.629800939545138
S1_23234114,1,23234114,0,1,0.836844487404481,1.03974018459338
S1_23235433,1,23235433,0,1,0.307774533885783,0.563493054109549
S1_23235920,1,23235920,0,1,0.0517725777744507,0.0517725777744507
S1_23235936,1,23235936,0,1,0.489474186711903,0.489474186711903
S1_23241578,1,23241578,0,1,0.0740738693051845,0.00383850765684933
S1_23241594,1,23241594,0,1,0.364690297465171,0.264193433472767
S1_23242001,1,23242001,0,1,1.16010554184331,0.378871643426232
S1_23244064,1,23244064,0,1,0.967873803890133,1.45790324081115
S1_23244263,1,23244263,0,1,0.0132676323852473,0.0679243588241951
S1_23299779,1,23299779,0,1,0.34478272442402,0.0282175091522634
S1_23299899,1,23299899,0,1,0.115159777330491,0.305321115865355
S1_23424259,1,23424259,0,1,0.0605621904016032,0.189410257889362
S1_23557922,1,23557922,0,1,0.605470251984495,0.610376998728743
S1_23563598,1,23563598,0,1,1.2910454548775,1.7899450801258
S1_23563795,1,23563795,0,1,1.05736964285164,1.0615834811908
S1_23564478,1,23564478,0,1,0.248617542260206,0.47477405567726
S1_23566233,1,23566233,0,1,0.070062147024292,0.212192365185233
S1_23566612,1,23566612,0,1,0.52151250513873,0.52151250513873
S1_23566797,1,23566797,0,1,0.126022776808915,0.339614317199072
S1_23566809,1,23566809,0,1,0.00713585246233469,0.0639591213833657
S1_23588199,1,23588199,0,1,0.310203864728006,0.634686402163428
S1_23588222,1,23588222,0,1,0.618565793047401,0.743012457041263
S1_23589019,1,23589019,0,1,0.0735522308292045,0.0744580478393404
S1_23589347,1,23589347,0,1,0.068391454051129,0.000877187855753293
S1_23589441,1,23589441,0,1,0.137749384899722,0.137749384899722
S1_23609916,1,23609916,0,1,1.5153925677368,0.0526651326516342
S1_23712035,1,23712035,0,1,0.264646085025941,0.493589139188204
S1_23923548,1,23923548,0,1,0.228873698688071,0.0553254914375291
S1_23926330,1,23926330,0,1,0.0431109425415656,0.0431109425415656
S1_23937384,1,23937384,0,1,0.407827049312478,0.734839447653746
S1_23966622,1,23966622,0,1,0.432116274772276,0.74389365568831
S1_23968158,1,23968158,0,1,0.290136923038265,0.109301456868718
S1_23968826,1,23968826,0,1,0.218550218842697,0.218550218842697
S1_24052120,1,24052120,0,1,0.26612955065482,0.105312076644505
S1_24193338,1,24193338,0,1,0.113140600519205,0.113140600519205
S1_24193353,1,24193353,0,1,0.165724324594433,0.0207407656532725
S1_24194656,1,24194656,0,1,0.246777480327523,0.501056285303222
S1_24196122,1,24196122,0,1,0.152894945851049,0.246656009538762
S1_24203797,1,24203797,0,1,0.306039807277532,0.610759936893631
S1_24203802,1,24203802,0,1,0.112952190567756,0.315494370055588
S1_24206895,1,24206895,0,1,0.325071513879232,0.649940722791956
S1_24206906,1,24206906,0,1,1.3483849127023,1.3483849127023
S1_24225655,1,24225655,0,1,0.0568179921499786,0.115198309549392
S1_24297757,1,24297757,0,1,0.187782568721543,0.067921279060368
S1_24304562,1,24304562,0,1,0.655408472103428,0.817431318015008
S1_24304570,1,24304570,0,1,0.123288686750532,0.330143124494461
S1_24304690,1,24304690,0,1,1.05452703719636,0.270471366569705
S1_24304693,1,24304693,0,1,0.31847818434316,0.025055369665743
S1_24304996,1,24304996,0,1,0.041924085859622,0.0200214122733274
S1_24308373,1,24308373,0,1,0.547883487632432,0.196547745564722
S1_24308521,1,24308521,0,1,0.153208663704949,0.208215039964915
S1_24308728,1,24308728,0,1,0.484312380249867,0.517105244192353
S1_24407659,1,24407659,0,1,0.543281705429517,0.700963032528679
S1_24583378,1,24583378,0,1,0.727338947683579,0.28655807481603
S1_24599496,1,24599496,0,1,0.819750864426182,0.0320658702916588
S1_24599514,1,24599514,0,1,0.716501140605127,0.260955555206141
S1_24601333,1,24601333,0,1,0.129431013434983,0.129431013434983
S1_24602336,1,24602336,0,1,0.472721074542853,0.340144139853992
S1_24670748,1,24670748,0,1,0.623269912908017,0.623269912908017
S1_24671082,1,24671082,0,1,0.108926454945429,0.0907923410760609
S1_24671088,1,24671088,0,1,0.0545597551462754,0.0545597551462754
S1_24675532,1,24675532,0,1,0.342237259246832,0.167733070621377
S1_24675535,1,24675535,0,1,0.460562552031524,0.460562552031524
S1_24676695,1,24676695,0,1,0.527043497270792,0.527043497270792
S1_24676752,1,24676752,0,1,0.39074746696184,0.535017494434434
S1_24677018,1,24677018,0,1,0.358489400714947,0.345856606551404
S1_24677120,1,24677120,0,1,0.013348410685677,0.013348410685677
S1_24677128,1,24677128,0,1,0.0103128717979796,0.0103128717979796
S1_24677190,1,24677190,0,1,0.481920070872065,0.217834018879895
S1_24695092,1,24695092,0,1,0.315353286393665,0.495624741512382
S1_24735709,1,24735709,0,1,0.185722578317066,0.185722578317066
S1_24735964,1,24735964,0,1,0.497190458044786,0.568272921520752
S1_24739906,1,24739906,0,1,0.297879079425228,0.364497134742316
S1_24739912,1,24739912,0,1,0.123454754830721,0.0348941067644673
S1_24739971,1,24739971,0,1,0.301583218058473,0.209670292742403
S1_24739998,1,24739998,0,1,0.296410206337756,0.410368648133362
S1_24740007,1,24740007,0,1,0.377230248417094,0.679546762265324
S1_24740011,1,24740011,0,1,0.24397254806266,0.518837520464616
S1_24742926,1,24742926,0,1,0.0203837564961459,0.0974752462764649
S1_24743799,1,24743799,0,1,0.112930752585519,0.202542274655653
S1_24743895,1,24743895,0,1,0.467824703032728,0.347208616457576
S1_24743997,1,24743997,0,1,0.932279587324145,1.41882241394499
S1_24744012,1,24744012,0,1,0.474338280113597,0.844141122978039
S1_24778928,1,24778928,0,1,0.219800235730197,0.219800235730197
S1_24778945,1,24778945,0,1,0.255624257979642,0.397360478640208
S1_24786339,1,24786339,0,1,0.204385896565171,0.149825755848372
S1_24822242,1,24822242,0,1,0.904277218585781,0.814956853864218
S1_24897617,1,24897617,0,1,0.71909526758463,0.655709605595003
S1_24897724,1,24897724,0,1,0.879430639925459,1.34721240588447
S1_24931653,1,24931653,0,1,1.127184470837,0.0313719131737647
S1_24931721,1,24931721,0,1,0.0515968118656273,0.0827929590868202
S1_24939265,1,24939265,0,1,0.0827088844334439,0.0791199087910896
S1_24939294,1,24939294,0,1,0.0784847687452338,0.0276628055744143
S1_24941000,1,24941000,0,1,0.120202992304977,0.0632959457176432
S1_25101813,1,25101813,0,1,0.321916314992005,0.0147695614671868
S1_25104682,1,25104682,0,1,0.116806478308501,0.189113378515616
S1_25104791,1,25104791,0,1,0.12585690167773,0.332875236835111
S1_25104823,1,25104823,0,1,0.114260278480016,0.0749331375189402
S1_25156415,1,25156415,0,1,0.118828716230925,0.183830615595904
S1_25156447,1,25156447,0,1,0.0808106657822238,0.0283749087763362
S1_25159790,1,25159790,0,1,0.682223700335846,1.02059844877506
S1_25160736,1,25160736,0,1,0.15807438196145,0.368994883546252
S1_25187529,1,25187529,0,1,0.0256666806787222,0.0448091503367928
S1_25187572,1,25187572,0,1,0.0892009891973449,0.271437613049748
S1_25287625,1,25287625,0,1,0.0122423849917557,0.0381675787020328
S1_25287688,1,25287688,0,1,0.178483646193317,0.178483646193317
S1_25288667,1,25288667,0,1,0.312531257283298,0.574693444343503
S1_25371849,1,25371849,0,1,0.268349281316246,0.565090396018378
S1_25371881,1,25371881,0,1,0.22275225098507,0.0890964592658967
S1_25371937,1,25371937,0,1,0.481636949170765,0.603357017312649
S1_25371944,1,25371944,0,1,0.284569989603744,0.284569989603744
S1_25374552,1,25374552,0,1,0.190599535753081,0.351802061579715
S1_25374584,1,25374584,0,1,0.265854228989155,0.104249808427924
S1_25374605,1,25374605,0,1,0.717492112360602,0.342664414703512
S1_25374654,1,25374654,0,1,0.00232846840100209,0.0360228770777559
S1_25374667,1,25374667,0,1,0.562914927420185,0.257606726424878
S1_25374703,1,25374703,0,1,0.249164163017923,0.449814017827859
S1_25375059,1,25375059,0,1,0.457916709384479,0.826406890657851
S1_25375064,1,25375064,0,1,0.246068982779899,0.246068982779899
S1_25375682,1,25375682,0,1,0.0377522867926269,0.0377522867926269
S1_25376920,1,25376920,0,1,0.157382056531109,0.157382056531109
S1_25376941,1,25376941,0,1,1.1328935139007,0.187943141025067
S1_25377369,1,25377369,0,1,0.27732223825608,0.27732223825608
S1_25377402,1,25377402,0,1,0.256111337784479,0.000124019345167683
S1_25377418,1,25377418,0,1,0.404237238231524,0.279423616436628
S1_25378159,1,25378159,0,1,0.101426973607353,0.0533810194685111
S1_25378162,1,25378162,0,1,0.0810676877955054,0.148665757336263
S1_25387676,1,25387676,0,1,0.0436186507488392,0.00598426596009187
S1_25387691,1,25387691,0,1,0.316398874190866,0.61969415825491
S1_25387731,1,25387731,0,1,0.140905814298762,0.350845072293164
S1_25411005,1,25411005,0,1,0.354172859026404,0.452341366868444
S1_25411097,1,25411097,0,1,0.00976514595520945,0.0776937795845269
S1_25411124,1,25411124,0,1,0.0067867751086967,0.0349326304791438
S1_25414551,1,25414551,0,1,0.120427158058024,0.0262299067985433
S1_25414647,1,25414647,0,1,0.824585511596211,0.690316223223961
S1_25414671,1,25414671,0,1,0.492947534210912,0.342269112361717
S1_25414680,1,25414680,0,1,0.117741365622573,0.326135779107741
S1_25414691,1,25414691,0,1,0.219536705868111,0.153482615571106
S1_25415160,1,25415160,0,1,1.1258977824214,0.300800892774327
S1_25415174,1,25415174,0,1,1.06459227649437,0.221353328297162
S1_25416030,1,25416030,0,1,0.050659169442066,0.0913077973137932
S1_25423334,1,25423334,0,1,0.352339508061771,0.40741324108946
S1_25425465,1,25425465,0,1,0.174108484142404,0.0187901407033076
S1_25448807,1,25448807,0,1,0.724704610482791,1.00584418308253
S1_25449652,1,25449652,0,1,0.675059984873106,1.07488243357294
S1_25449671,1,25449671,0,1,0.0535507397495832,0.168661880221317
S1_25449976,1,25449976,0,1,0.50250211403065,0.54759556614842
S1_25625262,1,25625262,0,1,0.122687002736995,0.222188881861324
S1_25625276,1,25625276,0,1,0.122687002736995,0.222188881861324
S1_25625499,1,25625499,0,1,0.244192033385237,0.0519112531283409
S1_25630550,1,25630550,0,1,0.225239721481905,0.507258730774745
S1_25634052,1,25634052,0,1,0.00323623842182358,0.03316752817739
S1_25705040,1,25705040,0,1,0.0389209340713021,0.0684015471469961
S1_25705131,1,25705131,0,1,0.0437235607908805,0.0151370765655134
S1_25710782,1,25710782,0,1,0.660132643877831,1.07652809085466
S1_25710800,1,25710800,0,1,0.450233204431106,0.807086589676203
S1_25710814,1,25710814,0,1,0.846585955128254,1.26078898761606
S1_25716943,1,25716943,0,1,0.168337491988117,0.417874214563298
S1_25717170,1,25717170,0,1,1.24908239426688,1.43990442527817
S1_25744443,1,25744443,0,1,0.291336718952824,0.212414592283343
S1_25744477,1,25744477,0,1,0.191544298714198,0.128054391771996
S1_25744479,1,25744479,0,1,0.524975205361715,0.55602830150291
S1_25744496,1,25744496,0,1,0.310797100012724,0.310797100012724
S1_25745015,1,25745015,0,1,0.273949948422913,0.573213255366113
S1_25745017,1,25745017,0,1,0.161835666580887,0.40171547174217
S1_25745074,1,25745074,0,1,0.0480491649424638,0.183360668105464
S1_25745134,1,25745134,0,1,NA,0.139344517414205
S1_25813309,1,25813309,0,1,0.933402112401057,1.39406090779163
S1_25814486,1,25814486,0,1,0.62774218003173,0.777897938915428
S1_25820342,1,25820342,0,1,0.287701120996298,0.287701120996298
S1_25820455,1,25820455,0,1,0.576266059877451,0.576266059877451
S1_25820548,1,25820548,0,1,1.00320746256839,0.677201975798721
S1_25824803,1,25824803,0,1,0.569249941764426,0.569249941764426
S1_25876183,1,25876183,0,1,0.528162440074922,0.544576963267291
S1_25883906,1,25883906,0,1,0.347078878864332,0.0809061059465129
S1_26037555,1,26037555,0,1,0.14229817682681,0.0812769057553626
S1_26037642,1,26037642,0,1,0.457671295034056,0.0150058217919224
S1_26037650,1,26037650,0,1,0.565517408093751,0.37085693813479
S1_26037654,1,26037654,0,1,0.706148650080341,0.608621826687853
S1_26197963,1,26197963,0,1,0.635538904932159,0.05028594503912
S1_26326570,1,26326570,0,1,0.240077463556888,0.218111808710922
S1_26326585,1,26326585,0,1,0.0503909018972426,0.0400360744960032
S1_26326613,1,26326613,0,1,0.119470482764975,0.25067826984646
S1_26326643,1,26326643,0,1,0.701288249719699,1.13310061670773
S1_26329417,1,26329417,0,1,0.365580693088525,0.709717960857416
S1_26331526,1,26331526,0,1,0.101730056733859,0.101730056733859
S1_26334672,1,26334672,0,1,1.36050384502615,0.650763748908753
S1_26426793,1,26426793,0,1,0.154862039660368,0.105167711336187
S1_26435510,1,26435510,0,1,0.165312250034731,0.0169109945293999
S1_26437915,1,26437915,0,1,1.83370181943431,1.08176261163219
S1_26437971,1,26437971,0,1,0.315319792581918,0.249337798735918
S1_26525697,1,26525697,0,1,0.42537305659772,0.455334253737833
S1_26572780,1,26572780,0,1,0.116647241921987,0.121661569931563
S1_26577055,1,26577055,0,1,1.27178453192994,0.191592778775515
S1_26577261,1,26577261,0,1,0.381012506906509,0.0864793188678049
S1_26577939,1,26577939,0,1,0.416142253257023,0.331904082878836
S1_26577948,1,26577948,0,1,0.214232393285769,0.0263748529657099
S1_26684537,1,26684537,0,1,0.760617784540854,1.01500612714954
S1_26684687,1,26684687,0,1,0.231773323726479,0.231773323726479
S1_26684767,1,26684767,0,1,0.630176930345809,0.630176930345809
S1_26684777,1,26684777,0,1,0.591459836098626,0.591459836098626
S1_26690896,1,26690896,0,1,0.107442334912793,0.0712101900489817
S1_26691848,1,26691848,0,1,0.587275251291189,0.587275251291189
S1_26692413,1,26692413,0,1,0.0254528750685828,0.0254528750685828
S1_26693198,1,26693198,0,1,0.311379945524687,0.311379945524687
S1_26820177,1,26820177,0,1,0.00457528115672035,0.00457528115672035
S1_26820742,1,26820742,0,1,0.373343029337598,0.466224846981948
S1_26825503,1,26825503,0,1,0.42796499608641,0.762087184916445
S1_26825782,1,26825782,0,1,0.32885058393279,0.660762839177983
S1_26827078,1,26827078,0,1,0.0309994616287255,0.062447646807879
S1_26827287,1,26827287,0,1,0.0107177252909909,0.00116848564161438
S1_26912024,1,26912024,0,1,0.119121911247303,0.0333458799515492
S1_26912154,1,26912154,0,1,0.984540490096381,1.03179376302965
S1_26912176,1,26912176,0,1,0.391311682510756,0.391311682510756
S1_26912300,1,26912300,0,1,0.511034000085738,0.547984725794
S1_26912315,1,26912315,0,1,0.328119199192081,0.400488485346286
S1_26914486,1,26914486,0,1,0.295720703697779,0.445195538808612
S1_26948708,1,26948708,0,1,0.0823816912348151,0.146744370434603
S1_26948756,1,26948756,0,1,0.048515159866157,0.048515159866157
S1_26951525,1,26951525,0,1,0.668678682725677,0.724030139344816
S1_26951564,1,26951564,0,1,0.384594060626698,0.205834691907416
S1_27083938,1,27083938,0,1,0.107905349765725,0.247743456295091
S1_27087266,1,27087266,0,1,1.75576210489872,2.14941738531077
S1_27087272,1,27087272,0,1,1.67626625048148,2.06829239912019
S1_27100446,1,27100446,0,1,0.0102187481045271,0.0748680715198095
S1_27103172,1,27103172,0,1,0.251756669951641,0.486681511036571
S1_27104558,1,27104558,0,1,0.169364419385734,0.0712867789297853
S1_27108578,1,27108578,0,1,0.506493328483566,0.560113039378144
S1_27108606,1,27108606,0,1,0.275897862459862,0.106212642262521
S1_27116535,1,27116535,0,1,1.06265317165657,0.800730704989136
S1_27116540,1,27116540,0,1,0.180321380498,0.313007768410665
S1_27117623,1,27117623,0,1,0.470231858390372,0.779421267072044
S1_27126824,1,27126824,0,1,0.820301694145116,0.117110777217093
S1_27126831,1,27126831,0,1,1.31254903320303,0.949085688597065
S1_27126864,1,27126864,0,1,0.750036546541179,0.391812371996075
S1_27133743,1,27133743,0,1,0.0210505981986466,0.112684903265067
S1_27141063,1,27141063,0,1,0.405565357380464,0.582446005235202
S1_27141078,1,27141078,0,1,0.449756997688595,0.633895307367253
S1_27141093,1,27141093,0,1,0.78090830956027,1.0754093892059
S1_27141130,1,27141130,0,1,0.226485041229301,0.495835755481465
S1_27141145,1,27141145,0,1,0.649364842579212,0.649364842579212
S1_27141177,1,27141177,0,1,0.718739176739128,0.718739176739128
S1_27144867,1,27144867,0,1,0.316481797064636,0.261657856499723
S1_27172318,1,27172318,0,1,0.300930461673927,0.575235175982192
S1_27173283,1,27173283,0,1,0.234052704505086,0.154347392219652
S1_27173419,1,27173419,0,1,0.658721649983318,0.93911830364693
S1_27183867,1,27183867,0,1,0.251494752869359,0.251494752869359
S1_27303577,1,27303577,0,1,1.16981643122594,1.66821685392458
S1_27395516,1,27395516,0,1,0.16774172894316,0.287434851803323
S1_27395526,1,27395526,0,1,0.982337036349115,0.179882076006849
S1_27399403,1,27399403,0,1,0.0761871035197078,0.224400742831336
S1_27507748,1,27507748,0,1,0.024408249247957,0.0376963846970331
S1_27507964,1,27507964,0,1,0.294554897230263,0.570925605603214
S1_27524306,1,27524306,0,1,0.775464647201031,1.15555724023017
S1_27524307,1,27524307,0,1,0.311615826238954,0.137700634327165
S1_27524333,1,27524333,0,1,0.349461350205252,0.652909601035037
S1_27524334,1,27524334,0,1,0.108766302831073,0.229290254071331
S1_27524335,1,27524335,0,1,1.29937057084961,0.981248850026152
S1_27524339,1,27524339,0,1,0.629861018020426,1.00158340313815
S1_27625539,1,27625539,0,1,0.406566693312772,0.406566693312772
S1_27626654,1,27626654,0,1,0.497128665492869,0.835905563243883
S1_27626725,1,27626725,0,1,0.418510418721566,0.488228874171544
S1_27627301,1,27627301,0,1,0.813424690588545,0.473328117804138
S1_27627317,1,27627317,0,1,0.914956553055485,0.75516285341239
S1_27627320,1,27627320,0,1,0.841897218294112,0.522347613080818
S1_27627371,1,27627371,0,1,1.15018564267206,1.34658150698101
S1_27627373,1,27627373,0,1,0.678340575075928,0.791207295524092
S1_27627382,1,27627382,0,1,0.167998065859885,0.0700329955494318
S1_27628869,1,27628869,0,1,0.165441283810164,0.384598329532481
S1_27629019,1,27629019,0,1,0.0599360284280936,0.20017600585982
S1_27638246,1,27638246,0,1,0.102443456828731,0.232721253864322
S1_27638371,1,27638371,0,1,1.4352981226838,1.98554940136378
S1_27638377,1,27638377,0,1,0.00549327034747814,0.010260687200876
S1_27638458,1,27638458,0,1,0.0276098619554785,0.14167760776542
S1_27639610,1,27639610,0,1,0.560614677697547,0.560614677697547
S1_27643087,1,27643087,0,1,0.0456353195095601,0.0456353195095601
S1_27645479,1,27645479,0,1,0.377557584634896,0.726004235167778
S1_27777424,1,27777424,0,1,0.792668205616635,1.24673521854579
S1_27777562,1,27777562,0,1,1.44352076684926,1.69927400341906
S1_27777574,1,27777574,0,1,0.0283941690754209,0.074212675216313
S1_27777784,1,27777784,0,1,1.18312485784153,1.36339385848754
S1_27778007,1,27778007,0,1,0.955200044095972,1.24967188732729
S1_27778044,1,27778044,0,1,0.474428068260308,0.45352332544198
S1_27778048,1,27778048,0,1,0.0755231224171715,0.239976857213618
S1_27778053,1,27778053,0,1,0.0206354857998395,0.0206354857998395
S1_27778162,1,27778162,0,1,1.20945248196319,0.756470879128018
S1_27778823,1,27778823,0,1,0.590738759169586,0.590738759169586
S1_27799480,1,27799480,0,1,0.463611010403404,0.835178724358288
S1_27799510,1,27799510,0,1,1.04392027977112,1.26063861657619
S1_27804065,1,27804065,0,1,0.155524217550634,0.293113694450879
S1_27804092,1,27804092,0,1,1.01294594990479,0.281212253887464
S1_27861043,1,27861043,0,1,0.477000840759303,0.477000840759303
S1_27861045,1,27861045,0,1,0.76118780929167,0.76118780929167
S1_27861112,1,27861112,0,1,0.11774432544064,0.33003753847866
S1_27883761,1,27883761,0,1,0.277766476292527,0.255313585473348
S1_27888072,1,27888072,0,1,0.00894866534070181,0.0328681828027936
S1_27898048,1,27898048,0,1,0.541628407245695,0.67362206799238
S1_27899014,1,27899014,0,1,0.367536991343066,0.400920318149934
S1_27916900,1,27916900,0,1,0.179172200683455,0.139434340997924
S1_27917374,1,27917374,0,1,0.0535410355389486,0.0181125163102401
S1_27917794,1,27917794,0,1,0.202389794599935,0.280047613039743
S1_27917803,1,27917803,0,1,0.19642827706502,0.263373541474446
S1_27918126,1,27918126,0,1,0.0341002730587277,0.0153712843978745
S1_27918169,1,27918169,0,1,0.218267113666737,0.170624147678566
S1_27982375,1,27982375,0,1,1.84464856259291,1.84464856259291
S1_28210570,1,28210570,0,1,0.492825464814335,0.813273936360645
S1_28293011,1,28293011,0,1,0.0131990170847048,0.0692798307689218
S1_28417126,1,28417126,0,1,0.515617661978959,0.666530401996015
S1_28420641,1,28420641,0,1,0.241382039354656,0.0241070045218167
S1_28420872,1,28420872,0,1,0.185048754792475,0.448456933760769
S1_28424546,1,28424546,0,1,0.642240770406836,0.642240770406836
S1_28424547,1,28424547,0,1,0.0627701668301674,0.174471104645697
S1_28424552,1,28424552,0,1,0.0460467464962395,0.180904793585695
S1_28443753,1,28443753,0,1,0.210274110838716,0.311696599805861
S1_28448183,1,28448183,0,1,0.268124287201738,0.0749119828845381
S1_28459269,1,28459269,0,1,0.108490103318359,0.308057909221611
S1_28459488,1,28459488,0,1,0.295436759780135,0.295436759780135
S1_28461092,1,28461092,0,1,0.229060812537045,0.200809367974753
S1_28461127,1,28461127,0,1,0.103376673835417,0.114704337498133
S1_28521497,1,28521497,0,1,0.0567743543636838,0.0122146628303436
S1_28522579,1,28522579,0,1,0.586977171977781,0.328612967937128
S1_28596743,1,28596743,0,1,0.0573921918358267,0.114444828792746
S1_28596808,1,28596808,0,1,0.185254619435328,0.401033166466765
S1_28596816,1,28596816,0,1,0.0402024149918006,0.173933911803785
S1_28596976,1,28596976,0,1,NA,NA
S1_28596991,1,28596991,0,1,0.510236294061975,0.238563686489138
S1_28604396,1,28604396,0,1,0.357154077933211,0.125584174448797
S1_28605814,1,28605814,0,1,0.25401727690873,0.155308030291702
S1_28609657,1,28609657,0,1,0.45990155875129,0.45990155875129
S1_28610203,1,28610203,0,1,0.283252186170702,0.283252186170702
S1_28632206,1,28632206,0,1,0.316658168667343,0.316658168667343
S1_28643298,1,28643298,0,1,1.08304247013646,1.10190807417187
S1_28677519,1,28677519,0,1,0.0384802885401432,0.0384802885401432
S1_28677541,1,28677541,0,1,0.537593813085973,0.707270514008927
S1_28765068,1,28765068,0,1,0.309111844780038,0.00600261644061148
S1_28765074,1,28765074,0,1,0.159421192249264,0.0273517460143161
S1_28765279,1,28765279,0,1,1.14857343385089,1.67031326217369
S1_28765447,1,28765447,0,1,0.780827335939214,1.03017578498616
S1_28765554,1,28765554,0,1,0.0911047906626794,0.0887237082662348
S1_28794001,1,28794001,0,1,1.07784843303024,0.216566969167197
S1_28796497,1,28796497,0,1,0.0913109546131149,0.206305088352915
S1_28798077,1,28798077,0,1,0.0303674311714672,0.112605922909499
S1_28798219,1,28798219,0,1,0.14623645650169,0.324976824854872
S1_28861775,1,28861775,0,1,0.229674546359459,0.175073267953472
S1_28862233,1,28862233,0,1,0.118643301608583,0.334952321666273
S1_28926241,1,28926241,0,1,0.165323484224026,0.0292674998454655
S1_28927625,1,28927625,0,1,0.171538267467801,0.0925141723049046
S1_28961713,1,28961713,0,1,NA,NA
S1_28962596,1,28962596,0,1,1.02767604774691,1.34942489796712
S1_28962626,1,28962626,0,1,1.45900209194163,1.85197056207101
S1_28963154,1,28963154,0,1,0.101235010420458,0.101235010420458
S1_28963311,1,28963311,0,1,0.0171869148761043,0.0171869148761043
S1_28963427,1,28963427,0,1,0.137163820779793,0.189430743671361
S1_28964697,1,28964697,0,1,0.217600985971767,0.217600985971767
S1_28964712,1,28964712,0,1,0.139710976176323,0.242534325771104
S1_28964713,1,28964713,0,1,0.0339099750257123,0.0690547359329038
S1_28964720,1,28964720,0,1,0.0794060336226224,0.035111631737422
S1_28967572,1,28967572,0,1,0.416401035958994,0.726869647134553
S1_29032262,1,29032262,0,1,0.178397676866019,0.343955695871937
S1_29032298,1,29032298,0,1,0.899515149673723,0.101140486567855
S1_29032760,1,29032760,0,1,0.197780095305569,0.404406756478656
S1_29033965,1,29033965,0,1,0.262910498693979,0.562459075560965
S1_29033984,1,29033984,0,1,NA,NA
S1_29082605,1,29082605,0,1,0.423929396401469,0.347454349397007
S1_29082703,1,29082703,0,1,0.548804534354032,0.386617643662351
S1_29153148,1,29153148,0,1,0.167716305317483,0.167716305317483
S1_29156520,1,29156520,0,1,0.157613914708704,0.388236233734311
S1_29156544,1,29156544,0,1,0.0157364711853229,0.0418302997611881
S1_29190547,1,29190547,0,1,0.432456176574494,0.698825938122658
S1_29190567,1,29190567,0,1,0.288489162684285,0.0905536147159132
S1_29190772,1,29190772,0,1,NA,NA
S1_29191594,1,29191594,0,1,0.651828035246643,0.0563003386207768
S1_29191601,1,29191601,0,1,0.61194181703054,0.308226292210326
S1_29196597,1,29196597,0,1,0.0856334263305525,0.0856334263305525
S1_29196613,1,29196613,0,1,0.373251255290096,0.0148971178598086
S1_29198033,1,29198033,0,1,0.29472654958091,0.185927834497019
S1_29233511,1,29233511,0,1,0.639240734768236,0.312603103438678
S1_29241479,1,29241479,0,1,1.26404648184343,1.26404648184343
S1_29242098,1,29242098,0,1,NA,NA
S1_29258794,1,29258794,0,1,0.173670995852859,0.148483085990912
S1_29258798,1,29258798,0,1,0.498339185352262,0.345852667535245
S1_29258804,1,29258804,0,1,0.328288796931276,0.319067052498317
S1_29258908,1,29258908,0,1,0.379127283992261,0.379127283992261
S1_29259638,1,29259638,0,1,0.464027393599258,0.554387287723753
S1_29355106,1,29355106,0,1,1.83457774258315,2.00904768891367
S1_29356741,1,29356741,0,1,0.0196217086417038,0.0196217086417038
S1_29359859,1,29359859,0,1,0.936838090261259,0.936838090261259
S1_29359982,1,29359982,0,1,0.251495900808395,0.0282619560867705
S1_29361744,1,29361744,0,1,0.360362143588107,0.22591141596842
S1_29399963,1,29399963,0,1,0.543459021504586,0.872365796091421
S1_29400046,1,29400046,0,1,0.100982987438495,0.0353823611672661
S1_29512400,1,29512400,0,1,0.146343345642587,0.347666353730423
S1_29512454,1,29512454,0,1,0.092884146686115,0.28663868467116
S1_29514408,1,29514408,0,1,0.201228657613972,0.0506721012848308
S1_29519558,1,29519558,0,1,0.00155081135124418,0.0226425133743184
S1_29521967,1,29521967,0,1,0.165401037710518,0.182449450560543
S1_29543320,1,29543320,0,1,0.0121258350275715,0.0893801355677207
S1_29543329,1,29543329,0,1,0.346687595445521,0.0022547601923052
S1_29543395,1,29543395,0,1,0.481712942077259,0.570449069718829
S1_29543416,1,29543416,0,1,0.481712942077259,0.570449069718829
S1_29551602,1,29551602,0,1,1.75342673575534,0.254565198125414
S1_29614110,1,29614110,0,1,0.481262319263479,0.426552930579312
S1_29614122,1,29614122,0,1,0.0861365866825143,0.0449010247373932
S1_29614143,1,29614143,0,1,0.024503212842244,0.0610706429069206
S1_29614149,1,29614149,0,1,0.246203024062387,0.203227420123607
S1_29686154,1,29686154,0,1,0.344564372397459,0.176027968773044
S1_29686216,1,29686216,0,1,0.21211985127075,0.48503197783328
S1_29686255,1,29686255,0,1,0.658164044244881,0.313667016199351
S1_29740514,1,29740514,0,1,0.400394956776657,0.752496308285784
S1_29741255,1,29741255,0,1,0.221667697976224,0.0606225112566311
S1_29743100,1,29743100,0,1,0.822989831135684,0.447267534923286
S1_29757662,1,29757662,0,1,1.10360990403365,1.18276581115165
S1_29785202,1,29785202,0,1,0.0962328084329009,0.126736222428023
S1_29787015,1,29787015,0,1,0.898145307459986,0.0649508965371139
S1_29787054,1,29787054,0,1,0.112501416250884,0.112501416250884
S1_29788782,1,29788782,0,1,0.810517382640561,1.0553504272032
S1_29788910,1,29788910,0,1,0.148953901524353,0.0495599733313721
S1_29788926,1,29788926,0,1,0.354675946794846,0.645851292611786
S1_29933175,1,29933175,0,1,0.274197483468588,0.110323369599032
S1_29935725,1,29935725,0,1,0.715235798992963,0.715235798992963
S1_29935767,1,29935767,0,1,0.49952024607485,0.205971350085086
S1_29939492,1,29939492,0,1,0.215508545776865,0.1858338271705
S1_29939584,1,29939584,0,1,0.003956978451323,0.0249143599473834
S1_30042877,1,30042877,0,1,1.09959859259884,0.559602290636566
S1_30042893,1,30042893,0,1,0.345513503935207,0.624187384108397
S1_30042906,1,30042906,0,1,0.2884637767473,0.00848574198384172
S1_30215846,1,30215846,0,1,0.578962304204229,0.578962304204229
S1_30215875,1,30215875,0,1,0.271836845674171,0.580313862351461
S1_30215898,1,30215898,0,1,0.019325205698966,0.0527187377801712
S1_30216426,1,30216426,0,1,0.079755661877216,0.14910484115006
S1_30217556,1,30217556,0,1,0.544725531039585,0.738953441922496
S1_30256482,1,30256482,0,1,0.281292981009549,0.111105847937608
S1_30258303,1,30258303,0,1,NA,NA
S1_30260914,1,30260914,0,1,0.179761308177852,0.424432884726867
S1_30261043,1,30261043,0,1,0.164513972508353,0.411107454097428
S1_30279181,1,30279181,0,1,0.0233630153386393,0.0233630153386393
S1_30283369,1,30283369,0,1,0.270781713613703,0.0473952855534351
S1_30283382,1,30283382,0,1,0.315801466013261,0.166379583859103
S1_30295753,1,30295753,0,1,0.155764136394507,0.128562879256631
S1_30300172,1,30300172,0,1,0.45081160661706,0.564217119287067
S1_30300185,1,30300185,0,1,0.0927603406305127,0.202805709260439
S1_30300833,1,30300833,0,1,0.195292756721707,0.184119336036556
S1_30300844,1,30300844,0,1,0.217383070021636,0.120536988975209
S1_30300853,1,30300853,0,1,0.122762581035612,0.316270637581075
S1_30535923,1,30535923,0,1,0.327843726119884,0.651350238141903
S1_30539448,1,30539448,0,1,0.0101453344356449,0.00856586441415709
S1_30571387,1,30571387,0,1,0.317687655627192,0.0763871308250088
S1_30571407,1,30571407,0,1,0.0431994406961421,0.1176764912982
S1_30612622,1,30612622,0,1,0.278941384996899,0.278941384996899
S1_30612790,1,30612790,0,1,0.722280055999723,0.463076102255769
S1_30683357,1,30683357,0,1,1.07316507218281,1.23753013492003
S1_30683367,1,30683367,0,1,1.03114537749214,1.18404272386912
S1_30685919,1,30685919,0,1,0.355058094189254,0.321378251806871
S1_30685975,1,30685975,0,1,0.150757450553448,0.0615140729012867
S1_30686020,1,30686020,0,1,0.0473572487027675,0.0546024325977007
S1_30686032,1,30686032,0,1,0.0252073843475685,0.0879407545941266
S1_30686037,1,30686037,0,1,0.0943830105463223,0.0943830105463223
S1_30686046,1,30686046,0,1,0.177831987099511,0.21702987550671
S1_30686366,1,30686366,0,1,0.289614061460234,0.344587153846926
S1_30688819,1,30688819,0,1,0.224938551805315,0.0606004322263782
S1_30689129,1,30689129,0,1,0.00342072388615019,0.00342072388615019
S1_30689205,1,30689205,0,1,0.271285501294548,0.261306190710739
S1_30753249,1,30753249,0,1,0.136073953637262,0.135604847698656
S1_30753285,1,30753285,0,1,0.0384421075505138,0.0700328127857679
S1_30753331,1,30753331,0,1,0.720829465877582,0.720829465877582
S1_30802772,1,30802772,0,1,0.138571816501055,0.125248949927337
S1_30803274,1,30803274,0,1,0.414626853028156,0.193778382579337
S1_30803306,1,30803306,0,1,0.179378777058479,0.00894739896588599
S1_30803307,1,30803307,0,1,0.022390353495738,0.0540508141143073
S1_30803329,1,30803329,0,1,0.132327777170955,0.258639173389633
S1_30803333,1,30803333,0,1,0.0589224643494277,0.0288109659760645
S1_30803609,1,30803609,0,1,0.282651626106524,0.282651626106524
S1_30803623,1,30803623,0,1,0.277912125074637,0.277912125074637
S1_30804581,1,30804581,0,1,0.321779584199077,0.162375395256701
S1_30804583,1,30804583,0,1,0.321779584199077,0.162375395256701
S1_30804609,1,30804609,0,1,0.186417338432295,0.413854647465797
S1_30804753,1,30804753,0,1,1.27248927661484,0.391290767370236
S1_30904971,1,30904971,0,1,0.969339981027747,0.969339981027747
S1_31062007,1,31062007,0,1,0.266118402054817,0.0628950437586415
S1_31065893,1,31065893,0,1,0.363909296476404,0.142972459210866
S1_31065986,1,31065986,0,1,0.0609540509160461,0.0609540509160461
S1_31066137,1,31066137,0,1,0.0359044486245015,0.0760792195249724
S1_31206056,1,31206056,0,1,0.0396582844489035,0.0379145367105673
S1_31206062,1,31206062,0,1,0.0108863594139506,0.0564263405812923
S1_31206953,1,31206953,0,1,0.405544994895975,0.241456858963579
S1_31206955,1,31206955,0,1,0.0735092988721324,0.25124674206259
S1_31207566,1,31207566,0,1,0.121655808090177,0.00351694878898202
S1_31244261,1,31244261,0,1,0.27722975893039,0.0622586143118317
S1_31244295,1,31244295,0,1,0.452309870891533,0.822977855381146
S1_31249625,1,31249625,0,1,1.36499174167404,1.43447162336975
S1_31249631,1,31249631,0,1,0.793374450498325,0.0548699108412416
S1_31249632,1,31249632,0,1,1.1787544095815,0.344231249746062
S1_31249715,1,31249715,0,1,0.93699937855366,0.340214402690308
S1_31251789,1,31251789,0,1,0.716860661310734,0.778743605012245
S1_31428823,1,31428823,0,1,1.19198406139674,1.18070526344307
S1_31497384,1,31497384,0,1,0.116437777070283,0.116437777070283
S1_31535892,1,31535892,0,1,0.40232580436132,0.675999195690609
S1_31578308,1,31578308,0,1,0.194079988225732,0.018262712923858
S1_31743256,1,31743256,0,1,0.499865556966332,0.0647867182635902
S1_31744294,1,31744294,0,1,0.116817019589603,0.116817019589603
S1_31744296,1,31744296,0,1,0.123138249299653,0.123138249299653
S1_31745509,1,31745509,0,1,0.098026131591132,0.257284936020869
S1_31747010,1,31747010,0,1,0.135368572427782,0.363538518625017
S1_31767576,1,31767576,0,1,0.397246975187022,0.121187064324432
S1_31767684,1,31767684,0,1,1.327495447229,1.18990773355975
S1_31767704,1,31767704,0,1,1.25611341849736,1.09756643185943
S1_31848692,1,31848692,0,1,0.128274945448782,0.0877355154439905
S1_31848697,1,31848697,0,1,0.237645817726294,0.237645817726294
S1_31848719,1,31848719,0,1,0.493103980603624,0.478532917148114
S1_31850441,1,31850441,0,1,0.413031072845426,0.413031072845426
S1_31850496,1,31850496,0,1,0.0431663312514255,0.109443500787675
S1_31850523,1,31850523,0,1,0.0572494710623442,0.151419047613606
S1_31855754,1,31855754,0,1,0.834074577293975,0.32489716746299
S1_31855762,1,31855762,0,1,0.205905911483455,0.193493999956207
S1_31859300,1,31859300,0,1,0.291348260492859,0.606711881509712
S1_31862038,1,31862038,0,1,0.195473699348068,0.463788930946274
S1_31865113,1,31865113,0,1,0.222743571249176,0.385650631937696
S1_32009815,1,32009815,0,1,0.497721653488704,0.497721653488704
S1_32009821,1,32009821,0,1,0.557739661674309,0.238628484182357
S1_32020247,1,32020247,0,1,0.161273582313065,0.403329664662987
S1_32021280,1,32021280,0,1,0.593773833025712,0.593773833025712
S1_32021302,1,32021302,0,1,0.188174151203304,0.308660768568923
S1_32024960,1,32024960,0,1,0.0752854151794864,0.0752854151794864
S1_32052125,1,32052125,0,1,0.125462742606281,0.221882195433632
S1_32054052,1,32054052,0,1,0.0832201056423738,0.165950816278394
S1_32054479,1,32054479,0,1,0.0400657406938681,0.094361381246797
S1_32054522,1,32054522,0,1,NA,NA
S1_32081079,1,32081079,0,1,0.00304078936008404,0.00304078936008404
S1_32081080,1,32081080,0,1,0.0249710271965891,0.0731830352931803
S1_32081142,1,32081142,0,1,0.0143249582919934,0.0143249582919934
S1_32081199,1,32081199,0,1,0.301618839635218,0.18446955071841
S1_32087739,1,32087739,0,1,0.19962097502442,0.148576674630589
S1_32087744,1,32087744,0,1,0.526563603472895,0.0695995361696875
S1_32088459,1,32088459,0,1,0.0601485424685829,0.122350043418733
S1_32088558,1,32088558,0,1,0.326630921812251,0.230031748877026
S1_32091283,1,32091283,0,1,0.131932329116567,0.0621501049478684
S1_32091305,1,32091305,0,1,0.1763378511174,0.207863824631053
S1_32091619,1,32091619,0,1,1.07419835378522,0.591500482799037
S1_32091754,1,32091754,0,1,0.0921693996424433,0.231795650409546
S1_32091829,1,32091829,0,1,0.184132793773838,0.385268637003557
S1_32092189,1,32092189,0,1,0.121123104357197,0.319765285265998
S1_32092346,1,32092346,0,1,0.134852068027681,0.0914090923184139
S1_32092354,1,32092354,0,1,0.0905478686937315,0.183148633498153
S1_32093775,1,32093775,0,1,0.238846217314761,0.237562460619949
S1_32153843,1,32153843,0,1,0.907259446742251,0.9944123683515
S1_32153886,1,32153886,0,1,0.850110406474461,1.24875283564607
S1_32156418,1,32156418,0,1,0.219767760894526,0.0891185209657878
S1_32156691,1,32156691,0,1,0.0809820685443811,0.109364069493625
S1_32159060,1,32159060,0,1,0.154628276410169,0.154628276410169
S1_32159115,1,32159115,0,1,0.0403895308528657,0.0403895308528657
S1_32161488,1,32161488,0,1,0.245592039827056,0.211479892543082
S1_32196561,1,32196561,0,1,0.168433302911392,0.168433302911392
S1_32196614,1,32196614,0,1,0.229839042824296,0.229839042824296
S1_32197546,1,32197546,0,1,0.583913435123736,0.967321131847745
S1_32203095,1,32203095,0,1,0.804860605586332,1.00156523851245
S1_32228028,1,32228028,0,1,0.084652381436999,0.26039475286903
S1_32228227,1,32228227,0,1,0.166151366723242,0.00771482703133302
S1_32228273,1,32228273,0,1,0.351762455106029,0.439684955042402
S1_32228326,1,32228326,0,1,0.526821696687771,0.194538983177321
S1_32228690,1,32228690,0,1,0.364631798058589,0.583519493640581
S1_32228783,1,32228783,0,1,0.0639172100133385,0.11917226860067
S1_32228802,1,32228802,0,1,0.313487833610666,0.636037932495959
S1_32308600,1,32308600,0,1,0.853634178719275,0.494593066408139
S1_32308604,1,32308604,0,1,0.0774380825401728,0.115786810202141
S1_32308654,1,32308654,0,1,0.0829055473897539,0.175514481669358
S1_32321576,1,32321576,0,1,0.0454916344388529,0.0871345894915742
S1_32527525,1,32527525,0,1,NA,NA
S1_32577686,1,32577686,0,1,0.627637989199859,0.0982512660484877
S1_32577776,1,32577776,0,1,0.0534272801217677,0.130674014027109
S1_32578558,1,32578558,0,1,0.173509399708657,0.313202763144814
S1_32578563,1,32578563,0,1,0.130225633574849,0.238040710178642
S1_32578640,1,32578640,0,1,1.61851372035794,2.15006640570773
S1_32579175,1,32579175,0,1,1.62687193631577,0.905412140556386
S1_32579627,1,32579627,0,1,0.880965262552894,1.32960252415689
S1_32579630,1,32579630,0,1,1.30552443948529,1.8417030503081
S1_32579668,1,32579668,0,1,0.339490833033252,0.0822390888344293
S1_32579693,1,32579693,0,1,0.157824468822175,0.147999110740572
S1_32580137,1,32580137,0,1,0.70934840715071,1.12521802148179
S1_32580144,1,32580144,0,1,0.414707506137944,0.70623757940769
S1_32580170,1,32580170,0,1,0.437289903080886,0.328977022059134
S1_32580172,1,32580172,0,1,0.00363427157122865,0.0245654449777175
S1_32580218,1,32580218,0,1,0.0414375081392115,0.101669465257809
S1_32580263,1,32580263,0,1,0.246475541275676,0.125464394570033
S1_32580323,1,32580323,0,1,0.298176255640665,0.0414696016814006
S1_32580341,1,32580341,0,1,0.0335944633938918,0.0289376755379646
S1_32581175,1,32581175,0,1,0.829970493816125,1.11795052954093
S1_32581217,1,32581217,0,1,0.930609121463826,0.388259792634724
S1_32581221,1,32581221,0,1,0.416506399875799,0.427418644936492
S1_32581320,1,32581320,0,1,0.0854995499269135,0.261359891530368
S1_32581348,1,32581348,0,1,0.193356157603029,0.21051618890403
S1_32582474,1,32582474,0,1,1.36047183122661,1.40603513737438
S1_32582490,1,32582490,0,1,0.0142196431831798,0.0142196431831798
S1_32582517,1,32582517,0,1,0.488085441344949,0.0839749421328584
S1_32601179,1,32601179,0,1,0.252839287203053,0.539511927791054
S1_32601199,1,32601199,0,1,0.335958908682419,0.172226864777424
S1_32669088,1,32669088,0,1,0.325379800545169,0.122462639955364
S1_32756736,1,32756736,0,1,0.469101201757736,0.825328291607864
S1_32765227,1,32765227,0,1,0.10245903199275,0.102413033298578
S1_32836600,1,32836600,0,1,0.186661855415804,0.44777613878616
S1_32836645,1,32836645,0,1,0.401689852885641,0.401689852885641
S1_32836798,1,32836798,0,1,0.735475539065355,1.0633947028139
S1_32836825,1,32836825,0,1,0.242649083464084,0.192239698041948
S1_32836832,1,32836832,0,1,0.208876627264355,0.108105496633911
S1_32836833,1,32836833,0,1,0.110227937172979,0.0288715723605337
S1_32837953,1,32837953,0,1,0.0632987481733959,0.113516504574693
S1_32837962,1,32837962,0,1,0.239738494333946,0.530722303339272
S1_32838025,1,32838025,0,1,0.417241102972151,0.431941099687513
S1_32838487,1,32838487,0,1,0.847531422279451,0.872528798615766
S1_32838505,1,32838505,0,1,0.383146491409383,0.383146491409383
S1_32839020,1,32839020,0,1,0.048540383774973,0.0740167564541312
S1_32839033,1,32839033,0,1,0.157873026638722,0.122092447756536
S1_32839035,1,32839035,0,1,0.03269821561277,0.03269821561277
S1_32839130,1,32839130,0,1,0.368313002757161,0.245863901450796
S1_32839447,1,32839447,0,1,0.927207310835296,1.3404317070906
S1_32868703,1,32868703,0,1,0.0782929729141916,0.212661708307203
S1_32869640,1,32869640,0,1,0.17498745467224,0.225415167845852
S1_32869668,1,32869668,0,1,0.0249591940578182,0.0675553645450823
S1_32870933,1,32870933,0,1,0.00730598954255665,0.0352000514885354
S1_32870948,1,32870948,0,1,0.235944475577702,0.235944475577702
S1_32871005,1,32871005,0,1,0.147548800933582,0.347057229169608
S1_32871016,1,32871016,0,1,0.600649708477381,0.345911274933694
S1_32871017,1,32871017,0,1,0.0837236559834869,0.247795387298726
S1_32871026,1,32871026,0,1,0.316801421754066,0.0269626817584082
S1_32871036,1,32871036,0,1,0.0232150619248589,0.118794865942469
S1_32871037,1,32871037,0,1,0.232796111535714,0.133336437517076
S1_32985428,1,32985428,0,1,0.387126876430829,0.425365848552615
S1_32985452,1,32985452,0,1,0.85314938595725,1.0657700553286
S1_32996777,1,32996777,0,1,0.420220854323544,0.761518561789752
S1_32998056,1,32998056,0,1,0.331730054267235,0.663132728685459
S1_33111464,1,33111464,0,1,0.0131680521989511,0.08586238160948
S1_33111471,1,33111471,0,1,0.580950095512827,0.235479472528247
S1_33111503,1,33111503,0,1,0.114706968838765,0.193116386636012
S1_33112151,1,33112151,0,1,0.14310572706593,0.14310572706593
S1_33112238,1,33112238,0,1,0.289049731360383,0.0669252059626122
S1_33112248,1,33112248,0,1,0.280171677476349,0.0549656868954975
S1_33112290,1,33112290,0,1,0.317162619945689,0.108639621768733
S1_33112292,1,33112292,0,1,0.0677648080762539,0.100116293600334
S1_33112319,1,33112319,0,1,0.0963377470969271,0.211500409068017
S1_33112328,1,33112328,0,1,0.319218525593395,0.612542615326234
S1_33112486,1,33112486,0,1,0.530917885577394,0.494738424097204
S1_33112492,1,33112492,0,1,0.883287737656951,1.20493111523362
S1_33120623,1,33120623,0,1,1.29355993994226,1.30775744738029
S1_33120626,1,33120626,0,1,1.18070135432681,1.43801115194755
S1_33121953,1,33121953,0,1,1.0778113893652,1.38183139528132
S1_33121961,1,33121961,0,1,0.613165190325432,0.899357681187981
S1_33122606,1,33122606,0,1,0.337941517404702,0.160201084529206
S1_33122622,1,33122622,0,1,0.579337588001474,0.44265247428399
S1_33123842,1,33123842,0,1,0.304079662845253,0.529166102473306
S1_33123866,1,33123866,0,1,0.764162816090215,1.10082342961346
S1_33124634,1,33124634,0,1,0.27599910369478,0.394781258509783
S1_33160251,1,33160251,0,1,0.084381791687612,0.131811716104864
S1_33160259,1,33160259,0,1,0.250699517883819,0.471690891302968
S1_33160260,1,33160260,0,1,0.345015896744181,0.683283121556509
S1_33160265,1,33160265,0,1,0.215046894259836,0.490284272461321
S1_33162287,1,33162287,0,1,0.0194850432113727,0.0116049013189796
S1_33162335,1,33162335,0,1,0.579139720855313,0.649122082566603
S1_33162386,1,33162386,0,1,0.347761719366638,0.46310032459219
S1_33162853,1,33162853,0,1,0.134346087213989,0.134346087213989
S1_33214965,1,33214965,0,1,0.908078708516285,0.966405346052963
S1_33219060,1,33219060,0,1,0.260078558244143,0.546138228568315
S1_33219075,1,33219075,0,1,0.525098779465827,0.913871457146057
S1_33219173,1,33219173,0,1,0.112734708089254,0.201623746811704
S1_33219186,1,33219186,0,1,0.0285940114079198,0.0701655046515597
S1_33267606,1,33267606,0,1,0.486790050365242,0.44953006416981
S1_33267610,1,33267610,0,1,0.00749090875038059,0.0582666270624892
S1_33268130,1,33268130,0,1,0.92428431504515,0.323803731544517
S1_33268155,1,33268155,0,1,0.934730930790044,0.338617686416866
S1_33270194,1,33270194,0,1,0.169880880654924,0.360022847160466
S1_33270221,1,33270221,0,1,0.761071134492661,1.13670616282754
S1_33270229,1,33270229,0,1,0.210105616857499,0.473215439165801
S1_33270246,1,33270246,0,1,0.845657710637833,1.09894212918014
S1_33270247,1,33270247,0,1,0.347103839170194,0.521992723766561
S1_33270260,1,33270260,0,1,0.28792679508167,0.32016118356234
S1_33278549,1,33278549,0,1,0.149173549973141,0.149173549973141
S1_33278559,1,33278559,0,1,0.494288514794512,0.439258516235319
S1_33286515,1,33286515,0,1,0.30145762556785,0.38847908858389
S1_33286561,1,33286561,0,1,0.197179598872337,0.15708590768566
S1_33287321,1,33287321,0,1,0.145370419136065,0.145370419136065
S1_33287324,1,33287324,0,1,0.0256245398105168,0.0256245398105168
S1_33287368,1,33287368,0,1,0.0618926275201086,0.160492441908495
S1_33288873,1,33288873,0,1,0.192307205766101,0.213973592058334
S1_33289104,1,33289104,0,1,0.469553178184535,0.469553178184535
S1_33289133,1,33289133,0,1,1.09759693076465,0.1118097169591
S1_33317811,1,33317811,0,1,0.0460659823757356,0.110191210398813
S1_33317841,1,33317841,0,1,0.427289932615107,0.27574688145698
S1_33317992,1,33317992,0,1,0.385356352487879,0.529519572670638
S1_33321634,1,33321634,0,1,0.47596702540936,0.745167485911847
S1_33321639,1,33321639,0,1,0.285633640933395,0.464933030892331
S1_33382935,1,33382935,0,1,0.046804185669452,0.046804185669452
S1_33415725,1,33415725,0,1,0.0997786184907626,0.117378898954035
S1_33415782,1,33415782,0,1,0.380908610958134,0.182663848347509
S1_33415796,1,33415796,0,1,0.176145831744901,0.110435858590601
S1_33416205,1,33416205,0,1,0.507112071359393,0.106256148786988
S1_33416255,1,33416255,0,1,0.156453935229132,0.317568158109684
S1_33423182,1,33423182,0,1,0.119569186550047,0.0663460685311017
S1_33423510,1,33423510,0,1,0.0222913219500548,0.0253355478890249
S1_33423719,1,33423719,0,1,0.405739764699127,0.560187701261269
S1_33425754,1,33425754,0,1,0.488920418153054,0.666317354880244
S1_33425841,1,33425841,0,1,0.0105546085580896,0.076974203968605
S1_33425848,1,33425848,0,1,0.0880447411847735,0.279537340582713
S1_33426151,1,33426151,0,1,0.764380251738728,0.764380251738728
S1_33426159,1,33426159,0,1,0.671779562308599,0.671779562308599
S1_33449778,1,33449778,0,1,0.0214809523127139,0.115036592783182
S1_33460115,1,33460115,0,1,0.828097544517643,1.2812058288287
S1_33461107,1,33461107,0,1,0.127006362255154,0.127006362255154
S1_33461109,1,33461109,0,1,0.298790513724356,0.458318097911593
S1_33473264,1,33473264,0,1,0.479926645508376,0.840042846282438
S1_33474278,1,33474278,0,1,0.458129983047985,0.0480598183329043
S1_33527047,1,33527047,0,1,0.783320754714717,0.933681158719229
S1_33630096,1,33630096,0,1,0.0709477399359178,0.0307350357829011
S1_33676845,1,33676845,0,1,0.690262546420712,0.107851119605192
S1_33676915,1,33676915,0,1,0.883503359998856,0.573042722085133
S1_33797529,1,33797529,0,1,0.230969579714759,0.221854212132885
S1_33799569,1,33799569,0,1,0.269940996073347,0.394533025468295
S1_33799930,1,33799930,0,1,0.180725023062387,0.180725023062387
S1_33823185,1,33823185,0,1,0.0127362481355618,0.0658594421671013
S1_33832051,1,33832051,0,1,1.14242939230734,0.408397134142928
S1_33832111,1,33832111,0,1,0.880024081784814,0.341537164834568
S1_33832519,1,33832519,0,1,0.137657600635097,0.367191122906315
S1_33832777,1,33832777,0,1,0.104953748855063,0.155587006661032
S1_33836420,1,33836420,0,1,0.0285431928245331,0.102665589110097
S1_33837037,1,33837037,0,1,0.498016999244915,0.470793202220305
S1_33842113,1,33842113,0,1,0.030040255777344,0.0382462740679796
S1_33842129,1,33842129,0,1,1.2309727660946,1.2309727660946
S1_33842202,1,33842202,0,1,0.190729596994918,0.00384026793202323
S1_33882311,1,33882311,0,1,0.117083406048662,0.330676636606536
S1_33884416,1,33884416,0,1,0.0604739644883378,0.214852517090144
S1_33884428,1,33884428,0,1,0.0858190989083965,0.0981273357066457
S1_33889825,1,33889825,0,1,0.354446993681484,0.0275581518967862
S1_33889985,1,33889985,0,1,0.314002973897026,0.0882156184260438
S1_33890385,1,33890385,0,1,0.186044669090873,0.0727251163671904
S1_33891962,1,33891962,0,1,0.678558557338095,0.811196287344487
S1_33891964,1,33891964,0,1,0.883591936333127,0.883591936333127
S1_33891968,1,33891968,0,1,0.437813867147374,0.572488176662798
S1_33892020,1,33892020,0,1,0.0488623685337737,0.0488623685337737
S1_33892046,1,33892046,0,1,0.130452402190083,0.169835815253032
S1_33953438,1,33953438,0,1,0.122180827457535,0.342181073495444
S1_33953448,1,33953448,0,1,0.00047953982995049,0.0165453441306022
S1_33953501,1,33953501,0,1,0.0493298104931253,0.198314965096896
S1_33956553,1,33956553,0,1,0.250894769113637,0.205135450375481
S1_34152661,1,34152661,0,1,0.475485519889767,0.0507263365885818
S1_34152673,1,34152673,0,1,0.458233391431495,0.056346393392589
S1_34154288,1,34154288,0,1,0.0708425212434857,0.0708425212434857
S1_34154447,1,34154447,0,1,0.341702632206657,0.485976311581939
S1_34210868,1,34210868,0,1,0.149840645564221,0.348312567126628
S1_34315390,1,34315390,0,1,1.24966498517794,1.71022863766059
S1_34322037,1,34322037,0,1,0.413450711242535,0.467086084008451
S1_34323601,1,34323601,0,1,0.345541510848897,0.679776302169945
S1_34323630,1,34323630,0,1,0.424640554172239,0.613876108310092
S1_34380528,1,34380528,0,1,0.281332434052683,0.526429615161897
S1_34380531,1,34380531,0,1,0.557362186653164,0.899002000686727
S1_34387071,1,34387071,0,1,0.467017899006867,0.685695021374899
S1_34387110,1,34387110,0,1,0.950553703383956,0.809680639875793
S1_34387221,1,34387221,0,1,0.550033155282649,0.550033155282649
S1_34387272,1,34387272,0,1,0.338971394277638,0.338971394277638
S1_34400006,1,34400006,0,1,0.947351670598295,0.947351670598295
S1_34400116,1,34400116,0,1,0.0862906893371096,0.0836217284026088
S1_34400810,1,34400810,0,1,0.279931363802525,0.279931363802525
S1_34405610,1,34405610,0,1,0.362529575781714,0.645533082435617
S1_34595144,1,34595144,0,1,0.199898026025143,0.199898026025143
S1_34595261,1,34595261,0,1,0.161688921651397,0.191589700284215
S1_34595792,1,34595792,0,1,0.768476050724093,0.176740978735278
S1_34595884,1,34595884,0,1,0.0100136317644369,0.0600568395727
S1_34596676,1,34596676,0,1,0.457677823927978,0.0487615793037554
S1_34596702,1,34596702,0,1,2.08504562413324,1.96753281100996
S1_34596721,1,34596721,0,1,0.382001615204477,0.231906999397033
S1_34661166,1,34661166,0,1,0.231022376847913,0.130850927270524
S1_34661998,1,34661998,0,1,0.0795326659681939,0.0929972866032539
S1_34662037,1,34662037,0,1,0.105432176859866,0.105432176859866
S1_34663637,1,34663637,0,1,0.05262631965548,0.05262631965548
S1_34667952,1,34667952,0,1,0.110333152404923,0.180522282762965
S1_34716097,1,34716097,0,1,0.634296784602824,0.485701938855418
S1_34716115,1,34716115,0,1,NA,NA
S1_34716591,1,34716591,0,1,0.179984080793881,0.034411343201718
S1_34720996,1,34720996,0,1,0.405946493152056,0.74068569128153
S1_34810381,1,34810381,0,1,1.29343670588379,0.131183304626549
S1_34810388,1,34810388,0,1,0.435469086633754,0.0969892589705514
S1_34813468,1,34813468,0,1,0.202319143728936,0.346083795048064
S1_34813744,1,34813744,0,1,0.622549303608121,0.0629990075100097
S1_34813759,1,34813759,0,1,0.299604197556481,0.359643568255342
S1_34813766,1,34813766,0,1,0.0551948202685304,0.0777878851060266
S1_34895406,1,34895406,0,1,0.885079029794054,0.701915740660407
S1_34936435,1,34936435,0,1,0.516417852987619,0.818900463424721
S1_34936444,1,34936444,0,1,0.304002511154,0.0721304317641829
S1_34936454,1,34936454,0,1,0.904745752638615,1.34503280573924
S1_34936456,1,34936456,0,1,0.02859366899891,0.096416815274561
S1_34946756,1,34946756,0,1,0.263223654082877,0.0211636395897509
S1_34947900,1,34947900,0,1,0.184202881172921,0.437322386589982
S1_34950639,1,34950639,0,1,0.542874384216571,0.0340447898649643
S1_34951744,1,34951744,0,1,0.425526655538943,0.425526655538943
S1_34955830,1,34955830,0,1,0.106888893673527,0.309362943431013
S1_34955841,1,34955841,0,1,0.095000669534634,0.253833611193044
S1_34959849,1,34959849,0,1,0.542821344018487,0.757816932135838
S1_34959851,1,34959851,0,1,0.416615181704553,0.591898785538599
S1_34961408,1,34961408,0,1,0.225532469402988,0.504644267443254
S1_34970430,1,34970430,0,1,0.289054668120897,0.604948992297364
S1_34970442,1,34970442,0,1,0.140156150591917,0.374314430982877
S1_34996165,1,34996165,0,1,0.00886107812920008,0.00886107812920008
S1_35043683,1,35043683,0,1,0.159401936818564,0.308706443843057
S1_35055205,1,35055205,0,1,0.0900555851345637,0.256480349677669
S1_35133478,1,35133478,0,1,0.141741832778555,0.270568717693914
S1_35133539,1,35133539,0,1,0.10821525755262,0.134369668814404
S1_35133649,1,35133649,0,1,0.0587951872335319,0.124060386175625
S1_35133735,1,35133735,0,1,0.0654671570652186,0.193855238311595
S1_35136068,1,35136068,0,1,0.323120872742932,0.00907826786455431
S1_35136546,1,35136546,0,1,0.230631996140222,0.164478159681593
S1_35136637,1,35136637,0,1,0.147551066646121,0.181343111271042
S1_35136654,1,35136654,0,1,0.0857372972910509,0.0423075451986081
S1_35136660,1,35136660,0,1,0.88206773507945,0.150034120829064
S1_35136951,1,35136951,0,1,0.215208850749915,0.343205718187238
S1_35185810,1,35185810,0,1,NA,NA
S1_35189966,1,35189966,0,1,0.644714299313474,0.644714299313474
S1_35189997,1,35189997,0,1,0.839148519192003,0.73980452784251
S1_35190766,1,35190766,0,1,0.081719943054023,0.178039722129551
S1_35212180,1,35212180,0,1,0.33864609259768,0.454657784094472
S1_35212783,1,35212783,0,1,0.0201741654444446,0.0302038089603529
S1_35212784,1,35212784,0,1,0.416217518579195,0.416217518579195
S1_35213738,1,35213738,0,1,0.722417609001082,0.0311254541502934
S1_35214633,1,35214633,0,1,0.765825944865061,0.1793307917955
S1_35214940,1,35214940,0,1,0.959234981659618,1.45020809407211
S1_35215057,1,35215057,0,1,0.208792041105041,0.369015870331588
S1_35215069,1,35215069,0,1,0.436351995423723,0.53949818202084
S1_35216201,1,35216201,0,1,0.0770316463758082,0.189614038681024
S1_35217574,1,35217574,0,1,0.387902697730079,0.741031868700374
S1_35220699,1,35220699,0,1,0.660301792610093,1.0632780684087
S1_35220753,1,35220753,0,1,0.798687486522968,0.99745565029685
S1_35237600,1,35237600,0,1,0.570432594619553,0.570432594619553
S1_35237636,1,35237636,0,1,0.187853030179525,0.173606801635168
S1_35237666,1,35237666,0,1,0.32216082006509,0.128506413838281
S1_35245063,1,35245063,0,1,0.207168241039294,0.27295210011757
S1_35247396,1,35247396,0,1,0.0841092974123467,0.272423009042094
S1_35577951,1,35577951,0,1,0.542215758188185,0.932542545946446
S1_35578083,1,35578083,0,1,0.228575107383888,0.0797032427796541
S1_35581555,1,35581555,0,1,0.087932583586025,0.069722386156636
S1_35581622,1,35581622,0,1,0.0594569810686936,0.0257027232135959
S1_35581699,1,35581699,0,1,0.135275431958957,0.0210705779356431
S1_35581743,1,35581743,0,1,0.0138056753517959,0.0354634053212267
S1_35584378,1,35584378,0,1,0.097876711712068,0.097876711712068
S1_35653459,1,35653459,0,1,1.80210417026313,1.80210417026313
S1_35653506,1,35653506,0,1,0.729999290387793,0.729999290387793
S1_35655673,1,35655673,0,1,0.294028064763833,0.274644415392726
S1_35655711,1,35655711,0,1,0.293463431560805,0.267478849133508
S1_35743702,1,35743702,0,1,1.06440284985738,1.33926574748818
S1_35758991,1,35758991,0,1,0.51863888425774,0.409879593071679
S1_35759867,1,35759867,0,1,0.319601150878905,0.319601150878905
S1_35759909,1,35759909,0,1,0.042105746296834,0.156966924647332
S1_35759933,1,35759933,0,1,0.613661322339503,0.935449123962389
S1_35761328,1,35761328,0,1,0.153235889860095,0.368558820271949
S1_35770869,1,35770869,0,1,0.01391799390462,0.0751868462857607
S1_35770910,1,35770910,0,1,0.070366929966966,0.19471698532482
S1_35770949,1,35770949,0,1,0.4303478670734,0.780963551548126
S1_35833422,1,35833422,0,1,0.294634170061478,0.307991737407283
S1_35833441,1,35833441,0,1,1.201927156593,1.72993644128888
S1_35833445,1,35833445,0,1,0.370665571230324,0.443301217110826
S1_35833464,1,35833464,0,1,0.572793295158993,0.573439008323594
S1_35833489,1,35833489,0,1,0.0840460101117128,0.191851858300055
S1_35833510,1,35833510,0,1,0.0656499562366773,0.0942240551037846
S1_35888095,1,35888095,0,1,0.280611841263869,0.342287809301644
S1_35888648,1,35888648,0,1,0.420125007848346,0.438129761042188
S1_35928651,1,35928651,0,1,0.721992893898288,1.06477757156838
S1_35929087,1,35929087,0,1,0.398113967801364,0.48396342272253
S1_35929894,1,35929894,0,1,0.318632520576418,0.545409562283466
S1_35930017,1,35930017,0,1,0.191796689004285,0.436024789507602
S1_35930025,1,35930025,0,1,0.0676574181532542,0.0561402200860178
S1_35936597,1,35936597,0,1,0.180876946950524,0.366998745255315
S1_35936683,1,35936683,0,1,0.0464549080657944,0.0247377933546302
S1_36153317,1,36153317,0,1,0.57142325842125,0.38710180680047
S1_36154257,1,36154257,0,1,0.237111972289041,0.165733602991856
S1_36155708,1,36155708,0,1,0.362160642141075,0.703031402008001
S1_36155732,1,36155732,0,1,0.382692023853189,0.673898955633002
S1_36155805,1,36155805,0,1,0.126841514924621,0.27431829810902
S1_36155968,1,36155968,0,1,0.247753746022217,0.526631587182301
S1_36157406,1,36157406,0,1,0.27080637438493,0.577067522442592
S1_36213792,1,36213792,0,1,0.282083306245819,0.551500327052972
S1_36213804,1,36213804,0,1,0.0219464080985923,0.119661005045888
S1_36216083,1,36216083,0,1,0.121051522863317,0.219733436599602
S1_36216680,1,36216680,0,1,0.144785778714764,0.144785778714764
S1_36216824,1,36216824,0,1,0.0476478196691394,0.00372210182656336
S1_36219679,1,36219679,0,1,0.098218117570692,0.223652766004052
S1_36220091,1,36220091,0,1,0.185535960581545,0.00480194128929539
S1_36220105,1,36220105,0,1,0.0183126913348428,0.0762449781087685
S1_36220808,1,36220808,0,1,0.00460670813009553,0.0101665531420688
S1_36220941,1,36220941,0,1,0.470279640596755,0.797299101028075
S1_36222104,1,36222104,0,1,0.386157449367828,0.690965220069281
S1_36222120,1,36222120,0,1,0.153703999325179,0.0723643643485691
S1_36345816,1,36345816,0,1,0.0787507540414714,0.0787507540414714
S1_36346572,1,36346572,0,1,0.322747248649982,0.0388752824943835
S1_36346623,1,36346623,0,1,0.25534322504648,0.529192389930722
S1_36346668,1,36346668,0,1,0.321079366583669,0.446528462794055
S1_36346768,1,36346768,0,1,0.604757014744544,0.325580778229021
S1_36420140,1,36420140,0,1,0.302171463136155,0.362321897472965
S1_36498973,1,36498973,0,1,0.361639837318979,0.580325873836499
S1_36500310,1,36500310,0,1,0.132612757600096,0.132612757600096
S1_36800021,1,36800021,0,1,0.0657284250039269,0.081628722875377
S1_36801883,1,36801883,0,1,0.290491850948009,0.255634622404621
S1_36801895,1,36801895,0,1,0.165491604884866,0.216048110918894
S1_36831166,1,36831166,0,1,0.0463096558829254,0.110768441731453
S1_36831658,1,36831658,0,1,0.00916045074535487,0.0138129091618408
S1_36831706,1,36831706,0,1,0.0383052485858138,0.0161257418067063
S1_36831913,1,36831913,0,1,0.265843426169209,0.545765762275739
S1_36897599,1,36897599,0,1,0.15895350501435,0.240126567634239
S1_36914724,1,36914724,0,1,0.00338286298058506,0.0386178972306062
S1_36914733,1,36914733,0,1,0.379354738976498,0.651814072784804
S1_36914749,1,36914749,0,1,0.158389979098361,0.0368173210600198
S1_36915549,1,36915549,0,1,0.0914279205205035,0.271514342209963
S1_36915562,1,36915562,0,1,0.577008284648911,0.749167459513532
S1_36915629,1,36915629,0,1,0.0972748508722106,0.0822329226781723
S1_36917000,1,36917000,0,1,0.0327993804322668,0.0775197458770101
S1_36918425,1,36918425,0,1,0.878135430653386,1.21083380953305
S1_36918670,1,36918670,0,1,0.0361854830882047,0.0511304522863186
S1_36918721,1,36918721,0,1,0.357179900607255,0.539596356059548
S1_36918772,1,36918772,0,1,0.0889965415797669,0.254347099462032
S1_36973190,1,36973190,0,1,0.0710325127893509,0.19240582972296
S1_36973202,1,36973202,0,1,0.147433486255247,0.0188459641998026
S1_36973228,1,36973228,0,1,0.1636079804468,0.129006516203033
S1_36973661,1,36973661,0,1,0.363968595970044,0.709568598230185
S1_36973741,1,36973741,0,1,0.0200062012322848,0.0424965525169249
S1_36973855,1,36973855,0,1,0.0253230104909624,0.00733669880789187
S1_36973915,1,36973915,0,1,0.59133852415369,0.991403013562689
S1_36973923,1,36973923,0,1,0.297876796769392,0.102920836470214
S1_37125640,1,37125640,0,1,0.0825528342446235,0.266911003199586
S1_37128887,1,37128887,0,1,0.849126971229227,1.00866426531456
S1_37132648,1,37132648,0,1,0.202879773205974,0.256063311378574
S1_37132968,1,37132968,0,1,0.0785458054325223,0.185249886659728
S1_37132986,1,37132986,0,1,0.317430680136084,0.033858077136567
S1_37203165,1,37203165,0,1,NA,NA
S1_37205921,1,37205921,0,1,0.802388796053628,1.23047660303155
S1_37205982,1,37205982,0,1,1.23797168494632,1.70050251420887
S1_37209316,1,37209316,0,1,0.0330015713077574,0.136734690648931
S1_37209357,1,37209357,0,1,1.15412205082597,1.05208906382294
S1_37315192,1,37315192,0,1,0.424447281216972,0.786374356826942
S1_37315370,1,37315370,0,1,0.0980747431405442,0.0596773592808456
S1_37315415,1,37315415,0,1,0.401357187078694,0.520622614738202
S1_37315885,1,37315885,0,1,0.399926152227066,0.511505013339708
S1_37541702,1,37541702,0,1,0.0845564264122081,0.186501395893503
S1_37541777,1,37541777,0,1,0.0138202216570311,0.0517560642607319
S1_37541841,1,37541841,0,1,0.158782798708126,0.283898005258194
S1_37711414,1,37711414,0,1,0.367307456668339,0.367307456668339
S1_37711840,1,37711840,0,1,0.786312395685668,0.356059859678479
S1_37715236,1,37715236,0,1,0.787185788434212,1.19046859161046
S1_37715465,1,37715465,0,1,1.40398246968274,1.95287970546506
S1_37715596,1,37715596,0,1,NA,NA
S1_37717289,1,37717289,0,1,0.651945302491432,0.175129797556087
S1_37717359,1,37717359,0,1,0.0581744242623589,0.200898034746929
S1_37720671,1,37720671,0,1,0.276837756555655,0.234896581264057
S1_37720849,1,37720849,0,1,0.242417185310655,0.350911242718275
S1_37720906,1,37720906,0,1,0.35457192035207,0.0788176444500491
S1_37725225,1,37725225,0,1,0.584964780599565,0.584964780599565
S1_37842185,1,37842185,0,1,0.277977165027003,0.0701181099372343
S1_37842341,1,37842341,0,1,0.185071234427222,0.409184309736185
S1_37842404,1,37842404,0,1,0.739893435240254,0.200325603240152
S1_37842806,1,37842806,0,1,0.122431051628239,0.194092697602676
S1_37842905,1,37842905,0,1,0.12726044208203,0.231455381453049
S1_37925089,1,37925089,0,1,0.759399901383099,1.07692414279112
S1_37944074,1,37944074,0,1,1.20896740553911,1.20896740553911
S1_38007709,1,38007709,0,1,0.968265759240395,1.32110165460279
S1_38130432,1,38130432,0,1,0.059489272295147,0.170522443337341
S1_38130468,1,38130468,0,1,1.18951916520503,1.71133195878715
S1_38130476,1,38130476,0,1,0.174659566016089,0.286568715442391
S1_38130504,1,38130504,0,1,0.374561447307742,0.158314736527412
S1_38131442,1,38131442,0,1,1.52262112904787,0.0194160134061786
S1_38131791,1,38131791,0,1,0.139317209735411,0.341375566677443
S1_38188309,1,38188309,0,1,0.272010032002228,0.461083533321247
S1_38188405,1,38188405,0,1,0.0932364359943391,0.162564207544268
S1_38188691,1,38188691,0,1,0.382531363230304,0.106627135033461
S1_38188693,1,38188693,0,1,0.441008629337577,0.236477550706966
S1_38188717,1,38188717,0,1,0.156114349240806,0.39196375581457
S1_38212158,1,38212158,0,1,0.0956319710890722,0.0443569977611582
S1_38244056,1,38244056,0,1,1.38836652326107,1.38836652326107
S1_38244061,1,38244061,0,1,0.394059881942556,0.0680256189346912
S1_38244305,1,38244305,0,1,0.10497319113828,0.240017094309339
S1_38246290,1,38246290,0,1,0.108403785614163,0.286624578417428
S1_38246314,1,38246314,0,1,0.274641667586699,0.544975469984946
S1_38248930,1,38248930,0,1,0.21644932559661,0.465522475725308
S1_38252398,1,38252398,0,1,0.217999743469714,0.410325237558705
S1_38312382,1,38312382,0,1,0.0433854564477538,0.174388309400458
S1_38316660,1,38316660,0,1,0.684461491323823,0.836461006405539
S1_38316713,1,38316713,0,1,0.191353911546439,0.0533751723543215
S1_38316745,1,38316745,0,1,0.0902717518487003,0.100384439066628
S1_38317212,1,38317212,0,1,0.00845069755557427,0.0510006292019005
S1_38317228,1,38317228,0,1,0.132033621200543,0.355055045022177
S1_38445432,1,38445432,0,1,0.161262446730972,0.408895562509868
S1_38446719,1,38446719,0,1,1.35819415368123,1.35819415368123
S1_38446755,1,38446755,0,1,1.35819415368123,1.35819415368123
S1_38537773,1,38537773,0,1,0.0726538227716265,0.191623090186478
S1_38547638,1,38547638,0,1,0.354301317673572,0.0945280103152068
S1_38548781,1,38548781,0,1,0.440641768468827,0.521533075998367
S1_38550575,1,38550575,0,1,0.283905993977938,0.283905993977938
S1_38609777,1,38609777,0,1,0.0535600397326756,0.0706652191060827
S1_38610159,1,38610159,0,1,0.127861339733345,0.224422753891219
S1_38610661,1,38610661,0,1,0.778945727826467,1.1415596351813
S1_38616550,1,38616550,0,1,0.082403603422106,0.170792686036888
S1_38616556,1,38616556,0,1,0.250959741128578,0.151391756494761
S1_38616571,1,38616571,0,1,0.367214245294209,0.329285904935399
S1_38616731,1,38616731,0,1,0.185802336084663,0.119104173417975
S1_38617603,1,38617603,0,1,0.235092008234055,0.481357874723483
S1_38617608,1,38617608,0,1,0.181204135418779,0.016020766088818
S1_38617624,1,38617624,0,1,0.438375660021773,0.0657376830391924
S1_38734546,1,38734546,0,1,0.806483534995377,1.25617216270556
S1_38737084,1,38737084,0,1,0.0919212535853516,0.141761457783275
S1_38737907,1,38737907,0,1,0.670125776686876,1.0955036052415
S1_38740537,1,38740537,0,1,0.419472650804517,0.419472650804517
S1_38740550,1,38740550,0,1,0.371604705742068,0.371604705742068
S1_38740581,1,38740581,0,1,0.455794701620767,0.455794701620767
S1_38742069,1,38742069,0,1,0.0555928746409084,0.0877956083395524
S1_38744021,1,38744021,0,1,0.169207881086775,0.0486193461760091
S1_38786946,1,38786946,0,1,0.423800229995735,0.340453249571761
S1_38786964,1,38786964,0,1,0.5506818965171,0.682400260746049
S1_38786969,1,38786969,0,1,0.802306947857383,0.965476834702593
S1_38787290,1,38787290,0,1,0.206263372899977,0.174154147820181
S1_38787299,1,38787299,0,1,0.489506390736853,0.857613336437333
S1_38850043,1,38850043,0,1,0.436214485753611,0.495000379804434
S1_38850938,1,38850938,0,1,0.345278309037848,0.649281439358889
S1_38851016,1,38851016,0,1,0.122906053261083,0.339924889881149
S1_38866055,1,38866055,0,1,0.200232472860733,0.311274774476715
S1_38866059,1,38866059,0,1,0.617596041600681,0.983810457130094
S1_38866069,1,38866069,0,1,0.214250743385243,0.344637860222023
S1_38868115,1,38868115,0,1,0.0111854668578598,0.0427564244424814
S1_38868138,1,38868138,0,1,0.011921627194086,0.011921627194086
S1_38868177,1,38868177,0,1,0.00565217697489071,0.00565217697489071
S1_38869966,1,38869966,0,1,0.143390406177328,0.332383912024311
S1_38870018,1,38870018,0,1,0.187356541594697,0.452386610914859
S1_38870101,1,38870101,0,1,0.408585408139547,0.160234859240393
S1_38870244,1,38870244,0,1,0.185803898640952,0.132176844199512
S1_38870931,1,38870931,0,1,0.309675811008244,0.512783371682838
S1_38871055,1,38871055,0,1,0.608963404773806,0.960938695890115
S1_38871096,1,38871096,0,1,0.123842804929788,0.0921469150728056
S1_38871097,1,38871097,0,1,0.0785686886003971,0.0221366518489545
S1_38871602,1,38871602,0,1,0.452052066533388,0.427666981177763
S1_38871710,1,38871710,0,1,0.0351059611831874,0.131601077038063
S1_38875995,1,38875995,0,1,0.410320078107905,0.696113254495651
S1_38879590,1,38879590,0,1,0.214600926683137,0.214600926683137
S1_39038080,1,39038080,0,1,0.0186546495925858,0.0679069751250048
S1_39038256,1,39038256,0,1,0.206831751548702,0.43217545372547
S1_39038391,1,39038391,0,1,0.45246276100069,0.0194112958809668
S1_39047292,1,39047292,0,1,0.369751400783897,0.0388385918892404
S1_39060142,1,39060142,0,1,1.26972523280934,0.728911687379515
S1_39070099,1,39070099,0,1,0.119526330066004,0.119526330066004
S1_39111110,1,39111110,0,1,0.0918657597934595,0.0991937708494907
S1_39112407,1,39112407,0,1,0.467121418801578,0.843480035743619
S1_39140936,1,39140936,0,1,0.0652833175621372,0.218872858480158
S1_39141078,1,39141078,0,1,0.555689289220405,0.622619053798869
S1_39141098,1,39141098,0,1,0.610509800826212,0.698703184971104
S1_39141457,1,39141457,0,1,0.395371607137184,0.395371607137184
S1_39141470,1,39141470,0,1,0.243400011486398,0.206787445507174
S1_39145164,1,39145164,0,1,0.395574732976318,0.251600535564802
S1_39145268,1,39145268,0,1,0.181888628734649,0.242318808611329
S1_39145326,1,39145326,0,1,0.509103424926979,0.297121882911949
S1_39242872,1,39242872,0,1,0.0735285282837075,0.229354334228745
S1_39246243,1,39246243,0,1,0.0434315315804621,0.00229930458221918
S1_39246248,1,39246248,0,1,0.209676040174332,0.403694714612595
S1_39248012,1,39248012,0,1,0.161146768945558,0.0153528979542587
S1_39248441,1,39248441,0,1,0.356899176974846,0.646462512301832
S1_39248451,1,39248451,0,1,0.126022414385956,0.288058773897107
S1_39254428,1,39254428,0,1,0.893777824864463,0.858372662577763
S1_39255174,1,39255174,0,1,0.358720359971009,0.229601900197567
S1_39255449,1,39255449,0,1,0.229441253003443,0.0223763163231807
S1_39255479,1,39255479,0,1,0.231343667854587,0.0309337536910953
S1_39255545,1,39255545,0,1,0.0754550966311373,0.0898790740429314
S1_39332739,1,39332739,0,1,0.182965023496442,0.411657962754835
S1_39333060,1,39333060,0,1,0.0222577132501127,0.0642119813912347
S1_39733145,1,39733145,0,1,0.0660143430264268,0.224660750083416
S1_39738530,1,39738530,0,1,0.23927085699803,0.523443135967811
S1_39739703,1,39739703,0,1,0.151411956073671,0.392185372340611
S1_39743638,1,39743638,0,1,0.309650511071455,0.170215927148455
S1_39743671,1,39743671,0,1,0.277927606846008,0.0935982384822535
S1_39743737,1,39743737,0,1,0.211668136189973,0.217743696177433
S1_39743850,1,39743850,0,1,NA,NA
S1_39747877,1,39747877,0,1,0.170889422911024,0.348901386326225
S1_39747927,1,39747927,0,1,0.0733861303326147,0.0733861303326147
S1_39748201,1,39748201,0,1,0.0439990211440551,0.0379525220465524
S1_39748462,1,39748462,0,1,0.731344924394271,0.731344924394271
S1_39756631,1,39756631,0,1,0.428255373075979,0.552648745520364
S1_39756639,1,39756639,0,1,0.146100906424443,0.06438189696817
S1_39756656,1,39756656,0,1,0.745817975185114,0.913667875884468
S1_39757235,1,39757235,0,1,0.0514915921428904,0.202700370102104
S1_39757273,1,39757273,0,1,0.144108654261999,0.316191663106141
S1_39757544,1,39757544,0,1,0.975310541858807,0.566559251508916
S1_39855780,1,39855780,0,1,0.10165582393051,0.0541657156915662
S1_39856801,1,39856801,0,1,0.755979928794513,1.15572825558016
S1_39857271,1,39857271,0,1,0.104807898705466,0.0592633323779772
S1_39857312,1,39857312,0,1,0.143520507262729,0.0754544617403855
S1_39857335,1,39857335,0,1,0.541036585205003,0.140799436727287
S1_39895797,1,39895797,0,1,0.319859776780183,0.319859776780183
S1_39895810,1,39895810,0,1,0.320886077059428,0.320886077059428
S1_39902089,1,39902089,0,1,0.0936467883188577,0.0409273367010447
S1_39903274,1,39903274,0,1,0.101867869578773,0.184033151959731
S1_39929315,1,39929315,0,1,0.0890997458851785,0.235585096100097
S1_39929342,1,39929342,0,1,0.0223690025129891,0.0675146918583165
S1_39929357,1,39929357,0,1,0.100977446309825,0.0354738411255242
S1_39930313,1,39930313,0,1,0.455806857814136,0.694197699170279
S1_39930458,1,39930458,0,1,0.208506942262506,0.36982612177374
S1_39930508,1,39930508,0,1,0.285991737556283,0.271095289756914
S1_39930708,1,39930708,0,1,0.851970863620251,0.656507347056133
S1_39930813,1,39930813,0,1,1.15577580460745,0.405916993739242
S1_39930859,1,39930859,0,1,0.136541835483854,0.216379318246285
S1_40039680,1,40039680,0,1,0.877928391194082,1.20430310857556
S1_40042612,1,40042612,0,1,0.261353896779763,0.540305193284024
S1_40058263,1,40058263,0,1,0.109078332169335,0.181856855986729
S1_40058666,1,40058666,0,1,0.458988290482295,0.000698681912981636
S1_40058681,1,40058681,0,1,0.49778288540337,0.0357744790814982
S1_40092220,1,40092220,0,1,0.0636066124436091,0.00322637937962809
S1_40093195,1,40093195,0,1,0.0775729589772631,0.0558279736773786
S1_40141613,1,40141613,0,1,0.450270402297118,0.764828195978857
S1_40141625,1,40141625,0,1,0.603228752459001,0.549469944854422
S1_40141659,1,40141659,0,1,0.793983834878816,0.793983834878816
S1_40141758,1,40141758,0,1,0.393444308621072,0.393444308621072
S1_40142639,1,40142639,0,1,0.198756562412014,0.29436007354894
S1_40229589,1,40229589,0,1,0.122311204032671,0.295712389819315
S1_40229611,1,40229611,0,1,NA,NA
S1_40233625,1,40233625,0,1,1.14454564623711,1.14454564623711
S1_40242835,1,40242835,0,1,0.780195494367007,0.780195494367007
S1_40242890,1,40242890,0,1,0.0617455452882844,0.0617455452882844
S1_40243051,1,40243051,0,1,0.12442170328642,0.3272604749819
S1_40352541,1,40352541,0,1,0.253469922805924,0.460051447358858
S1_40353682,1,40353682,0,1,1.22313918811514,0.69162593000289
S1_40356668,1,40356668,0,1,0.176496304513715,0.176496304513715
S1_40398570,1,40398570,0,1,0.0560762440861667,0.205419678821048
S1_40417760,1,40417760,0,1,0.197214300905952,0.448379305083087
S1_40418605,1,40418605,0,1,0.288177185464483,0.506274941383078
S1_40418649,1,40418649,0,1,0.291878338575941,0.518399510847882
S1_40418654,1,40418654,0,1,0.0205581737633089,0.112663688933448
S1_40420051,1,40420051,0,1,0.248528105838173,0.459250210898703
S1_40420896,1,40420896,0,1,0.225243955915681,0.471796968382062
S1_40420899,1,40420899,0,1,0.192503589099972,0.349899472574684
S1_40422356,1,40422356,0,1,0.230901921827158,0.464806938602129
S1_40424584,1,40424584,0,1,0.0549611796046469,0.140996946745101
S1_40424700,1,40424700,0,1,0.0691490054162353,0.0691490054162353
S1_40436805,1,40436805,0,1,0.464094070710035,0.773570830127359
S1_40436868,1,40436868,0,1,0.109629171200598,0.212105129618547
S1_40437326,1,40437326,0,1,0.121167557001912,0.300411058639117
S1_40437330,1,40437330,0,1,0.0236859465035136,0.0548806837660319
S1_40437387,1,40437387,0,1,0.403202990344732,0.525876493933202
S1_40437411,1,40437411,0,1,0.387271646943976,0.493935808893699
S1_40561664,1,40561664,0,1,0.651165838624538,0.835722981741387
S1_40561739,1,40561739,0,1,0.21629755705667,0.463821612584044
S1_40570972,1,40570972,0,1,0.483700728325131,0.579842746637644
S1_40571909,1,40571909,0,1,0.264847901841613,0.0373232120908085
S1_40645185,1,40645185,0,1,0.101469116887118,0.262612623122734
S1_40726718,1,40726718,0,1,0.0154804297430402,0.0970072373815236
S1_40726790,1,40726790,0,1,0.441364204394292,0.716930953913546
S1_40727177,1,40727177,0,1,0.0236336902170455,0.0474819364331297
S1_40727204,1,40727204,0,1,0.880949238502397,0.880949238502397
S1_40727333,1,40727333,0,1,0.0516554061502633,0.024165365238739
S1_40727366,1,40727366,0,1,0.0235602168605207,0.0404417054605733
S1_40913124,1,40913124,0,1,0.269400339235859,0.346191685042373
S1_40917758,1,40917758,0,1,0.741008221332404,1.10637889234274
S1_40936709,1,40936709,0,1,0.115589339507544,0.305167731457955
S1_40936710,1,40936710,0,1,1.05252739721075,1.35346787825401
S1_40939159,1,40939159,0,1,0.00774568375198345,0.0648165332860621
S1_40939169,1,40939169,0,1,0.0195638973134862,0.110692079644186
S1_41102630,1,41102630,0,1,0.61969410335111,0.808745649123215
S1_41220366,1,41220366,0,1,0.244269910051201,0.51463315543715
S1_41245132,1,41245132,0,1,0.492072500166781,0.854933427034759
S1_41245242,1,41245242,0,1,0.499184074913164,0.862122098117599
S1_41245260,1,41245260,0,1,0.27873828611319,0.590179403792239
S1_41245267,1,41245267,0,1,NA,NA
S1_41245268,1,41245268,0,1,0.121197296323001,0.207439887029394
S1_41245307,1,41245307,0,1,0.57515014473825,0.947857155330275
S1_41276244,1,41276244,0,1,0.156735195806913,0.25336348068899
S1_41276656,1,41276656,0,1,0.0427469635575274,0.112341065937585
S1_41276851,1,41276851,0,1,0.323101397705115,0.645060604084331
S1_41276929,1,41276929,0,1,0.317536650942754,0.318123579269647
S1_41277399,1,41277399,0,1,0.173100346377445,0.429830180969571
S1_41277402,1,41277402,0,1,0.430488907796977,0.551953047620052
S1_41277408,1,41277408,0,1,0.253032811708366,0.197184102062337
S1_41278067,1,41278067,0,1,0.0165627353727366,0.106121613950612
S1_41278070,1,41278070,0,1,0.0327144066891549,0.155988849243246
S1_41279100,1,41279100,0,1,0.338039829896515,0.673321354106696
S1_41279102,1,41279102,0,1,0.197996237075432,0.240450136102005
S1_41279108,1,41279108,0,1,0.129150645154686,0.356303174821808
S1_41378382,1,41378382,0,1,0.257564525678013,0.150718947409449
S1_41425844,1,41425844,0,1,0.217830726120034,0.164026960900398
S1_41425881,1,41425881,0,1,0.238814599976895,0.148007206928249
S1_41427995,1,41427995,0,1,0.0259069278384022,0.12038375435698
S1_41427996,1,41427996,0,1,0.0309559647643579,0.150232150092104
S1_41428000,1,41428000,0,1,0.303721154960453,0.0955501784630696
S1_41428003,1,41428003,0,1,0.27968712619533,0.0644150813344455
S1_41430609,1,41430609,0,1,0.48257560019767,0.837840233809512
S1_41430613,1,41430613,0,1,0.664814322648961,1.01507379168038
S1_41431142,1,41431142,0,1,0.0824998659411194,0.0593764751093841
S1_41436168,1,41436168,0,1,0.200648270335856,0.47191678670344
S1_41436182,1,41436182,0,1,0.406387577148861,0.717942805785333
S1_41437460,1,41437460,0,1,0.404200413410998,0.464075912898947
S1_41437731,1,41437731,0,1,0.206963450061624,0.0144387386998979
S1_41437741,1,41437741,0,1,0.296755958838194,0.296755958838194
S1_41469492,1,41469492,0,1,0.574168471475935,0.782816751524053
S1_41469740,1,41469740,0,1,0.138630569522647,0.143487474166058
S1_41480371,1,41480371,0,1,0.323136328538849,0.297323870427427
S1_41761729,1,41761729,0,1,0.428671935300431,0.78741249024618
S1_41851260,1,41851260,0,1,0.4281286782765,0.0130586332593483
S1_41851293,1,41851293,0,1,0.275968570272536,0.256063253968603
S1_41851320,1,41851320,0,1,0.117161900590647,0.117161900590647
S1_41862483,1,41862483,0,1,0.0778972993895943,0.0778972993895943
S1_41966362,1,41966362,0,1,0.225975992601372,0.000860519696735947
S1_42011709,1,42011709,0,1,0.396483369194618,0.750712829539994
S1_42012219,1,42012219,0,1,0.553804619974179,0.660067424782662
S1_42012727,1,42012727,0,1,0.145595317179952,0.0901341042644087
S1_42012785,1,42012785,0,1,0.206519099233527,0.030794754458413
S1_42012802,1,42012802,0,1,0.17936384774604,0.0701714341412467
S1_42012819,1,42012819,0,1,0.164401210598025,0.00459656023253296
S1_42012922,1,42012922,0,1,0.2283907472223,0.403754219034825
S1_42012960,1,42012960,0,1,0.391101963209875,0.725334480165915
S1_42013002,1,42013002,0,1,0.142894475884774,0.142894475884774
S1_42013036,1,42013036,0,1,0.126992055586725,0.126992055586725
S1_42013072,1,42013072,0,1,0.531429324728338,0.703860352184171
S1_42018544,1,42018544,0,1,0.0134918980197713,0.0134918980197713
S1_42019443,1,42019443,0,1,0.213126674737193,0.421307793656296
S1_42019445,1,42019445,0,1,0.0308730129884069,0.0687121483824282
S1_42020947,1,42020947,0,1,0.164150207047117,0.164150207047117
S1_42021044,1,42021044,0,1,0.040158992613073,0.148896005594746
S1_42021051,1,42021051,0,1,0.210809877466198,0.463831409334636
S1_42122215,1,42122215,0,1,0.290326165882827,0.173420237802825
S1_42122352,1,42122352,0,1,0.491227081091084,0.608469853227936
S1_42160735,1,42160735,0,1,0.058904772806063,0.0361013321500546
S1_42184173,1,42184173,0,1,0.382514160470304,0.501146571927548
S1_42184745,1,42184745,0,1,0.1263991599017,0.233116692393425
S1_42184756,1,42184756,0,1,0.162889690193501,0.0127016386028874
S1_42472889,1,42472889,0,1,0.302035231400652,0.596206703010482
S1_42476919,1,42476919,0,1,0.282705373552785,0.320039278455062
S1_42488024,1,42488024,0,1,0.17833203841778,0.427542172005896
S1_42515504,1,42515504,0,1,0.027184982838599,0.0230145408566609
S1_42515666,1,42515666,0,1,0.00461463129270766,0.0407950834929745
S1_42520422,1,42520422,0,1,0.574970966588247,0.97228620940323
S1_42520464,1,42520464,0,1,0.176599170117286,0.315383852101022
S1_42520566,1,42520566,0,1,0.401700688853624,0.438365827147397
S1_42520993,1,42520993,0,1,0.029465790987971,0.11101435522685
S1_42521053,1,42521053,0,1,0.24895229384202,0.544578117860524
S1_42521119,1,42521119,0,1,0.0482954976341429,0.165698262103697
S1_42521716,1,42521716,0,1,0.462661114622841,0.577683506248064
S1_42776602,1,42776602,0,1,0.461195142723662,0.776747390540273
S1_42807518,1,42807518,0,1,0.41508811643336,0.180599536043616
S1_42807609,1,42807609,0,1,0.492543658507941,0.871967534367509
S1_42807943,1,42807943,0,1,0.17240457544741,0.0588234008462629
S1_42810657,1,42810657,0,1,0.0465776928710535,0.18132289084394
S1_42845817,1,42845817,0,1,0.594310791716083,0.0245487513362799
S1_42847299,1,42847299,0,1,0.268259346590548,0.421714069415126
S1_42847386,1,42847386,0,1,0.413156672078999,0.413156672078999
S1_42847629,1,42847629,0,1,0.653825674171341,1.0442984665485
S1_42847896,1,42847896,0,1,0.200915163642553,0.441131680092425
S1_42847989,1,42847989,0,1,0.00813496781412424,0.0634152195272009
S1_42848223,1,42848223,0,1,0.128916739838814,0.0888940781332402
S1_42848244,1,42848244,0,1,0.306271974240715,0.162064373303449
S1_42848269,1,42848269,0,1,0.251629122096874,0.343775558305949
S1_42848392,1,42848392,0,1,0.41961900420288,0.490631159472967
S1_42849660,1,42849660,0,1,0.157607247598477,0.37050147827448
S1_42851157,1,42851157,0,1,0.400260475128849,0.42345368004161
S1_42851158,1,42851158,0,1,0.0754898732090606,0.135896949021521
S1_42851478,1,42851478,0,1,0.0192247667826759,0.0382152150096141
S1_42851484,1,42851484,0,1,0.0563988789040578,0.214638357183638
S1_42853787,1,42853787,0,1,0.0854935672724425,0.271485289725026
S1_42853872,1,42853872,0,1,0.378423116443891,0.691601207070191
S1_42853879,1,42853879,0,1,0.515226956089156,0.709905656681926
S1_42853941,1,42853941,0,1,0.481750288106532,0.518036717601502
S1_42867108,1,42867108,0,1,0.00429805936972399,0.0171291147372412
S1_42872974,1,42872974,0,1,0.129563400462444,0.233439407427667
S1_42873204,1,42873204,0,1,0.303995419258988,0.582955644802584
S1_42923335,1,42923335,0,1,0.172154896326921,0.337672609327788
S1_42923366,1,42923366,0,1,0.0785445566576451,0.090337923568022
S1_43055415,1,43055415,0,1,1.20066834937412,1.35540193908862
S1_43055444,1,43055444,0,1,0.104240111666959,0.301080501533935
S1_43057186,1,43057186,0,1,0.17776611134381,0.15483913859111
S1_43059180,1,43059180,0,1,0.326296447879885,0.326296447879885
S1_43059192,1,43059192,0,1,0.319188837738514,0.0456246268283732
S1_43060370,1,43060370,0,1,0.280648599995555,0.14182293248508
S1_43063988,1,43063988,0,1,0.168391150756953,0.0491194416268393
S1_43106713,1,43106713,0,1,0.552081064162421,0.811986341401418
S1_43107576,1,43107576,0,1,0.026580082191104,0.125383222758607
S1_43110854,1,43110854,0,1,1.48572940328429,0.126341824730606
S1_43110972,1,43110972,0,1,0.854536326645446,0.854536326645446
S1_43111887,1,43111887,0,1,0.555741056573699,0.555741056573699
S1_43111902,1,43111902,0,1,0.0791650129753165,0.0791650129753165
S1_43112015,1,43112015,0,1,0.208619588393785,0.0620709499546858
S1_43112117,1,43112117,0,1,0.186079175514031,0.147575042942208
S1_43121626,1,43121626,0,1,0.242165098068686,0.242165098068686
S1_43128823,1,43128823,0,1,0.32276209677805,0.351159178819325
S1_43128851,1,43128851,0,1,0.25429669828131,0.168089849978015
S1_43133408,1,43133408,0,1,0.00776965205874399,0.0248167496054528
S1_43133540,1,43133540,0,1,0.159984273986737,0.132904547822614
S1_43133594,1,43133594,0,1,0.596515621937819,0.830306382678716
S1_43133738,1,43133738,0,1,0.158634075051558,0.404252368443401
S1_43136165,1,43136165,0,1,0.149447213654478,0.210255779173125
S1_43136197,1,43136197,0,1,0.465226364752245,0.465226364752245
S1_43137079,1,43137079,0,1,0.590532788479992,0.927782971237108
S1_43137137,1,43137137,0,1,0.0539695982146135,0.129052881096654
S1_43138494,1,43138494,0,1,0.0975367049894668,0.114988975725118
S1_43140140,1,43140140,0,1,0.103504181145383,0.231224247080534
S1_43149038,1,43149038,0,1,0.578429457771096,0.578429457771096
S1_43230387,1,43230387,0,1,0.504057914158648,0.10568122266216
S1_43236431,1,43236431,0,1,0.661819467884139,0.0602672921069832
S1_43397409,1,43397409,0,1,0.0051445919433124,0.0567120817252707
S1_43421392,1,43421392,0,1,0.0608482211117301,0.166462167612902
S1_43554690,1,43554690,0,1,0.441826464131493,0.441826464131493
S1_43671490,1,43671490,0,1,0.140159116149487,0.245336120776114
S1_43678580,1,43678580,0,1,0.123078673514615,0.0479318858199547
S1_43686812,1,43686812,0,1,0.297939619905073,0.0650122812370651
S1_43756791,1,43756791,0,1,0.00128217611290304,0.0105380260628462
S1_43756832,1,43756832,0,1,0.0765651405036603,0.0765651405036603
S1_43761371,1,43761371,0,1,0.0800183823891032,0.0800183823891032
S1_43762278,1,43762278,0,1,0.232463380027339,0.399424310084116
S1_43762362,1,43762362,0,1,0.0418939746758155,0.0751915959189258
S1_43768106,1,43768106,0,1,0.198713541448697,0.0399610849757369
S1_43768814,1,43768814,0,1,0.229070999752746,0.0356658234793094
S1_43769411,1,43769411,0,1,0.0375815314913266,0.0711783371795874
S1_43769442,1,43769442,0,1,0.101366788814968,0.208816044583262
S1_43769883,1,43769883,0,1,0.788703036834362,0.354936150567214
S1_43769996,1,43769996,0,1,0.186636168316549,0.332593571928926
S1_43769998,1,43769998,0,1,0.0925718026347734,0.182610723717257
S1_44161814,1,44161814,0,1,0.346383467602908,0.0189557284564964
S1_44161823,1,44161823,0,1,0.0798433935834173,0.240877726664102
S1_44161848,1,44161848,0,1,0.143411131668123,0.117089542068808
S1_44162003,1,44162003,0,1,0.0829020113632126,0.156085421205888
S1_44162272,1,44162272,0,1,0.381709601939203,0.659552118716793
S1_44162398,1,44162398,0,1,0.216593069480683,0.0371144348383274
S1_44176432,1,44176432,0,1,0.098163728299421,0.0434232597346541
S1_44176443,1,44176443,0,1,0.165897408024797,0.0470296946620818
S1_44179060,1,44179060,0,1,0.183308613530251,0.44130020736396
S1_44193311,1,44193311,0,1,1.7314140722861,1.7314140722861
S1_44331476,1,44331476,0,1,0.0421405871586994,0.0519301605582976
S1_44336200,1,44336200,0,1,0.0574675843580282,0.0573950275990521
S1_44336201,1,44336201,0,1,0.586239354831531,0.951852951151379
S1_44336204,1,44336204,0,1,0.161932518062158,0.161932518062158
S1_44336255,1,44336255,0,1,1.24322420828767,1.75496174790455
S1_44338707,1,44338707,0,1,0.69341643712925,0.72556732272842
S1_44343942,1,44343942,0,1,0.0536968130857915,0.207331439777443
S1_44343943,1,44343943,0,1,0.191738639958977,0.169010444079729
S1_44343952,1,44343952,0,1,0.0443976413907364,0.0186984097410893
S1_44345174,1,44345174,0,1,0.246721404337492,0.0873440948974212
S1_44345972,1,44345972,0,1,0.371439998554685,0.665708988195246
S1_44345973,1,44345973,0,1,0.201208809911936,0.0892622150116461
S1_44346024,1,44346024,0,1,0.123620276965209,0.213670024177442
S1_44346036,1,44346036,0,1,0.0196162853646654,0.0870180073861047
S1_44373450,1,44373450,0,1,0.0184064343008152,0.0230157088004806
S1_44373499,1,44373499,0,1,0.28996304212966,0.230202878225155
S1_44414804,1,44414804,0,1,0.0346786289776446,0.0221774689217621
S1_44414806,1,44414806,0,1,0.00920624990709102,0.0510758354437667
S1_44540011,1,44540011,0,1,0.325883495022904,0.325883495022904
S1_44540098,1,44540098,0,1,0.206578011640624,0.015231262612781
S1_44541087,1,44541087,0,1,0.141698496096482,0.35438995327563
S1_44736147,1,44736147,0,1,0.411386661797813,0.346499001573812
S1_44803858,1,44803858,0,1,0.159443224562111,0.355039829033664
S1_44955336,1,44955336,0,1,0.09870179532238,0.30089038460396
S1_44956538,1,44956538,0,1,0.582055255948656,0.730204075740932
S1_44956540,1,44956540,0,1,0.160081720071205,0.0499287607254776
S1_44959744,1,44959744,0,1,0.145966387924015,0.197105427682034
S1_44959783,1,44959783,0,1,0.132262862956661,0.0500805190332436
S1_44960098,1,44960098,0,1,0.418427895234081,0.299686984932658
S1_44960105,1,44960105,0,1,0.0134993337473228,0.077430075963434
S1_44960114,1,44960114,0,1,0.301276289353246,0.527220687552932
S1_44960183,1,44960183,0,1,0.0738330962091769,0.0647749956533495
S1_45002732,1,45002732,0,1,0.00751723632572818,0.013548028239363
S1_45002733,1,45002733,0,1,0.137276756839543,0.329098717023033
S1_45002844,1,45002844,0,1,0.190521252041354,0.407061702150542
S1_45002924,1,45002924,0,1,0.0682084588023636,0.00817612707917778
S1_45002929,1,45002929,0,1,0.0826748774063414,0.0458459307598954
S1_45005965,1,45005965,0,1,0.478431987650293,0.634899136759318
S1_45090086,1,45090086,0,1,0.11770591634819,0.11770591634819
S1_45090093,1,45090093,0,1,0.178758358960811,0.178758358960811
S1_45113336,1,45113336,0,1,0.0433182054741809,0.00878759860637987
S1_45113358,1,45113358,0,1,0.0444014943817731,0.040640295001086
S1_45113462,1,45113462,0,1,0.0559766962542103,0.0248138111109144
S1_45147783,1,45147783,0,1,0.353180199959571,0.556410544218592
S1_45275419,1,45275419,0,1,0.134739547292928,0.168028927657881
S1_45277670,1,45277670,0,1,0.11701358219804,0.267409214315408
S1_45338592,1,45338592,0,1,0.201482224310935,0.201482224310935
S1_45340074,1,45340074,0,1,0.728606505293768,0.673667537552718
S1_45340110,1,45340110,0,1,0.29058177532812,0.35410786459361
S1_45366386,1,45366386,0,1,0.151524848316066,0.371638339137386
S1_45366455,1,45366455,0,1,0.562809243857098,0.966618110739444
S1_45403133,1,45403133,0,1,0.135943827619199,0.263776933966882
S1_45403250,1,45403250,0,1,0.106083911063416,0.106083911063416
S1_45403421,1,45403421,0,1,1.28148014181653,1.28148014181653
S1_45403422,1,45403422,0,1,0.959518118891331,0.91689472532781
S1_45403521,1,45403521,0,1,0.302935888969617,0.409474041632037
S1_45425091,1,45425091,0,1,0.264585134598933,0.0127988200266385
S1_45425476,1,45425476,0,1,0.497403263371663,0.443332929519842
S1_45425785,1,45425785,0,1,0.219021607225971,0.492234432498674
S1_45426798,1,45426798,0,1,0.118388933175451,0.322269245521574
S1_45505746,1,45505746,0,1,0.977128626923811,1.42919056976998
S1_45505827,1,45505827,0,1,0.838864694753473,0.825352683882565
S1_45507490,1,45507490,0,1,0.940870307162025,1.06375064088803
S1_45508354,1,45508354,0,1,0.454378963572672,0.505917600990183
S1_45512252,1,45512252,0,1,0.256631140994807,0.449287102300445
S1_45512277,1,45512277,0,1,1.12063062987664,0.346216333039199
S1_45513382,1,45513382,0,1,0.351056548415369,0.53483191989289
S1_45513715,1,45513715,0,1,0.213147396408581,0.154903704517112
S1_45513736,1,45513736,0,1,1.07564328364105,1.14946823642607
S1_45513947,1,45513947,0,1,0.716626687944257,1.15058269443347
S1_45513976,1,45513976,0,1,0.0537851345911754,0.137882714929241
S1_45513978,1,45513978,0,1,0.211633647492669,0.457688493858565
S1_45513988,1,45513988,0,1,0.813485508454302,0.813485508454302
S1_45513994,1,45513994,0,1,0.222686676923265,0.222686676923265
S1_45514003,1,45514003,0,1,0.0695380502981118,0.156082211237563
S1_45515637,1,45515637,0,1,0.490186587277643,0.525722538280235
S1_45646586,1,45646586,0,1,0.163361306222739,0.383626989634078
S1_45740208,1,45740208,0,1,0.26603917836468,0.571759976412982
S1_45740305,1,45740305,0,1,0.128543284440007,0.317397536398045
S1_45767835,1,45767835,0,1,0.373945085507726,0.474557497554431
S1_45767958,1,45767958,0,1,0.221584491444414,0.174227276442498
S1_45768008,1,45768008,0,1,0.485063136690566,0.521395013945095
S1_45771866,1,45771866,0,1,0.905377168187663,0.905377168187663
S1_45771878,1,45771878,0,1,0.0508358452375841,0.198821368160825
S1_45776976,1,45776976,0,1,0.105758101381891,0.305924172622461
S1_45777289,1,45777289,0,1,0.690245524395502,1.09119744581194
S1_45777336,1,45777336,0,1,0.133703669217785,0.100674043578356
S1_45781191,1,45781191,0,1,0.10691413568381,0.208438453816155
S1_45919016,1,45919016,0,1,0.592467651685801,0.868094383765539
S1_45919026,1,45919026,0,1,0.489909908073333,0.726854019174823
S1_45922776,1,45922776,0,1,0.878940117848096,1.16626359816794
S1_45922839,1,45922839,0,1,0.397907926560575,0.722153840746833
S1_45928305,1,45928305,0,1,0.0852785033254743,0.0913877481529098
S1_45928336,1,45928336,0,1,0.180961977969259,0.154626512323757
S1_45930686,1,45930686,0,1,0.239331318541271,0.403203370396258
S1_45930700,1,45930700,0,1,0.25124823700776,0.25124823700776
S1_45931398,1,45931398,0,1,0.207368153713763,0.418122573373092
S1_45937983,1,45937983,0,1,0.00689607791031795,0.0509983492292636
S1_45938033,1,45938033,0,1,0.0851630489923007,0.112996639544945
S1_45938580,1,45938580,0,1,1.29304972119617,1.16669788681353
S1_45938880,1,45938880,0,1,0.0956730733996376,0.26380649525937
S1_45939982,1,45939982,0,1,0.242444589549017,0.103171527985949
S1_45940042,1,45940042,0,1,0.137081407190902,0.137081407190902
S1_45941144,1,45941144,0,1,0.171856983440755,0.170354535300455
S1_45941735,1,45941735,0,1,0.00434640001072828,0.00891626076152862
S1_45942199,1,45942199,0,1,0.117105830762272,0.218662050531409
S1_45946491,1,45946491,0,1,0.0073311644824219,0.0532027258813129
S1_45949598,1,45949598,0,1,0.138268579542424,0.212189655893024
S1_45949610,1,45949610,0,1,0.0365449250937407,0.0916062202597266
S1_45949611,1,45949611,0,1,0.0117829581058009,0.0155627979185874
S1_46074477,1,46074477,0,1,0.493278019196061,0.493278019196061
S1_46119500,1,46119500,0,1,0.438872327464389,0.438872327464389
S1_46122407,1,46122407,0,1,0.382627089117287,0.627160380724638
S1_46125129,1,46125129,0,1,0.41295554358637,0.307126268382341
S1_46125136,1,46125136,0,1,0.41295554358637,0.307126268382341
S1_46125353,1,46125353,0,1,0.246731159590439,0.52482467385707
S1_46125755,1,46125755,0,1,0.776586214609356,1.1505609465507
S1_46125768,1,46125768,0,1,0.508639589227854,0.508639589227854
S1_46125783,1,46125783,0,1,0.275026123789638,0.514235137174804
S1_46136368,1,46136368,0,1,0.213749129620302,0.483015462004288
S1_46136412,1,46136412,0,1,0.0557358335051486,0.213005471621193
S1_46136422,1,46136422,0,1,0.208510082949359,0.208510082949359
S1_46138595,1,46138595,0,1,0.390520271206893,0.59699237108177
S1_46406068,1,46406068,0,1,0.183387904812833,0.0723956132693895
S1_46410350,1,46410350,0,1,0.0861400355930391,0.0851379290568707
S1_46411576,1,46411576,0,1,0.355787343114314,0.355787343114314
S1_46411636,1,46411636,0,1,0.924654673545195,0.679650680075819
S1_46411699,1,46411699,0,1,0.135725148442578,0.315259470503362
S1_46411715,1,46411715,0,1,0.0126511462836208,0.0812771891399078
S1_46411896,1,46411896,0,1,0.128644405978491,0.289968829919665
S1_46412655,1,46412655,0,1,0.199764379979314,0.385490352096062
S1_46412659,1,46412659,0,1,0.141701022380485,0.259461703084267
S1_46412954,1,46412954,0,1,0.556380979526675,0.625509443406565
S1_46413146,1,46413146,0,1,0.0396158454800284,0.0585684415483585
S1_46413197,1,46413197,0,1,0.039040362709202,0.172916731299297
S1_46413344,1,46413344,0,1,0.316450422434771,0.316450422434771
S1_46418455,1,46418455,0,1,0.224017708729564,0.207098545945953
S1_46458118,1,46458118,0,1,0.705433414554362,1.01411222818394
S1_46458125,1,46458125,0,1,0.346332795643821,0.534077463862549
S1_46543124,1,46543124,0,1,0.0473041595980657,0.0981679301962885
S1_46554943,1,46554943,0,1,0.389547909875995,0.211093123111821
S1_46555207,1,46555207,0,1,0.0260314815654035,0.0192181045300034
S1_46580410,1,46580410,0,1,0.346825845848786,0.656592961716874
S1_46580926,1,46580926,0,1,0.136812234021403,0.223399790439606
S1_46580932,1,46580932,0,1,0.161819423670667,0.0164611707145584
S1_46580990,1,46580990,0,1,0.0807684679416091,0.0640546736568574
S1_46628699,1,46628699,0,1,0.209884421304808,0.459377555024997
S1_46628701,1,46628701,0,1,0.220302487637849,0.477123880212987
S1_46628742,1,46628742,0,1,0.449430945294945,0.803347463186666
S1_46629816,1,46629816,0,1,0.256932507365559,0.207542354532347
S1_46629861,1,46629861,0,1,0.0359345064437883,0.0359345064437883
S1_46629889,1,46629889,0,1,0.176971577068056,0.360743854740606
S1_46679286,1,46679286,0,1,0.381289724989554,0.160429399386781
S1_46679294,1,46679294,0,1,0.633475950428462,0.396098439792578
S1_46687160,1,46687160,0,1,0.84953580294841,0.035432909262096
S1_46687200,1,46687200,0,1,0.230072516131591,0.203686771055857
S1_46687214,1,46687214,0,1,0.804850464385783,1.07752889579246
S1_46687268,1,46687268,0,1,0.378572625519634,0.683906968630063
S1_46688011,1,46688011,0,1,0.413876564716342,0.413876564716342
S1_46737340,1,46737340,0,1,0.282572464196135,0.0475026742110389
S1_46737483,1,46737483,0,1,0.121039785615612,0.236646736283406
S1_46737762,1,46737762,0,1,0.363756729562814,0.104709437100266
S1_46737789,1,46737789,0,1,0.0595011344836356,0.0595011344836356
S1_46738727,1,46738727,0,1,0.253022531190807,0.373504772315614
S1_46840579,1,46840579,0,1,0.229922882184519,0.441689360940006
S1_46840601,1,46840601,0,1,0.193447057397335,0.405427189646318
S1_46840610,1,46840610,0,1,0.0453449610794126,0.0977043321091131
S1_46840633,1,46840633,0,1,0.0698831594796775,0.0698831594796775
S1_46841375,1,46841375,0,1,0.188538135882407,0.402246573885376
S1_46841398,1,46841398,0,1,0.289549174533535,0.285429713593355
S1_46841404,1,46841404,0,1,0.254515102529817,0.229682430785936
S1_46841551,1,46841551,0,1,0.928165759693016,0.0496605077160094
S1_46841605,1,46841605,0,1,0.669462785648143,1.07168749988686
S1_46841765,1,46841765,0,1,0.695056847071267,0.988794482523325
S1_46843077,1,46843077,0,1,0.0721782121004054,0.0180980500223198
S1_46843106,1,46843106,0,1,0.128245184629759,0.0700768566190518
S1_46843108,1,46843108,0,1,0.351653767519613,0.0371012014558499
S1_46843232,1,46843232,0,1,0.0119953253202548,0.0119953253202548
S1_46848879,1,46848879,0,1,0.632696294932004,1.04904696449805
S1_46924397,1,46924397,0,1,0.812931293589032,0.812931293589032
S1_46924398,1,46924398,0,1,0.0999292986280822,0.0999292986280822
S1_46929693,1,46929693,0,1,0.0782616841149513,0.164165374195862
S1_46930063,1,46930063,0,1,0.958388624803483,1.15281829619202
S1_47131744,1,47131744,0,1,0.455039113556951,0.825593771412475
S1_47178476,1,47178476,0,1,0.066372165563347,0.105426125870371
S1_47291697,1,47291697,0,1,0.0938458668915074,0.0938458668915074
S1_47303406,1,47303406,0,1,0.781152962305157,0.901812445137238
S1_47303526,1,47303526,0,1,0.395726392977913,0.395726392977913
S1_47303565,1,47303565,0,1,0.233800434791317,0.233800434791317
S1_47309948,1,47309948,0,1,0.00565751578732857,0.00188192848192628
S1_47310146,1,47310146,0,1,0.0844704710825944,0.0949070166217499
S1_47313923,1,47313923,0,1,0.400026692994579,0.755629847852125
S1_47313930,1,47313930,0,1,0.640429661280728,0.649328057243123
S1_47320768,1,47320768,0,1,0.533152223391396,0.533152223391396
S1_47321693,1,47321693,0,1,0.117555269368334,0.233169153627673
S1_47332616,1,47332616,0,1,0.0321731147872414,0.0321731147872414
S1_47370675,1,47370675,0,1,0.16640115073187,0.413709312387939
S1_47370725,1,47370725,0,1,0.0695473637881796,0.13672209027875
S1_47389045,1,47389045,0,1,0.232648607658118,0.381722298882073
S1_47453351,1,47453351,0,1,0.0952673544718439,0.27172404571876
S1_47455786,1,47455786,0,1,0.0222662414523959,0.0529669898205109
S1_47456960,1,47456960,0,1,0.060442041698893,0.0122628322270067
S1_47456978,1,47456978,0,1,0.159414391240059,0.159414391240059
S1_47457001,1,47457001,0,1,0.0787298419807846,0.00775584832783142
S1_47474829,1,47474829,0,1,0.120933486937657,0.120933486937657
S1_47475037,1,47475037,0,1,0.313913365284617,0.3170397916601
S1_47475060,1,47475060,0,1,0.686251062614591,0.686251062614591
S1_47484286,1,47484286,0,1,0.117229001139093,0.295406216662331
S1_47504092,1,47504092,0,1,0.511803214425522,0.511803214425522
S1_47594674,1,47594674,0,1,0.633152839711532,0.633152839711532
S1_47597848,1,47597848,0,1,0.441352399225623,0.736666489706968
S1_47597871,1,47597871,0,1,0.234540524821675,0.234540524821675
S1_47599637,1,47599637,0,1,0.310750741339412,0.103410818962307
S1_47599783,1,47599783,0,1,0.29986463585903,0.457954375797066
S1_47599900,1,47599900,0,1,0.547828222465675,0.224391536226612
S1_47599987,1,47599987,0,1,0.0825602441823121,0.0381229529223008
S1_47600003,1,47600003,0,1,0.181355096614005,0.441487557436273
S1_47600008,1,47600008,0,1,0.306039384783557,0.627842500078136
S1_47600165,1,47600165,0,1,0.184872732876106,0.448467761623608
S1_47704955,1,47704955,0,1,0.251796285063061,0.511103863879138
S1_47705076,1,47705076,0,1,0.213247815313566,0.405106528722124
S1_47828740,1,47828740,0,1,0.362986082772162,0.70364166573
S1_47906350,1,47906350,0,1,0.10126774022002,0.0441500464943951
S1_47906561,1,47906561,0,1,0.130159457820972,0.130159457820972
S1_47906717,1,47906717,0,1,0.206903849816751,0.198792976318315
S1_47906726,1,47906726,0,1,0.0863792114092283,0.118091879787787
S1_47906729,1,47906729,0,1,0.17727689601709,0.0109355967378649
S1_47906811,1,47906811,0,1,0.0536981028994076,0.204571898553592
S1_47906849,1,47906849,0,1,0.0415875402788441,0.103565661307251
S1_47906876,1,47906876,0,1,0.00317007993251717,0.0174433403634664
S1_47906882,1,47906882,0,1,0.00317007993251717,0.0174433403634664
S1_47906885,1,47906885,0,1,0.126917300583584,0.203676198669247
S1_47989446,1,47989446,0,1,0.117141926106087,0.191219077636098
S1_47989575,1,47989575,0,1,1.06510357313791,1.53552020217165
S1_47990736,1,47990736,0,1,0.0822152399087908,0.0695957672459372
S1_47993337,1,47993337,0,1,0.225099699857934,0.507003184935053
S1_47993376,1,47993376,0,1,0.209588279955241,0.0631757782845402
S1_47995515,1,47995515,0,1,0.0527690489062677,0.147662827828137
S1_48023917,1,48023917,0,1,0.462358839177946,0.462358839177946
S1_48023950,1,48023950,0,1,1.05976380206933,1.05976380206933
S1_48348070,1,48348070,0,1,0.18139886628614,0.220797202061501
S1_48379080,1,48379080,0,1,0.319305551664936,0.0935801493596482
S1_48379091,1,48379091,0,1,0.131868516209194,0.0542797053247746
S1_48379110,1,48379110,0,1,0.195715255983488,0.0679007512497017
S1_48420178,1,48420178,0,1,0.196528862428479,0.196528862428479
S1_48420395,1,48420395,0,1,0.0677030752494675,0.191097505576298
S1_48537151,1,48537151,0,1,0.255506638260277,0.233785916411842
S1_48546832,1,48546832,0,1,0.0639570680869676,0.212069819575276
S1_48549096,1,48549096,0,1,0.146128504613008,0.365257886052688
S1_48553109,1,48553109,0,1,0.252777312808108,0.252777312808108
S1_48553154,1,48553154,0,1,0.0490392470158414,0.0627397914058285
S1_48553161,1,48553161,0,1,0.0853266248255508,0.0493648463288206
S1_48553168,1,48553168,0,1,0.0398661569413481,0.171333029418178
S1_48553912,1,48553912,0,1,0.112168520427138,0.112168520427138
S1_48554047,1,48554047,0,1,0.0109212244450292,0.0676967697756704
S1_48641825,1,48641825,0,1,0.0351605702333707,0.0351605702333707
S1_48642260,1,48642260,0,1,0.233118853020981,0.0553863109472904
S1_48642293,1,48642293,0,1,0.77246525711274,0.459136728038141
S1_48642297,1,48642297,0,1,0.43124826488479,0.592439645703541
S1_48642315,1,48642315,0,1,0.414742647428481,0.241841859241345
S1_48650753,1,48650753,0,1,0.320700126861407,0.352547149982227
S1_48653163,1,48653163,0,1,0.034171715432794,0.154325347153529
S1_48658636,1,48658636,0,1,0.511874938517178,0.882785284035512
S1_48660689,1,48660689,0,1,1.15310422598001,1.27980568511045
S1_48660741,1,48660741,0,1,0.787554572145415,0.634425819155926
S1_48681400,1,48681400,0,1,0.358972001602575,0.416482405297028
S1_48685512,1,48685512,0,1,0.429148678976718,0.46385520235313
S1_48685959,1,48685959,0,1,0.725238881041729,1.13177642588154
S1_48763996,1,48763996,0,1,0.474416866128356,0.533544719325136
S1_48765754,1,48765754,0,1,0.349625816165976,0.679460820122248
S1_48777577,1,48777577,0,1,0.802254523478603,1.15627976835367
S1_48777588,1,48777588,0,1,0.271141056597265,0.469989711156461
S1_48777609,1,48777609,0,1,0.401155200124191,0.659101127719187
S1_48777628,1,48777628,0,1,0.227434454696271,0.440904719589077
S1_48890389,1,48890389,0,1,0.130159261719731,0.357729350941534
S1_48890575,1,48890575,0,1,0.0909098895700887,0.285969899275631
S1_49091462,1,49091462,0,1,1.60203378086269,1.60021313819739
S1_49091620,1,49091620,0,1,0.625043817987514,0.901443050599534
S1_49091692,1,49091692,0,1,0.304497382570822,0.401986336662692
S1_49192824,1,49192824,0,1,0.631721498844961,1.03585608903588
S1_49192938,1,49192938,0,1,0.374323243524633,0.709021463489579
S1_49194923,1,49194923,0,1,NA,NA
S1_49195084,1,49195084,0,1,0.0531364476086592,0.0643736454993176
S1_49215923,1,49215923,0,1,NA,NA
S1_49216720,1,49216720,0,1,0.535668440875177,0.535668440875177
S1_49216732,1,49216732,0,1,0.701773457503617,0.701773457503617
S1_49415525,1,49415525,0,1,0.124667405037977,0.249826777095353
S1_49649566,1,49649566,0,1,0.894817954727242,0.894817954727242
S1_49649568,1,49649568,0,1,0.852924005460858,0.852924005460858
S1_49658620,1,49658620,0,1,0.101528873511577,0.305760340555752
S1_49740495,1,49740495,0,1,0.823397593770173,1.20269977733963
S1_49740980,1,49740980,0,1,0.21000164590923,0.0901975984092181
S1_49781899,1,49781899,0,1,0.617029017434815,0.864530863637581
S1_49813068,1,49813068,0,1,0.0861267263963326,0.190506411970139
S1_49813103,1,49813103,0,1,0.0861267263963326,0.190506411970139
S1_50035507,1,50035507,0,1,0.202858652141724,0.403626345209402
S1_50100218,1,50100218,0,1,0.375006234502058,0.170275876732974
S1_50103169,1,50103169,0,1,0.264976013359588,0.258082872960344
S1_50104712,1,50104712,0,1,0.151961194213968,0.382760296293142
S1_50289764,1,50289764,0,1,0.0744574296720508,0.127409322382086
S1_50421412,1,50421412,0,1,0.169089757174452,0.30856937529548
S1_50421839,1,50421839,0,1,0.588576544844501,0.232495907007354
S1_50423608,1,50423608,0,1,0.0920339578722008,0.0920339578722008
S1_50631022,1,50631022,0,1,0.675840070679047,0.676038289330588
S1_50631071,1,50631071,0,1,0.21015164087243,0.151279683354863
S1_50639721,1,50639721,0,1,0.39493030693325,0.248031698754127
S1_50639762,1,50639762,0,1,0.276768861150513,0.582363400497109
S1_50668089,1,50668089,0,1,0.592590175207797,0.881091473750943
S1_50681506,1,50681506,0,1,0.672804900548346,0.192784298568085
S1_50778742,1,50778742,0,1,0.0296206135952199,0.0328610508597478
S1_50861817,1,50861817,0,1,0.435749132820553,0.572788116055474
S1_50861858,1,50861858,0,1,0.0428527854724616,0.126953128875268
S1_50861913,1,50861913,0,1,0.149766549669236,0.295277601257945
S1_50951691,1,50951691,0,1,0.445590127376256,0.81651362424272
S1_50952215,1,50952215,0,1,0.0470506395577085,0.19259726366182
S1_50952932,1,50952932,0,1,0.0795830643898212,0.0315221929118117
S1_50957185,1,50957185,0,1,0.0349406853401169,0.0699804970356609
S1_50957210,1,50957210,0,1,0.170086382397278,0.352438767663511
S1_50957381,1,50957381,0,1,1.05478934647262,1.05478934647262
S1_50959077,1,50959077,0,1,0.161332761089528,0.274979895598004
S1_51015336,1,51015336,0,1,0.397829806417643,0.531352313377109
S1_51017133,1,51017133,0,1,0.0808753110684758,0.187777074149285
S1_51022070,1,51022070,0,1,0.95726706019143,1.44340732336564
S1_51022083,1,51022083,0,1,0.280274058394238,0.21138361800153
S1_51022085,1,51022085,0,1,0.0641298856133657,0.075807769363573
S1_51041318,1,51041318,0,1,0.945039013415139,1.42801845256291
S1_51041320,1,51041320,0,1,0.77090053675223,1.22576374425083
S1_51041323,1,51041323,0,1,1.32089145376109,1.86608553103984
S1_51041338,1,51041338,0,1,0.475601106774246,0.792939846004002
S1_51286935,1,51286935,0,1,0.520038633895102,0.895068823455294
S1_51322789,1,51322789,0,1,0.640413969603904,0.463538628073616
S1_51322794,1,51322794,0,1,0.459137532328118,0.604122980602684
S1_51322795,1,51322795,0,1,0.382955035301285,0.588884144234166
S1_51322846,1,51322846,0,1,0.382857553736263,0.240170657136304
S1_51325116,1,51325116,0,1,0.102973526867134,0.102973526867134
S1_51397292,1,51397292,0,1,0.122277642499268,0.00597880281385269
S1_51398640,1,51398640,0,1,1.33913084374525,1.57054136613743
S1_51399019,1,51399019,0,1,1.03990904365028,1.03990904365028
S1_51399301,1,51399301,0,1,0.512109382075617,0.164434117780127
S1_51399543,1,51399543,0,1,0.209779168399093,0.320733549516843
S1_51400084,1,51400084,0,1,0.273419870075849,0.289622222942445
S1_51410881,1,51410881,0,1,0.14816019372096,0.14816019372096
S1_51442531,1,51442531,0,1,0.0242454453809826,0.0242454453809826
S1_51459015,1,51459015,0,1,0.283095547478477,0.572017200916518
S1_51460246,1,51460246,0,1,0.32880160202883,0.32880160202883
S1_51461771,1,51461771,0,1,0.596002178383014,0.909853167664436
S1_51461955,1,51461955,0,1,0.161661522590538,0.198445782955258
S1_51461979,1,51461979,0,1,0.183262801954316,0.141986174486783
S1_51462005,1,51462005,0,1,0.0247626233966384,0.126705804677377
S1_51462029,1,51462029,0,1,0.30238488192378,0.605109294371681
S1_51535081,1,51535081,0,1,0.295412783732177,0.537204070071684
S1_51852786,1,51852786,0,1,1.05035672507031,1.37660454551153
S1_51852901,1,51852901,0,1,0.539928117325419,0.539928117325419
S1_51895945,1,51895945,0,1,0.223399255561814,0.503599427156692
S1_52075786,1,52075786,0,1,0.449707232873284,0.688332390435206
S1_52082611,1,52082611,0,1,0.0242904317163792,0.0263956799266456
S1_52084786,1,52084786,0,1,0.186804379884279,0.0872524077162222
S1_52085005,1,52085005,0,1,0.190538760485011,0.0510008033523991
S1_52086344,1,52086344,0,1,0.221988336284517,0.221988336284517
S1_52086812,1,52086812,0,1,0.18001475339215,0.0675386002125635
S1_52087029,1,52087029,0,1,0.932865244465458,0.721267951201924
S1_52090719,1,52090719,0,1,1.05627724995916,1.05627724995916
S1_52090753,1,52090753,0,1,0.714757535228243,0.0152336099742502
S1_52090847,1,52090847,0,1,0.0519814269141254,0.0519814269141254
S1_52091132,1,52091132,0,1,0.123222190494956,0.168542412953997
S1_52091248,1,52091248,0,1,0.762384279510826,0.857008739324151
S1_52091347,1,52091347,0,1,3.86931280234641,0.268851458593251
S1_52091528,1,52091528,0,1,1.16431272751489,1.16431272751489
S1_52156717,1,52156717,0,1,0.177435567078391,0.373092978914436
S1_52160316,1,52160316,0,1,0.0786200617875243,0.0134721195669302
S1_52160347,1,52160347,0,1,0.119213785883389,0.13695185051542
S1_52160353,1,52160353,0,1,0.0867631435607264,0.038004797043552
S1_52161080,1,52161080,0,1,0.629656446112959,0.629656446112959
S1_52161954,1,52161954,0,1,0.490601682325773,0.877653353755534
S1_52161960,1,52161960,0,1,0.282480564820384,0.511808798292478
S1_52195082,1,52195082,0,1,0.854966523055585,0.854966523055585
S1_52195146,1,52195146,0,1,0.295151864788876,0.295151864788876
S1_52195245,1,52195245,0,1,0.469466906025312,0.469466906025312
S1_52222103,1,52222103,0,1,0.242336069572141,0.242336069572141
S1_52252496,1,52252496,0,1,0.373182620126517,0.664733324551728
S1_52252505,1,52252505,0,1,0.17045242408509,0.334202575982268
S1_52253383,1,52253383,0,1,0.115714589670361,0.115714589670361
S1_52253395,1,52253395,0,1,0.148503673241269,0.148503673241269
S1_52253689,1,52253689,0,1,0.21515306980486,0.266265493669973
S1_52253712,1,52253712,0,1,1.09276021488684,1.09276021488684
S1_52345244,1,52345244,0,1,0.44431007826221,0.766872358204426
S1_52345405,1,52345405,0,1,2.48904371945049,2.48904371945049
S1_52346842,1,52346842,0,1,0.0120580201626406,0.0301135335423598
S1_52347178,1,52347178,0,1,0.232107505696599,0.234109465974607
S1_52394698,1,52394698,0,1,0.0324928312567724,0.111791522764026
S1_52464757,1,52464757,0,1,0.222505310350977,0.0276034503633341
S1_52467139,1,52467139,0,1,0.369351886546149,0.395139544003998
S1_52539028,1,52539028,0,1,0.184317718489176,0.0128748364977984
S1_52540042,1,52540042,0,1,0.145093463763386,0.352304892232346
S1_52562180,1,52562180,0,1,0.319129544104311,0.537309084035943
S1_52567968,1,52567968,0,1,0.252536099914392,0.21824689564185
S1_52603123,1,52603123,0,1,0.327902804578904,0.327902804578904
S1_52604271,1,52604271,0,1,0.50480329859786,0.822715920137028
S1_52604395,1,52604395,0,1,0.0250068859927335,0.132922651865636
S1_52605386,1,52605386,0,1,0.246606064813911,0.246606064813911
S1_52606934,1,52606934,0,1,0.267502804255,0.564761348715798
S1_52608062,1,52608062,0,1,0.320069074799155,0.320069074799155
S1_52626995,1,52626995,0,1,3.06918313689541,3.49321953637175
S1_52627046,1,52627046,0,1,0.801508835841574,1.18016990988936
S1_52632306,1,52632306,0,1,0.00949313064766174,0.00949313064766174
S1_52632335,1,52632335,0,1,1.02626957152707,0.152672601351437
S1_52640798,1,52640798,0,1,0.280573383623131,0.280573383623131
S1_52642178,1,52642178,0,1,0.259645043823932,0.489909871961691
S1_52761462,1,52761462,0,1,1.99761069493443,2.61739979132048
S1_52762426,1,52762426,0,1,1.08357287319303,1.08357287319303
S1_52762430,1,52762430,0,1,0.376715372188896,0.376715372188896
S1_52765942,1,52765942,0,1,1.36767585147935,1.36767585147935
S1_52767906,1,52767906,0,1,0.0943950811576461,0.0943950811576461
S1_52767929,1,52767929,0,1,0.187900859930607,0.0645651955492931
S1_52774955,1,52774955,0,1,0.419065963369609,0.550746374687651
S1_52920277,1,52920277,0,1,0.170494809798384,0.285274945583957
S1_52920283,1,52920283,0,1,0.170494809798384,0.285274945583957
S1_52920310,1,52920310,0,1,0.850956617637712,0.850956617637712
S1_52920520,1,52920520,0,1,0.21636320914328,0.0828153522285426
S1_52921116,1,52921116,0,1,0.0156838080439803,0.0648380504354955
S1_52925125,1,52925125,0,1,0.0295901606182866,0.0112872371623198
S1_52925128,1,52925128,0,1,0.34194620864646,0.633713122323822
S1_53069066,1,53069066,0,1,0.00677396350387811,0.0525219413961636
S1_53069183,1,53069183,0,1,1.86765610747547,2.05757844842403
S1_53075660,1,53075660,0,1,0.0659601131217896,0.0548584192000543
S1_53129303,1,53129303,0,1,2.02685860020175,0.507774417488521
S1_53151314,1,53151314,0,1,0.30417134216904,0.489642123940882
S1_53154678,1,53154678,0,1,0.0349466926029678,0.1623108845
S1_53154777,1,53154777,0,1,0.840861376534661,0.840861376534661
S1_53154819,1,53154819,0,1,0.0442768823040227,0.0484212615506513
S1_53154825,1,53154825,0,1,0.362732674505439,0.673105256193277
S1_53154891,1,53154891,0,1,0.118650701137221,0.23325962859603
S1_53157221,1,53157221,0,1,0.108644788812198,0.129234060650368
S1_53157262,1,53157262,0,1,0.356566981638631,0.13761091280122
S1_53164498,1,53164498,0,1,0.0650027588441572,0.164725216471674
S1_53164669,1,53164669,0,1,1.53901881609374,2.07471180315761
S1_53236735,1,53236735,0,1,0.147466079388845,0.147466079388845
S1_53236784,1,53236784,0,1,0.912738138113725,0.402450993812853
S1_53271836,1,53271836,0,1,0.0769967943621752,0.20823989767508
S1_53341337,1,53341337,0,1,0.628024278929127,1.0286946663416
S1_53413513,1,53413513,0,1,1.61000872227656,1.61000872227656
S1_53422347,1,53422347,0,1,1.28275409665438,1.68633865155324
S1_53422374,1,53422374,0,1,0.627127974395505,0.921306332654989
S1_53422401,1,53422401,0,1,0.905187207796725,1.32367198223656
S1_53422491,1,53422491,0,1,0.174727759202769,0.300132189203968
S1_53422515,1,53422515,0,1,0.272498957195601,0.464726371572379
S1_53422517,1,53422517,0,1,0.728003027965675,0.728003027965675
S1_53422571,1,53422571,0,1,1.30174244291629,0.441984363224604
S1_53422664,1,53422664,0,1,0.245602717136878,0.266677085605824
S1_53423512,1,53423512,0,1,0.180975627866023,0.440145074263184
S1_53423541,1,53423541,0,1,1.61860611742432,0.548603504399501
S1_53467573,1,53467573,0,1,0.266789967916268,0.146051903560318
S1_53467897,1,53467897,0,1,0.269924289858416,0.0606271078883659
S1_53467902,1,53467902,0,1,0.0047750176033082,0.00471898152088273
S1_53621583,1,53621583,0,1,0.200076605198997,0.366238819990872
S1_53631305,1,53631305,0,1,0.36177777448672,0.609484379991958
S1_53634263,1,53634263,0,1,0.219657767069262,0.0261301613961494
S1_53635307,1,53635307,0,1,0.184921718303089,0.0957868331445768
S1_53709303,1,53709303,0,1,0.684720791587959,0.773249875648936
S1_53744207,1,53744207,0,1,0.0559734392309067,0.0559734392309067
S1_53823111,1,53823111,0,1,0.169800553942502,0.424525716519911
S1_53829491,1,53829491,0,1,0.10423620386775,0.160179225412143
S1_53838214,1,53838214,0,1,0.0527552246002268,0.0527552246002268
S1_53943890,1,53943890,0,1,0.391487467378543,0.391487467378543
S1_53943907,1,53943907,0,1,0.491684907991109,0.491684907991109
S1_53943978,1,53943978,0,1,0.219288775390489,0.0973633114371776
S1_53950332,1,53950332,0,1,0.332230851767885,0.115936805032454
S1_54125348,1,54125348,0,1,0.550624425249116,0.790280525214856
S1_54186844,1,54186844,0,1,0.471835404331333,0.397570534964621
S1_54188630,1,54188630,0,1,1.01553325703185,1.01093823597183
S1_54189126,1,54189126,0,1,1.41009420216164,1.41009420216164
S1_54189169,1,54189169,0,1,1.08585918512017,1.19240735146652
S1_54189738,1,54189738,0,1,0.663971665728302,0.663971665728302
S1_54189755,1,54189755,0,1,0.550702732619095,0.550702732619095
S1_54189835,1,54189835,0,1,1.57598882100737,1.34970995055376
S1_54189897,1,54189897,0,1,0.0297305726690449,0.0297305726690449
S1_54190120,1,54190120,0,1,0.195272691308577,0.0520199018523458
S1_54190242,1,54190242,0,1,0.391519971947004,0.692685824234904
S1_54276418,1,54276418,0,1,0.630398827238662,1.01578438874116
S1_54276421,1,54276421,0,1,0.776871244397303,1.20568374366555
S1_54277268,1,54277268,0,1,0.577042059148293,0.97265213882015
S1_54277314,1,54277314,0,1,0.246555871010533,0.455271074659794
S1_54277977,1,54277977,0,1,0.264729784980293,0.083177185491822
S1_54278058,1,54278058,0,1,0.555641754226226,0.555641754226226
S1_54278086,1,54278086,0,1,1.37851173669069,1.37682593618413
S1_54278114,1,54278114,0,1,2.12109525798609,1.44177063855299
S1_54278212,1,54278212,0,1,0.391928119020959,0.391928119020959
S1_54279745,1,54279745,0,1,0.722506715083075,0.722506715083075
S1_54280660,1,54280660,0,1,0.266571232568946,0.158817385499067
S1_54345160,1,54345160,0,1,0.60437430257008,0.60437430257008
S1_54346549,1,54346549,0,1,0.358900216579118,0.414037084073834
S1_54524409,1,54524409,0,1,0.939175772140983,1.38612386615427
S1_54533408,1,54533408,0,1,0.0949849589463707,0.28943945854943
S1_54533437,1,54533437,0,1,0.0135267081895269,0.0508618955263783
S1_54534201,1,54534201,0,1,0.0665240235535662,0.0665240235535662
S1_54534423,1,54534423,0,1,0.0616518378390427,0.104727036685165
S1_54534509,1,54534509,0,1,0.348828520662815,0.567458673493522
S1_54617050,1,54617050,0,1,0.163294157513407,0.239014413908048
S1_54617057,1,54617057,0,1,0.98103290804237,0.138098393350933
S1_54617061,1,54617061,0,1,0.539643324926635,0.300099500989364
S1_54617074,1,54617074,0,1,0.382245885624262,0.0172791683785234
S1_54617658,1,54617658,0,1,0.333926618326241,0.208199990274971
S1_54617662,1,54617662,0,1,0.388379004362854,0.32674996314099
S1_54844923,1,54844923,0,1,0.149915912396264,0.31499213410828
S1_54845046,1,54845046,0,1,0.65449486279991,0.65449486279991
S1_54845057,1,54845057,0,1,1.22252282630934,1.24866754229562
S1_54845086,1,54845086,0,1,1.02961880939743,1.50844317547403
S1_54845088,1,54845088,0,1,1.51573881281197,1.94884862794089
S1_54845094,1,54845094,0,1,0.919679663422693,1.36975591448098
S1_54845197,1,54845197,0,1,0.849041884948493,1.28583425937587
S1_54845210,1,54845210,0,1,1.23192944627535,1.76199113335935
S1_54925637,1,54925637,0,1,0.499315292856046,0.314460217612338
S1_54926640,1,54926640,0,1,0.228278961621338,0.316931154100037
S1_54927549,1,54927549,0,1,0.197148851403227,0.441419729648532
S1_54927571,1,54927571,0,1,0.202929951310048,0.202929951310048
S1_54927767,1,54927767,0,1,0.278903322451516,0.278903322451516
S1_55067851,1,55067851,0,1,2.01678592000108,1.70430112679632
S1_55067876,1,55067876,0,1,0.757858636117611,0.0608092953256483
S1_55067888,1,55067888,0,1,1.02374210413699,1.02374210413699
S1_55070491,1,55070491,0,1,0.00206583553290554,0.000135946205949545
S1_55070538,1,55070538,0,1,0.670477372984466,0.78317501260384
S1_55070572,1,55070572,0,1,1.85416676506701,1.76673482481186
S1_55070942,1,55070942,0,1,0.506005980157006,0.506005980157006
S1_55075252,1,55075252,0,1,0.353627113043629,0.681643543412274
S1_55077359,1,55077359,0,1,0.856418936171594,0.853605866638923
S1_55077389,1,55077389,0,1,0.33510740957502,0.198315267344102
S1_55080838,1,55080838,0,1,0.371299925920932,0.237024196678501
S1_55080916,1,55080916,0,1,0.564156789461342,0.689477908854032
S1_55080935,1,55080935,0,1,0.683466791235317,0.957490753117303
S1_55080942,1,55080942,0,1,0.561672957045299,0.791254626872186
S1_55084197,1,55084197,0,1,1.11285135864871,1.11285135864871
S1_55288930,1,55288930,0,1,0.365857336935469,0.365857336935469
S1_55291456,1,55291456,0,1,0.202569172539092,0.429003053263492
S1_55291473,1,55291473,0,1,0.892156459714225,1.33223642519641
S1_55388378,1,55388378,0,1,0.190387255003991,0.0394961992050187
S1_55388460,1,55388460,0,1,NA,NA
S1_55389827,1,55389827,0,1,0.048567655725828,0.152476008411079
S1_55390565,1,55390565,0,1,0.192718767319769,0.192718767319769
S1_55445259,1,55445259,0,1,0.0829329119109928,0.00427910087450444
S1_55451772,1,55451772,0,1,0.38929758699864,0.724006270477407
S1_55453120,1,55453120,0,1,0.51531171899938,0.136293340925022
S1_55454681,1,55454681,0,1,1.30339892743087,1.6961978330921
S1_55454752,1,55454752,0,1,0.197783178658039,0.245607936192664
S1_55454791,1,55454791,0,1,0.0596422177427032,0.141605002857631
S1_55455793,1,55455793,0,1,0.168002728217748,0.0906968478375249
S1_55455795,1,55455795,0,1,0.346254644565192,0.497696902747187
S1_55501463,1,55501463,0,1,2.34478063972063,2.43621961388538
S1_55501826,1,55501826,0,1,0.277559255072309,0.473564047735089
S1_55501829,1,55501829,0,1,0.249940772214955,0.00443164169028217
S1_55501832,1,55501832,0,1,0.379616118410284,0.0994834762480372
S1_55501848,1,55501848,0,1,0.479264174361179,0.0391549069750753
S1_55503525,1,55503525,0,1,0.386339129483588,0.2746961991413
S1_55503537,1,55503537,0,1,0.33764610502644,0.519114496667277
S1_55503636,1,55503636,0,1,1.00042033258798,0.11850414072092
S1_55503865,1,55503865,0,1,0.173203020404624,0.347149371112417
S1_55503874,1,55503874,0,1,0.147756561580286,0.370503783934977
S1_55503963,1,55503963,0,1,0.585144743866179,0.560342725004927
S1_55503972,1,55503972,0,1,0.175031591613722,0.381852400704656
S1_55504107,1,55504107,0,1,0.0595400497939128,0.20739301339054
S1_55504137,1,55504137,0,1,0.0981360880623785,0.0122536854744351
S1_55505468,1,55505468,0,1,0.0650550236224134,0.0986397785898752
S1_55575381,1,55575381,0,1,0.652364053623558,0.646130776837044
S1_55575387,1,55575387,0,1,0.708957943836002,0.720869667822468
S1_55667695,1,55667695,0,1,0.189690534619468,0.189690534619468
S1_55753064,1,55753064,0,1,0.349349579992191,0.581031017250823
S1_56037991,1,56037991,0,1,0.335173632289216,0.0452706576152296
S1_56074214,1,56074214,0,1,0.874417334653235,1.28572034388592
S1_56074245,1,56074245,0,1,0.478080377480778,0.435317850248054
S1_56077615,1,56077615,0,1,0.478701123008873,0.105419275003441
S1_56077655,1,56077655,0,1,0.346387174826697,0.0572298718418373
S1_56078832,1,56078832,0,1,0.206904697592004,0.344287469835955
S1_56078838,1,56078838,0,1,0.3248848014552,0.3248848014552
S1_56078854,1,56078854,0,1,1.11589946253412,1.35235692676181
S1_56078858,1,56078858,0,1,0.10976381091119,0.314218384740561
S1_56078883,1,56078883,0,1,0.229483741817717,0.0717303609854695
S1_56158933,1,56158933,0,1,0.196786101718218,0.0687734027862281
S1_56159565,1,56159565,0,1,0.149252861904922,0.34305166180795
S1_56159948,1,56159948,0,1,0.0702848066589663,0.225293146906806
S1_56162563,1,56162563,0,1,0.362403802991187,0.648804879049407
S1_56220679,1,56220679,0,1,1.34684268264189,1.34684268264189
S1_56220954,1,56220954,0,1,1.05999452083902,0.414176966987625
S1_56223732,1,56223732,0,1,0.0236695329948496,0.0588317669974886
S1_56223735,1,56223735,0,1,0.0525570782736688,0.0198278521675325
S1_56290760,1,56290760,0,1,0.374739459266062,0.689289255549565
S1_56307154,1,56307154,0,1,0.108220891330685,0.318185697273132
S1_56307167,1,56307167,0,1,0.515830099426386,0.734902779585071
S1_56307424,1,56307424,0,1,0.336316106643726,0.359168786947036
S1_56307431,1,56307431,0,1,0.917987729745833,1.15166233501481
S1_56307447,1,56307447,0,1,0.149129386110224,0.326427477453399
S1_56307456,1,56307456,0,1,0.747992197414733,1.04985594590679
S1_56307590,1,56307590,0,1,0.21184734471483,0.395804060396939
S1_56308082,1,56308082,0,1,0.0299547544263617,0.0207918069113654
S1_56308094,1,56308094,0,1,0.0334116226262179,0.0537673749259275
S1_56399162,1,56399162,0,1,0.0772929648277863,0.209007704052979
S1_56399197,1,56399197,0,1,0.560733605304276,0.560733605304276
S1_56445496,1,56445496,0,1,0.46450162236161,0.777962454070656
S1_56558534,1,56558534,0,1,0.449426947036837,0.360327394763978
S1_56558621,1,56558621,0,1,0.0816006996475285,0.1865675386674
S1_56562101,1,56562101,0,1,0.0571708188981462,0.00321907115306416
S1_56562180,1,56562180,0,1,0.0320028963710679,0.0411508142241263
S1_56562197,1,56562197,0,1,0.0317900037411024,0.0389508562535677
S1_56562734,1,56562734,0,1,0.199522463636884,0.199522463636884
S1_56569449,1,56569449,0,1,0.113653287705801,0.290065298763523
S1_56574646,1,56574646,0,1,0.346112851254406,0.583357898688901
S1_56574785,1,56574785,0,1,1.69552291604522,2.06638037113478
S1_56574967,1,56574967,0,1,1.26400485674807,1.42891957600519
S1_56575843,1,56575843,0,1,0.186280800988036,0.186280800988036
S1_56674740,1,56674740,0,1,0.205585294340668,0.102712316579896
S1_56675349,1,56675349,0,1,0.0468605745830379,0.0468605745830379
S1_56730634,1,56730634,0,1,0.360215123010011,0.360215123010011
S1_56746957,1,56746957,0,1,0.0831035576564186,0.262386402835594
S1_56752848,1,56752848,0,1,0.619676837429686,0.775612687908342
S1_56752869,1,56752869,0,1,0.730851288969421,0.887534254841662
S1_56893546,1,56893546,0,1,0.196399525437155,0.0365101102124443
S1_56929761,1,56929761,0,1,1.24458950397005,1.43037460061066
S1_56929791,1,56929791,0,1,0.652623148950294,0.709284386206192
S1_56929805,1,56929805,0,1,1.17548543789963,1.34036601682338
S1_56929839,1,56929839,0,1,0.0479087085681498,0.0515802208350227
S1_56929945,1,56929945,0,1,0.279559761814496,0.26106207209774
S1_56965240,1,56965240,0,1,0.752376838664838,0.70319691524948
S1_56970030,1,56970030,0,1,0.0746262458542503,0.204833701467051
S1_56970072,1,56970072,0,1,0.445686035718326,0.562331652392845
S1_56978205,1,56978205,0,1,0.625339133726672,1.00089624297673
S1_57249179,1,57249179,0,1,0.385222583528778,0.385222583528778
S1_57249254,1,57249254,0,1,0.381894434913309,0.692348070502492
S1_57255264,1,57255264,0,1,0.428304020270012,0.428304020270012
S1_57289113,1,57289113,0,1,0.186074951460339,0.186074951460339
S1_57293409,1,57293409,0,1,0.118201449888016,0.298951207972444
S1_57298934,1,57298934,0,1,0.073143990795207,0.0922248353417323
S1_57298972,1,57298972,0,1,0.0433327640222014,0.000588155159288421
S1_57299032,1,57299032,0,1,0.443613112586575,0.443613112586575
S1_57299343,1,57299343,0,1,0.64727057343744,0.64727057343744
S1_57299364,1,57299364,0,1,0.305119488941335,0.305119488941335
S1_57299429,1,57299429,0,1,0.371029593361093,0.371029593361093
S1_57299775,1,57299775,0,1,0.515036317196561,0.864392955489699
S1_57460010,1,57460010,0,1,0.0351095972410659,0.158339587558163
S1_57479695,1,57479695,0,1,0.833857172140851,0.833857172140851
S1_57561816,1,57561816,0,1,0.112869761414324,0.209478506670719
S1_57561825,1,57561825,0,1,0.501726624123239,0.501726624123239
S1_57840301,1,57840301,0,1,0.265524199250874,0.453829023805947
S1_57892097,1,57892097,0,1,0.377921348409621,0.377921348409621
S1_58362945,1,58362945,0,1,0.35102505677474,0.35102505677474
S1_58362995,1,58362995,0,1,0.176494529212617,0.255060763283755
S1_58363001,1,58363001,0,1,0.176494529212617,0.255060763283755
S1_58363122,1,58363122,0,1,0.554625633050002,0.554625633050002
S1_58363535,1,58363535,0,1,0.563136701127557,0.798007763894191
S1_58363661,1,58363661,0,1,0.0587984235655495,0.0139451388387035
S1_58363674,1,58363674,0,1,0.0750999819739498,0.0917273918587502
S1_58419138,1,58419138,0,1,0.107790052876047,0.107790052876047
S1_58419282,1,58419282,0,1,0.0248989851719257,0.00930692580030692
S1_58446559,1,58446559,0,1,0.280813460785258,0.280813460785258
S1_58447408,1,58447408,0,1,0.701327424333,0.942009395738172
S1_58447426,1,58447426,0,1,0.421311360412657,0.555068562946164
S1_58459448,1,58459448,0,1,0.22613974238214,0.219409812983444
S1_58459458,1,58459458,0,1,0.0871897608616249,0.237538367807568
S1_58472981,1,58472981,0,1,0.518956201950598,0.518956201950598
S1_58473058,1,58473058,0,1,0.147024581902337,0.147024581902337
S1_58473131,1,58473131,0,1,0.0165380295418773,0.10655224378126
S1_58473224,1,58473224,0,1,0.0673073956059911,0.237617249754622
S1_58473254,1,58473254,0,1,0.135929771893777,0.100896878930118
S1_58473259,1,58473259,0,1,0.18422022013916,0.112197891931172
S1_58473436,1,58473436,0,1,0.0434898879108137,0.0731513953987739
S1_58474534,1,58474534,0,1,0.436833734081773,0.483727009322767
S1_58503721,1,58503721,0,1,0.198348693267517,0.354070720404051
S1_58564911,1,58564911,0,1,0.171851743715573,0.360837093955713
S1_58564917,1,58564917,0,1,0.0067136712071284,0.0303542456106746
S1_58645389,1,58645389,0,1,0.307548834660109,0.307548834660109
S1_58646339,1,58646339,0,1,0.371185165994249,0.41224002226419
S1_58647493,1,58647493,0,1,0.293955688724982,0.578742907080308
S1_58708761,1,58708761,0,1,0.241591650099159,0.241591650099159
S1_58708762,1,58708762,0,1,0.233555990306772,0.233555990306772
S1_58708816,1,58708816,0,1,0.772750427837878,0.876842157041266
S1_58711695,1,58711695,0,1,0.164890921926835,0.164890921926835
S1_58717380,1,58717380,0,1,0.0239805374671894,0.0239805374671894
S1_58718408,1,58718408,0,1,0.242558570249999,0.494960743615141
S1_58739851,1,58739851,0,1,0.907698882461294,1.11636733220063
S1_59062615,1,59062615,0,1,1.24403162044823,1.65806276053926
S1_59070674,1,59070674,0,1,0.763014534226716,0.487069140945325
S1_59072179,1,59072179,0,1,0.0397793614617189,0.0397793614617189
S1_59072249,1,59072249,0,1,2.03327684084794,2.03327684084794
S1_59077496,1,59077496,0,1,1.06325826976986,1.21471846056058
S1_59116665,1,59116665,0,1,0.219613297152815,0.425446853266283
S1_59123083,1,59123083,0,1,0.135135255781736,0.353411333602627
S1_59183270,1,59183270,0,1,0.616868047906533,0.495787964048413
S1_59184171,1,59184171,0,1,0.254193913774634,0.420464258808358
S1_59296394,1,59296394,0,1,0.447544658175131,0.689974787154057
S1_59296964,1,59296964,0,1,0.606272319098034,0.1643054286206
S1_59297021,1,59297021,0,1,0.327469019751328,0.588727781432242
S1_59462758,1,59462758,0,1,0.98336061139981,0.766795415691419
S1_59462759,1,59462759,0,1,0.593899886513198,0.799769555127855
S1_59464629,1,59464629,0,1,0.342198057783017,0.559891848378815
S1_59469289,1,59469289,0,1,0.637278633237368,0.637278633237368
S1_59506210,1,59506210,0,1,0.45067498811261,0.332331913272871
S1_59508309,1,59508309,0,1,0.914814660051961,0.914814660051961
S1_59577083,1,59577083,0,1,0.0537117639587384,0.0537117639587384
S1_59577094,1,59577094,0,1,0.25569727402516,0.473668884965824
S1_59577117,1,59577117,0,1,0.250060995740371,0.0132147729776375
S1_59579513,1,59579513,0,1,0.0589254832417811,0.0917520674551078
S1_59598072,1,59598072,0,1,1.62427885157551,2.0503702264941
S1_59671348,1,59671348,0,1,0.236213116464597,0.416322254467722
S1_59959333,1,59959333,0,1,0.225577720784176,0.501474151925596
S1_59959370,1,59959370,0,1,0.626433810515079,0.582832708321525
S1_59959866,1,59959866,0,1,0.917256937723042,1.31357860464534
S1_59960019,1,59960019,0,1,1.23339602550449,1.76545444637565
S1_59960136,1,59960136,0,1,1.23725439587207,1.6194884178022
S1_59960356,1,59960356,0,1,0.985110864821596,0.985110864821596
S1_60088084,1,60088084,0,1,0.72496435310894,0.72496435310894
S1_60088096,1,60088096,0,1,1.50071044921958,2.05716316718633
S1_60095063,1,60095063,0,1,1.12149385906571,0.679594267682306
S1_60098396,1,60098396,0,1,0.075480724625954,0.246387971087767
S1_60148884,1,60148884,0,1,1.65361689648474,1.65361689648474
S1_60148888,1,60148888,0,1,1.77785079013079,1.77785079013079
S1_60149775,1,60149775,0,1,0.705961417628738,0.974615194009969
S1_60149819,1,60149819,0,1,2.92093099936148,2.9206798193114
S1_60149839,1,60149839,0,1,0.0988258679443173,0.293035882052022
S1_60153407,1,60153407,0,1,2.05631129483588,2.05631129483588
S1_60153430,1,60153430,0,1,0.595353307419387,0.224095105011424
S1_60153734,1,60153734,0,1,0.567390856999013,0.839445606531729
S1_60153855,1,60153855,0,1,0.51505521304516,0.51505521304516
S1_60153873,1,60153873,0,1,2.43042057440127,3.07491922151743
S1_60153884,1,60153884,0,1,0.616243043465321,0.616243043465321
S1_60154691,1,60154691,0,1,0.40761984025637,0.40761984025637
S1_60161359,1,60161359,0,1,0.87945416544741,0.701732573200309
S1_60161367,1,60161367,0,1,0.860075305831795,0.942062840502413
S1_60161369,1,60161369,0,1,0.496345124553955,0.474573249281431
S1_60163470,1,60163470,0,1,1.15553953246999,0.308428941824663
S1_60264866,1,60264866,0,1,1.24476872350412,1.24476872350412
S1_60395767,1,60395767,0,1,0.29876683070674,0.235424011239697
S1_60395952,1,60395952,0,1,0.228234479242948,0.494814993889751
S1_60397024,1,60397024,0,1,0.678964907590432,1.07127216711215
S1_60479239,1,60479239,0,1,0.240737578429068,0.207418486558866
S1_60479344,1,60479344,0,1,0.186438546451651,0.315605000643179
S1_60479351,1,60479351,0,1,0.191207219733327,0.146656818604411
S1_60675192,1,60675192,0,1,0.085630629495939,0.085630629495939
S1_60700923,1,60700923,0,1,0.0277906950344383,0.0277906950344383
S1_60755657,1,60755657,0,1,0.273222935311359,0.105947313065565
S1_60755736,1,60755736,0,1,0.607409010711843,0.941751119972086
S1_60808690,1,60808690,0,1,0.503138014348143,0.154976970031756
S1_60831217,1,60831217,0,1,0.315299506534719,0.27395977602759
S1_60834260,1,60834260,0,1,1.19928261748122,1.65047629319692
S1_60834817,1,60834817,0,1,1.18133258838111,1.69389513115505
S1_60835150,1,60835150,0,1,0.493251045886587,0.493251045886587
S1_60835167,1,60835167,0,1,0.37482487133275,0.715353317069488
S1_60866305,1,60866305,0,1,0.191424895031359,0.431748533491441
S1_60870080,1,60870080,0,1,0.146464433088512,0.306764340360507
S1_61016642,1,61016642,0,1,1.44384701251558,1.05942146580238
S1_61016648,1,61016648,0,1,0.299063037232894,0.299063037232894
S1_61020534,1,61020534,0,1,0.225186401957221,0.0468431565473405
S1_61020620,1,61020620,0,1,0.627648609294686,0.627648609294686
S1_61020753,1,61020753,0,1,0.172679130986657,0.349938673941884
S1_61021047,1,61021047,0,1,2.13558374180129,2.0277690858853
S1_61024705,1,61024705,0,1,0.303417956048254,0.399127427007857
S1_61034292,1,61034292,0,1,1.29389140648069,1.81862653633985
S1_61137504,1,61137504,0,1,1.22243878595401,1.10267851944748
S1_61138166,1,61138166,0,1,0.883642558946704,1.05016890799155
S1_61138176,1,61138176,0,1,1.94339112070804,1.94339112070804
S1_61138920,1,61138920,0,1,0.371827655809851,0.693500213121364
S1_61138981,1,61138981,0,1,0.589441975206348,0.589441975206348
S1_61145149,1,61145149,0,1,0.351577839949117,0.656076459164201
S1_61257607,1,61257607,0,1,0.391067524400392,0.743061641877925
S1_61448601,1,61448601,0,1,2.33993114230794,2.44505893608256
S1_61448700,1,61448700,0,1,1.06314598363129,1.45498968351785
S1_61448951,1,61448951,0,1,0.605375247253517,0.995849008963325
S1_61448955,1,61448955,0,1,0.918928265637732,1.37944819257669
S1_61619104,1,61619104,0,1,0.647738758936002,0.930213483775767
S1_61621994,1,61621994,0,1,0.518679401326053,0.342317392298671
S1_61622046,1,61622046,0,1,0.196907701748031,0.418378567513894
S1_61623140,1,61623140,0,1,1.65165503016095,1.84288284645708
S1_61623753,1,61623753,0,1,1.3283308829879,1.85359593385429
S1_61623769,1,61623769,0,1,0.487407015065776,0.10287409117882
S1_61623779,1,61623779,0,1,0.130742066649717,0.358650998217
S1_61623796,1,61623796,0,1,0.630362394290327,0.622400121115763
S1_61623870,1,61623870,0,1,0.292507970663961,0.0272225223551469
S1_61624185,1,61624185,0,1,1.04118198088391,1.22041592237908
S1_61630192,1,61630192,0,1,0.604812557624515,0.604812557624515
S1_61630252,1,61630252,0,1,0.367767625361008,0.367767625361008
S1_61630270,1,61630270,0,1,0.0231770705848756,0.12663355209673
S1_61630398,1,61630398,0,1,1.0302305501473,1.52433485779733
S1_61630408,1,61630408,0,1,0.461585624355836,0.0995790092529792
S1_61699178,1,61699178,0,1,1.13961035762732,1.34664435656333
S1_61699183,1,61699183,0,1,0.479509270527406,0.541410702375512
S1_61699220,1,61699220,0,1,0.0774469363951593,0.0774469363951593
S1_61699265,1,61699265,0,1,1.08827238004401,1.45704457214788
S1_61700212,1,61700212,0,1,0.130639373869568,0.282597621188111
S1_61700287,1,61700287,0,1,0.139297216680897,0.00841781940035107
S1_61710729,1,61710729,0,1,0.046013946800298,0.0366178531397029
S1_61716958,1,61716958,0,1,0.440754353065129,0.0327508630255713
S1_61716966,1,61716966,0,1,0.0599528981287902,0.0599528981287902
S1_61907037,1,61907037,0,1,0.354944823529677,0.498501155561201
S1_61938424,1,61938424,0,1,0.198398099922881,0.197579768232735
S1_61938503,1,61938503,0,1,0.717560416467255,0.111075837202737
S1_61938504,1,61938504,0,1,0.410214284254733,0.302697574183452
S1_61940339,1,61940339,0,1,0.216783889736881,0.409415106401246
S1_61940501,1,61940501,0,1,0.0300270329030051,0.142126734825591
S1_61944133,1,61944133,0,1,0.187310372896243,0.417298630509218
S1_61945367,1,61945367,0,1,0.595458566017319,0.890250308076731
S1_61948946,1,61948946,0,1,0.146431316914549,0.317695214582181
S1_61948994,1,61948994,0,1,0.711894174646554,1.13517488847652
S1_61949069,1,61949069,0,1,0.139419756567982,0.372841423078486
S1_61949140,1,61949140,0,1,0.43993346013641,0.783210412901145
S1_61949159,1,61949159,0,1,1.99265070702389,2.06027942628969
S1_62059736,1,62059736,0,1,0.435516417593886,0.623836525258873
S1_62142642,1,62142642,0,1,0.276192017430802,0.276192017430802
S1_62199378,1,62199378,0,1,0.0688698798857515,0.139606142053663
S1_62226889,1,62226889,0,1,0.156429079341866,0.206486339677779
S1_62226897,1,62226897,0,1,NA,NA
S1_62226942,1,62226942,0,1,0.635081008094583,0.909950384452734
S1_62230813,1,62230813,0,1,0.00603934890500289,0.0193730436582548
S1_62230831,1,62230831,0,1,0.675076845230466,1.03508175642215
S1_62438566,1,62438566,0,1,0.16341323418576,0.41394781419614
S1_62439893,1,62439893,0,1,0.396492459485399,0.72787936613167
S1_62454894,1,62454894,0,1,0.0813889899247472,0.257829590942327
S1_62457233,1,62457233,0,1,0.121007400037289,0.220445264544107
S1_62459588,1,62459588,0,1,0.251767152032196,0.50683290476121
S1_62489633,1,62489633,0,1,0.00611017638235274,8.38814255460121e-05
S1_62489640,1,62489640,0,1,0.498001692192159,0.887012900286519
S1_62489673,1,62489673,0,1,0.179585268935657,0.179585268935657
S1_62489694,1,62489694,0,1,0.451435804665496,0.59763172866031
S1_62489738,1,62489738,0,1,0.746084770108105,1.09292591914306
S1_62489762,1,62489762,0,1,0.126195812005071,0.272040538973613
S1_62489767,1,62489767,0,1,0.290783172461381,0.348173546329535
S1_62489912,1,62489912,0,1,0.0342003422044796,0.156174561076274
S1_62489921,1,62489921,0,1,0.257437310463549,0.137074547272575
S1_62500364,1,62500364,0,1,0.576238833275786,0.908347946937648
S1_62500700,1,62500700,0,1,0.384338639693779,0.462552337346921
S1_62500889,1,62500889,0,1,0.429163378595557,0.516184359980871
S1_62500958,1,62500958,0,1,0.428993655648606,0.428993655648606
S1_62532334,1,62532334,0,1,0.333994010180074,0.333994010180074
S1_62532441,1,62532441,0,1,0.135626526882961,0.135626526882961
S1_62532460,1,62532460,0,1,0.0939195028485984,0.0939195028485984
S1_62532469,1,62532469,0,1,0.336641626622716,0.336641626622716
S1_62560191,1,62560191,0,1,0.270475684934413,0.270475684934413
S1_62560317,1,62560317,0,1,0.202091434143729,0.43659782956461
S1_62675449,1,62675449,0,1,0.524142144505414,0.729927556458237
S1_62675456,1,62675456,0,1,0.730920517700347,1.04239427945343
S1_62701189,1,62701189,0,1,0.734742089835514,0.832099875640876
S1_62701201,1,62701201,0,1,0.568663121146241,0.738514942671956
S1_62712197,1,62712197,0,1,0.0913318536723936,0.198582493782624
S1_62713713,1,62713713,0,1,0.201179424300744,0.144797953068746
S1_62887955,1,62887955,0,1,0.212056065767549,0.191894392789458
S1_62888989,1,62888989,0,1,0.036528887338076,0.036528887338076
S1_62918411,1,62918411,0,1,0.307890133219599,0.572666405784188
S1_62918460,1,62918460,0,1,0.19000376541723,0.19000376541723
S1_62918821,1,62918821,0,1,0.426870370544558,0.754623106493484
S1_62918896,1,62918896,0,1,0.489710522058512,0.0508592723938233
S1_63098827,1,63098827,0,1,1.22587736826194,1.17002594357935
S1_63098959,1,63098959,0,1,0.1676188877606,0.0185586564671187
S1_63098989,1,63098989,0,1,0.64613773333087,0.848876928656557
S1_63099873,1,63099873,0,1,0.325352580436097,0.133450675397224
S1_63151476,1,63151476,0,1,0.113291356156073,0.122504323769032
S1_63204027,1,63204027,0,1,0.170327863769972,0.170327863769972
S1_63206066,1,63206066,0,1,0.715075273421945,0.812025223162733
S1_63206107,1,63206107,0,1,0.0304725045537354,0.0304725045537354
S1_63206120,1,63206120,0,1,0.326775103620245,0.257899803400795
S1_63206125,1,63206125,0,1,0.471042784850928,0.471042784850928
S1_63209011,1,63209011,0,1,0.00424152688090999,0.0408142417513124
S1_63209026,1,63209026,0,1,0.0655269416041361,0.204255932583285
S1_63210924,1,63210924,0,1,0.0578197797877734,0.0823729309212002
S1_63210941,1,63210941,0,1,0.0921901825715504,0.283104622156382
S1_63353869,1,63353869,0,1,0.300817405981136,0.300817405981136
S1_63353933,1,63353933,0,1,0.0778981541891177,0.0408459933150367
S1_63354009,1,63354009,0,1,0.287898874192607,0.580602615341134
S1_63536536,1,63536536,0,1,0.390367750863643,0.410003795654073
S1_63536546,1,63536546,0,1,0.485703341735462,0.4962059847464
S1_63538936,1,63538936,0,1,0.678618436267813,0.678618436267813
S1_63540471,1,63540471,0,1,0.734685710798657,1.11929503101816
S1_63540508,1,63540508,0,1,0.191909514511977,0.228351428961629
S1_63540715,1,63540715,0,1,0.199985892154917,0.0615509221602034
S1_63559024,1,63559024,0,1,0.00436359762919535,0.00436359762919535
S1_63559039,1,63559039,0,1,0.516014863843004,0.63269463456744
S1_63573611,1,63573611,0,1,0.356624938258551,0.524968612911786
S1_63593479,1,63593479,0,1,0.188386875645701,0.00289724056215531
S1_63611649,1,63611649,0,1,0.0942384743989837,0.281422903426696
S1_63611691,1,63611691,0,1,NA,0.32927538992699
S1_63611747,1,63611747,0,1,0.098928013160353,0.0666173298769164
S1_63896890,1,63896890,0,1,0.221424480297833,0.296397319299535
S1_64014376,1,64014376,0,1,0.0190162045152951,0.0190162045152951
S1_64015678,1,64015678,0,1,0.272115253777947,0.578205575073991
S1_64015995,1,64015995,0,1,0.706158918052283,1.1479910531112
S1_64020086,1,64020086,0,1,1.33830113805213,0.455926623462568
S1_64020097,1,64020097,0,1,1.73827059693877,0.939826357654237
S1_64148305,1,64148305,0,1,NA,NA
S1_64149024,1,64149024,0,1,0.979355373034937,1.45367936288657
S1_64149845,1,64149845,0,1,0.761628236865208,0.50582932017385
S1_64150037,1,64150037,0,1,0.621794940371727,0.700618651985217
S1_64205204,1,64205204,0,1,0.278211549856392,0.57930626070918
S1_64238592,1,64238592,0,1,1.38396103911379,1.93619659719403
S1_64238621,1,64238621,0,1,1.02720363458899,1.40793854155229
S1_64239414,1,64239414,0,1,0.695613244737954,0.12600006297729
S1_64239450,1,64239450,0,1,0.58981426343872,0.961877437250862
S1_64390019,1,64390019,0,1,0.339285705613071,0.339285705613071
S1_64392057,1,64392057,0,1,0.00211906699882222,0.00322444724550173
S1_64396171,1,64396171,0,1,0.2958168472528,0.067559974035314
S1_64397411,1,64397411,0,1,0.317364716576401,0.25431703563424
S1_64397446,1,64397446,0,1,0.187398395100561,0.0624542922975923
S1_64398816,1,64398816,0,1,0.141849390525717,0.334003732411099
S1_64398822,1,64398822,0,1,0.844368814991764,0.844368814991764
S1_64398864,1,64398864,0,1,0.53059334511165,0.591770980268149
S1_64398917,1,64398917,0,1,0.440270264459808,0.213532162396662
S1_64598045,1,64598045,0,1,0.260314643666509,0.483203255690633
S1_64598077,1,64598077,0,1,0.0973451711568089,0.203321470589533
S1_64598547,1,64598547,0,1,0.219079653806589,0.219079653806589
S1_64598589,1,64598589,0,1,0.602119173711753,1.01441123028917
S1_64645954,1,64645954,0,1,2.43502625712073,2.85313992669372
S1_64646003,1,64646003,0,1,0.790015193892789,0.790015193892789
S1_64646011,1,64646011,0,1,0.0696316939010374,0.0696316939010374
S1_64646114,1,64646114,0,1,0.893636364498782,1.17223245650069
S1_64711124,1,64711124,0,1,0.0512191665775463,0.202548961813575
S1_64718455,1,64718455,0,1,0.1516930583852,0.0379148761758512
S1_64720573,1,64720573,0,1,0.510068707610522,0.289165788382117
S1_64720749,1,64720749,0,1,0.170420299987836,0.00293911503270556
S1_64721860,1,64721860,0,1,0.0710858417516126,0.14892483190934
S1_64722323,1,64722323,0,1,0.409023163084217,0.403780073104441
S1_64888984,1,64888984,0,1,0.383807465042019,0.415197579386087
S1_64966469,1,64966469,0,1,0.073267990792659,0.235325659548317
S1_64966883,1,64966883,0,1,0.835528760133325,0.835528760133325
S1_64971186,1,64971186,0,1,0.0335776812143167,0.0335776812143167
S1_64972617,1,64972617,0,1,0.0170759242549528,0.100605856385164
S1_64972682,1,64972682,0,1,0.338300590914152,0.159118041192763
S1_64972725,1,64972725,0,1,0.510149218346311,0.468740841148915
S1_65039766,1,65039766,0,1,1.01361474056451,1.01361474056451
S1_65086506,1,65086506,0,1,0.248270315940864,0.101888825837715
S1_65087499,1,65087499,0,1,0.226532674471166,0.350821303649827
S1_65119335,1,65119335,0,1,0.24214982521368,0.380572982785626
S1_65223571,1,65223571,0,1,0.284524230731667,0.284524230731667
S1_65343867,1,65343867,0,1,0.00188181981979641,0.0252471134529321
S1_65344072,1,65344072,0,1,0.0555509220490986,0.211961001790251
S1_65350627,1,65350627,0,1,0.228585714464467,0.0887382305717996
S1_65351053,1,65351053,0,1,0.0170431006129716,0.0673434817451891
S1_65351115,1,65351115,0,1,0.085581359762904,0.273829125474157
S1_65417292,1,65417292,0,1,0.117404907190151,0.0543607277304413
S1_65417297,1,65417297,0,1,0.277005188456875,0.452065746006815
S1_65417302,1,65417302,0,1,0.399225224650527,0.287547509887984
S1_65418796,1,65418796,0,1,NA,NA
S1_65419426,1,65419426,0,1,0.428608788144745,0.327765945703503
S1_65426961,1,65426961,0,1,0.191033435984451,0.0758915734029756
S1_65484516,1,65484516,0,1,0.914699863377843,1.04371058886189
S1_65489778,1,65489778,0,1,0.483668034906302,0.483668034906302
S1_65620421,1,65620421,0,1,0.314984137083097,0.228733650957689
S1_65620429,1,65620429,0,1,0.582218032012768,0.582218032012768
S1_65659657,1,65659657,0,1,1.22769476002355,0.563077580479171
S1_65880032,1,65880032,0,1,0.445865484155659,0.445865484155659
S1_65921502,1,65921502,0,1,0.0381157604830967,0.165525206945691
S1_66010146,1,66010146,0,1,0.921478007416482,0.947769724365872
S1_66013574,1,66013574,0,1,0.254943581182562,0.523542000451891
S1_66013609,1,66013609,0,1,0.134449882982182,0.134449882982182
S1_66175831,1,66175831,0,1,0.348590320282519,0.481925588825747
S1_66496422,1,66496422,0,1,0.148979100807806,0.148979100807806
S1_66580361,1,66580361,0,1,0.72033038878626,1.05264045102878
S1_66580898,1,66580898,0,1,0.208610267719005,0.0102307385375025
S1_66583624,1,66583624,0,1,0.935151843077674,1.16362439621528
S1_66583692,1,66583692,0,1,0.457418837105902,0.536295252999265
S1_66671807,1,66671807,0,1,0.261968672668399,0.387236372672984
S1_66672970,1,66672970,0,1,0.21064928003122,0.203574980336832
S1_66675053,1,66675053,0,1,1.29634369109723,1.44710785420832
S1_66770206,1,66770206,0,1,1.06804959154186,1.3951582068847
S1_66794916,1,66794916,0,1,0.404342903057416,0.404342903057416
S1_66795052,1,66795052,0,1,0.203723149868713,0.431654401372283
S1_66798835,1,66798835,0,1,0.504762285240945,0.892871938262815
S1_66975722,1,66975722,0,1,1.6468833254289,2.19351639067087
S1_66975731,1,66975731,0,1,0.739763620593392,1.1310737852158
S1_66978138,1,66978138,0,1,1.41727794492095,1.97579024213266
S1_66978145,1,66978145,0,1,1.20165807964872,1.72868779729498
S1_67055862,1,67055862,0,1,0.282635344299836,0.581462043348371
S1_67077524,1,67077524,0,1,0.238513596082903,0.238513596082903
S1_67078741,1,67078741,0,1,1.59287001982653,1.40252680997386
S1_67129332,1,67129332,0,1,0.281329636829297,0.281329636829297
S1_67142007,1,67142007,0,1,0.206010881341073,0.206010881341073
S1_67248808,1,67248808,0,1,0.423630347052792,0.232447756823808
S1_67248858,1,67248858,0,1,0.204855936599271,0.367309915948592
S1_67250266,1,67250266,0,1,0.0956851511326358,0.056065425465134
S1_67250676,1,67250676,0,1,0.146621936953979,0.357804830158999
S1_67436993,1,67436993,0,1,0.0670134753588184,0.191313607011377
S1_67437001,1,67437001,0,1,0.0670134753588184,0.191313607011377
S1_67439080,1,67439080,0,1,0.396831570678288,0.396831570678288
S1_67440195,1,67440195,0,1,0.251987486924522,0.494886137617901
S1_67440275,1,67440275,0,1,0.287350985759597,0.456900930271486
S1_67464740,1,67464740,0,1,0.0891849502708847,0.191640315729225
S1_67480447,1,67480447,0,1,0.470809943103107,0.046755791680532
S1_67533305,1,67533305,0,1,0.152615218007073,0.152615218007073
S1_67646712,1,67646712,0,1,0.130999121255096,0.0571751937858201
S1_67647278,1,67647278,0,1,NA,NA
S1_67649310,1,67649310,0,1,1.07876857156404,1.58959714924806
S1_67649374,1,67649374,0,1,0.747504695829712,1.19790547892775
S1_67727790,1,67727790,0,1,0.216922377859301,0.0177280742879788
S1_67727883,1,67727883,0,1,0.703208950357052,0.962403991199891
S1_67727928,1,67727928,0,1,0.844996243390448,1.24848749545072
S1_67770623,1,67770623,0,1,1.1019498486015,1.60802886638225
S1_67770643,1,67770643,0,1,0.722367243021848,1.01653043332068
S1_67770652,1,67770652,0,1,0.722367243021848,1.01653043332068
S1_67771725,1,67771725,0,1,0.214558769715236,0.214558769715236
S1_67772824,1,67772824,0,1,0.473838133518109,0.832161126526757
S1_67772829,1,67772829,0,1,1.08166870111121,1.58901116410449
S1_67849834,1,67849834,0,1,0.0265692371740105,0.0665114306570166
S1_67849840,1,67849840,0,1,0.372155861911524,0.136880409810243
S1_67849910,1,67849910,0,1,0.0802146944666011,0.0802146944666011
S1_67940188,1,67940188,0,1,0.478934042865794,0.110924655670483
S1_67940212,1,67940212,0,1,0.270627760445828,0.270627760445828
S1_67993971,1,67993971,0,1,1.96861226485412,1.96861226485412
S1_67993976,1,67993976,0,1,NA,NA
S1_68114497,1,68114497,0,1,0.299421727623793,0.133087562795196
S1_68114899,1,68114899,0,1,0.328618699829311,0.328618699829311
S1_68241270,1,68241270,0,1,0.123805398854913,0.0367664046018623
S1_68241282,1,68241282,0,1,0.0514668741423897,0.0423890569786081
S1_68241305,1,68241305,0,1,0.00125776457495327,0.00125776457495327
S1_68432146,1,68432146,0,1,0.489889785530952,0.870522371222121
S1_68439791,1,68439791,0,1,1.09966355979676,1.45984334705943
S1_68443961,1,68443961,0,1,0.353230657963588,0.028022678874698
S1_68545926,1,68545926,0,1,0.541840413909124,0.0435917544328266
S1_68546109,1,68546109,0,1,NA,NA
S1_68546121,1,68546121,0,1,0.239879979229511,0.279502637973585
S1_68546150,1,68546150,0,1,NA,NA
S1_68561686,1,68561686,0,1,0.153576935920686,0.262256194397227
S1_68561752,1,68561752,0,1,0.622116726559319,0.700027479969427
S1_68561814,1,68561814,0,1,0.012571251090359,0.0745506966783929
S1_68660614,1,68660614,0,1,0.528877298456001,0.667493106720999
S1_68752660,1,68752660,0,1,0.864602734369252,0.657123309454893
S1_68928621,1,68928621,0,1,0.69678228225666,0.425081492518607
S1_68933384,1,68933384,0,1,0.196830769648181,0.394015626263863
S1_68933427,1,68933427,0,1,0.916522407645319,0.916522407645319
S1_69248808,1,69248808,0,1,0.122881816733774,0.214316699327957
S1_69278656,1,69278656,0,1,NA,NA
S1_69288223,1,69288223,0,1,1.46638851191631,1.46638851191631
S1_69288248,1,69288248,0,1,1.37885568926353,1.37885568926353
S1_69400985,1,69400985,0,1,0.0541633955507362,0.0964214984579711
S1_69400989,1,69400989,0,1,0.218487107393401,0.218487107393401
S1_69401164,1,69401164,0,1,0.604440357899993,0.169636743595777
S1_69541111,1,69541111,0,1,0.0483051400567148,0.188697601975356
S1_69587711,1,69587711,0,1,0.236040658787295,0.310160915557189
S1_69588208,1,69588208,0,1,0.054905950782906,0.202597525262215
S1_69700054,1,69700054,0,1,0.27099431457151,0.106969564995438
S1_69700844,1,69700844,0,1,0.740829059112852,1.12353673454222
S1_69700880,1,69700880,0,1,0.740829059112852,1.12353673454222
S1_69865623,1,69865623,0,1,0.549543524128357,0.649218052420395
S1_69865630,1,69865630,0,1,1.05683278016631,0.771558296417406
S1_69865660,1,69865660,0,1,0.214868071672518,0.214868071672518
S1_69881124,1,69881124,0,1,0.175220078258327,0.225753687289028
S1_69882003,1,69882003,0,1,0.88501599385508,0.536928162993527
S1_69882005,1,69882005,0,1,0.588004123120524,0.0609507287281163
S1_69882028,1,69882028,0,1,0.651533609007648,0.0557685718539367
S1_69882187,1,69882187,0,1,0.0516144373091889,0.0715811275304135
S1_69889217,1,69889217,0,1,0.439822972421357,0.11335926243409
S1_69889501,1,69889501,0,1,0.118764715408421,0.330691979998179
S1_69889520,1,69889520,0,1,0.32896563978878,0.32896563978878
S1_70154730,1,70154730,0,1,0.538258629560768,0.538258629560768
S1_70154898,1,70154898,0,1,0.456490912506305,0.789934416766504
S1_70154922,1,70154922,0,1,0.393966323525118,0.701904984408361
S1_70155854,1,70155854,0,1,0.469379695269904,0.792311722586281
S1_70247521,1,70247521,0,1,0.336905965317246,0.672003834033243
S1_70254808,1,70254808,0,1,0.0214953299855472,0.1185222248563
S1_70254850,1,70254850,0,1,0.00981723538984153,0.0750633837766328
S1_70254888,1,70254888,0,1,0.454206778586562,0.454206778586562
S1_70424776,1,70424776,0,1,0.0892228661897465,0.144849888330552
S1_70424866,1,70424866,0,1,0.253115880055652,0.44199085886677
S1_70425028,1,70425028,0,1,0.254343285355313,0.524633067076949
S1_70425067,1,70425067,0,1,0.18650934693515,0.332880443301273
S1_70519278,1,70519278,0,1,0.179408176763074,0.427311876757712
S1_70578167,1,70578167,0,1,0.0409743732958879,0.177183053970874
S1_70578171,1,70578171,0,1,0.473686512377901,0.845715376383253
S1_70578357,1,70578357,0,1,0.108234118948062,0.31321212094044
S1_70594091,1,70594091,0,1,0.0977229734598979,0.132366811012072
S1_70721796,1,70721796,0,1,0.157398633781794,0.157398633781794
S1_70722101,1,70722101,0,1,0.0613023046363913,0.224135597874406
S1_70722102,1,70722102,0,1,0.00807362715537124,0.0486881971422859
S1_70722362,1,70722362,0,1,0.174446458005648,0.336469104097804
S1_70722367,1,70722367,0,1,0.352871855082772,0.352871855082772
S1_70722378,1,70722378,0,1,0.134032311819253,0.296776607317992
S1_70727549,1,70727549,0,1,0.330512125801048,0.19691383658944
S1_70768509,1,70768509,0,1,0.0401509939281538,0.172292142026679
S1_70768832,1,70768832,0,1,0.233160330831302,0.0960476047495855
S1_70769026,1,70769026,0,1,0.191283647789319,0.0199765807228391
S1_70769062,1,70769062,0,1,0.126601153169335,0.125788373564246
S1_70772124,1,70772124,0,1,0.969062275484863,0.969062275484863
S1_70772358,1,70772358,0,1,0.0597197476278926,0.202262743275681
S1_70821241,1,70821241,0,1,NA,0.290377788888374
S1_70821243,1,70821243,0,1,NA,0.0775652275472968
S1_70971106,1,70971106,0,1,0.318890950026133,0.314645931903322
S1_71001690,1,71001690,0,1,0.676457552432427,0.0513567981503428
S1_71001765,1,71001765,0,1,0.334314081050735,0.663982447556321
S1_71020191,1,71020191,0,1,0.416721607717343,0.403431085342714
S1_71024160,1,71024160,0,1,0.0476645294476401,0.170642125394145
S1_71024163,1,71024163,0,1,0.590828196989186,0.884510158779497
S1_71024271,1,71024271,0,1,0.521896160864451,0.521896160864451
S1_71063838,1,71063838,0,1,0.585174532055506,0.790133927459241
S1_71127098,1,71127098,0,1,0.172215207045936,0.255775255651213
S1_71127103,1,71127103,0,1,0.141697479602162,0.141697479602162
S1_71127117,1,71127117,0,1,0.848859763523923,0.824605782845
S1_71128709,1,71128709,0,1,0.156900707966624,0.0554021098658617
S1_71128711,1,71128711,0,1,0.158230190202654,0.00718613961062454
S1_71137360,1,71137360,0,1,0.534618997453033,0.76321438894502
S1_71137398,1,71137398,0,1,0.458009529117103,0.817681630705643
S1_71137420,1,71137420,0,1,0.411539627341972,0.756434240458235
S1_71208556,1,71208556,0,1,0.568875983969347,0.673824655586835
S1_71332414,1,71332414,0,1,0.339425521238601,0.671020651163001
S1_71582103,1,71582103,0,1,0.35437038496088,0.630282862998646
S1_71582199,1,71582199,0,1,0.379236590955004,0.379236590955004
S1_71599137,1,71599137,0,1,0.633259157830068,1.01902361786941
S1_71607318,1,71607318,0,1,0.622599714272141,0.600928630328787
S1_71609230,1,71609230,0,1,0.221428939023532,0.367797966665885
S1_71795367,1,71795367,0,1,0.551077193540102,0.0763452703090299
S1_71795479,1,71795479,0,1,0.0484261289587512,0.131068066756962
S1_72011462,1,72011462,0,1,0.295714015290193,0.557774301784664
S1_72022558,1,72022558,0,1,0.688052175188205,0.688052175188205
S1_72022649,1,72022649,0,1,0.0497280505682998,0.165511512102523
S1_72094322,1,72094322,0,1,0.0649985366736548,0.205330595379059
S1_72112610,1,72112610,0,1,0.345550368641932,0.633671135129369
S1_72112622,1,72112622,0,1,0.290780582632183,0.059610315866226
S1_72112687,1,72112687,0,1,0.037337928149839,0.0370624868334094
S1_72112874,1,72112874,0,1,0.100583755580178,0.236608563674237
S1_72224007,1,72224007,0,1,0.460461093636951,0.648369573573338
S1_72224033,1,72224033,0,1,0.284998150011387,0.566604707409882
S1_72231896,1,72231896,0,1,0.119147073086514,0.119147073086514
S1_72235396,1,72235396,0,1,0.599074240175808,0.599074240175808
S1_72291950,1,72291950,0,1,0.252610935137752,0.39499544577466
S1_72351869,1,72351869,0,1,0.179263754748982,0.353103753359482
S1_72352064,1,72352064,0,1,0.607197507218196,1.01579810491312
S1_72352349,1,72352349,0,1,0.410228345361582,0.362104370528553
S1_72483093,1,72483093,0,1,0.153731478499451,0.00618674137790061
S1_72618185,1,72618185,0,1,0.725231423047691,0.725231423047691
S1_72618596,1,72618596,0,1,0.401043622097098,0.401043622097098
S1_72618765,1,72618765,0,1,0.40332251180787,0.323506650636937
S1_72703035,1,72703035,0,1,0.599861844930784,0.599861844930784
S1_72705158,1,72705158,0,1,0.27096626887729,0.564317082845163
S1_72805236,1,72805236,0,1,0.951376702094389,1.44089417396544
S1_72842625,1,72842625,0,1,0.000386531321932435,0.0119634234424099
S1_72842640,1,72842640,0,1,0.0297486823873546,0.00632390001443633
S1_72842677,1,72842677,0,1,0.204914890165061,0.219809724272239
S1_72884778,1,72884778,0,1,0.439890711261791,0.106098503657744
S1_73116971,1,73116971,0,1,0.201730751129647,0.201730751129647
S1_73116988,1,73116988,0,1,0.379422975207305,0.379422975207305
S1_73117041,1,73117041,0,1,0.226738930272906,0.14273981978454
S1_73117061,1,73117061,0,1,0.282171965007114,0.111324067106228
S1_73117103,1,73117103,0,1,0.672011014960713,0.228246954662339
S1_73231487,1,73231487,0,1,0.273428213403436,0.450748602568433
S1_73231538,1,73231538,0,1,1.31506321056202,1.50848820918599
S1_73231539,1,73231539,0,1,1.46526633663701,1.99068397045224
S1_73231669,1,73231669,0,1,0.00608730344047563,0.0584167455435827
S1_73231930,1,73231930,0,1,0.195164818764431,0.0218954185735022
S1_73231932,1,73231932,0,1,0.108557994247368,0.267764904409176
S1_73231935,1,73231935,0,1,0.108557994247368,0.267764904409176
S1_73231936,1,73231936,0,1,0.250365893603028,0.501788366257965
S1_73231940,1,73231940,0,1,0.195164818764431,0.0218954185735022
S1_73232127,1,73232127,0,1,0.631412186231234,0.928009027201131
S1_73232150,1,73232150,0,1,0.252373569772475,0.547529945724276
S1_73232213,1,73232213,0,1,0.118893830702679,0.118893830702679
S1_73232802,1,73232802,0,1,0.216968105387238,0.442011573709524
S1_73233009,1,73233009,0,1,0.450798266994045,0.393336979782271
S1_73233014,1,73233014,0,1,0.482392705393865,0.44349001583554
S1_73339169,1,73339169,0,1,1.3365942775239,1.3365942775239
S1_73341197,1,73341197,0,1,0.145361227254861,0.160666792197383
S1_73341217,1,73341217,0,1,1.84685486595039,1.84685486595039
S1_73375502,1,73375502,0,1,0.121969316240295,0.126939101465671
S1_73376363,1,73376363,0,1,0.218805253765282,0.0771101010893582
S1_73509210,1,73509210,0,1,0.665471720232252,1.03688653209836
S1_73509211,1,73509211,0,1,0.400337889713699,0.75532151929341
S1_73511872,1,73511872,0,1,0.228534337013172,0.228534337013172
S1_73966730,1,73966730,0,1,0.192110995189732,0.0970072063114757
S1_73966747,1,73966747,0,1,0.105223579233862,0.0640538717251948
S1_73966791,1,73966791,0,1,0.829160752163107,0.695767598261737
S1_73967136,1,73967136,0,1,0.282573862677572,0.595818638495429
S1_73967420,1,73967420,0,1,0.094879453164676,0.143216482301331
S1_74046440,1,74046440,0,1,0.212620967175163,0.171267324828356
S1_74048323,1,74048323,0,1,0.0936810340216171,0.0936810340216171
S1_74215065,1,74215065,0,1,0.322541602246106,0.322541602246106
S1_74229757,1,74229757,0,1,0.171428262790945,0.0451869995209526
S1_74263691,1,74263691,0,1,1.04348178267414,1.51890559110611
S1_74412796,1,74412796,0,1,0.105449681994284,0.0844403546392512
S1_74491561,1,74491561,0,1,0.276279047035289,0.140166814851942
S1_74630321,1,74630321,0,1,1.30516760575563,1.46936592879599
S1_74711166,1,74711166,0,1,0.297619973504124,0.411770796667988
S1_74711239,1,74711239,0,1,2.07022957584271,1.98010260837513
S1_74770442,1,74770442,0,1,1.08014785595974,1.08014785595974
S1_74770977,1,74770977,0,1,0.313728782071869,0.237325687690937
S1_74776750,1,74776750,0,1,0.615925899373936,0.219436431447344
S1_75144728,1,75144728,0,1,0.431007181639677,0.524572625875604
S1_75151311,1,75151311,0,1,0.274368792399158,0.255201134813477
S1_75161956,1,75161956,0,1,0.0462890749482244,0.106764915047881
S1_75390440,1,75390440,0,1,NA,NA
S1_75396438,1,75396438,0,1,0.717399781940857,0.266349588870107
S1_75454953,1,75454953,0,1,0.595434734355659,0.595434734355659
S1_75454962,1,75454962,0,1,0.654417338914378,0.52692391404515
S1_75454995,1,75454995,0,1,NA,NA
S1_75628409,1,75628409,0,1,0.441507259361325,0.194838161942389
S1_75630733,1,75630733,0,1,0.868717168089691,0.608658293956128
S1_75630771,1,75630771,0,1,0.339332571237134,0.404191412736099
S1_75630779,1,75630779,0,1,1.4575230775495,0.933340675175875
S1_75630999,1,75630999,0,1,1.01701359221058,1.3341963301864
S1_75691839,1,75691839,0,1,0.577813952088344,0.577813952088344
S1_75691866,1,75691866,0,1,0.235832862632182,0.235832862632182
S1_75692131,1,75692131,0,1,1.34137239148121,1.34137239148121
S1_75692633,1,75692633,0,1,0.334887941771839,0.260475767393663
S1_75692635,1,75692635,0,1,0.273686138089578,0.0284765943972522
S1_75933032,1,75933032,0,1,0.212248740660725,0.0916067396868602
S1_75957242,1,75957242,0,1,0.250423571957731,0.309266748149458
S1_75957323,1,75957323,0,1,0.87203347952474,0.409786792336704
S1_75957516,1,75957516,0,1,NA,NA
S1_75958901,1,75958901,0,1,0.997227731465923,0.727357221222094
S1_75959129,1,75959129,0,1,0.08721115011616,0.15422921136349
S1_75960211,1,75960211,0,1,0.078664091216251,0.21016412407391
S1_75960290,1,75960290,0,1,0.258169282075354,0.503848439571727
S1_75960331,1,75960331,0,1,0.195596336303391,0.173064044285253
S1_75960423,1,75960423,0,1,0.482918108516839,0.853317479773383
S1_75962008,1,75962008,0,1,0.0852776662651056,0.17942940326613
S1_76015102,1,76015102,0,1,0.285874101003947,0.598821177868365
S1_76015131,1,76015131,0,1,0.219627516944157,0.318847107526146
S1_76015307,1,76015307,0,1,0.57402791710881,0.975889750279959
S1_76015680,1,76015680,0,1,0.484140312066164,0.484140312066164
S1_76015683,1,76015683,0,1,0.299879032555593,0.299879032555593
S1_76241421,1,76241421,0,1,0.642827678087596,0.382314093979184
S1_76339689,1,76339689,0,1,0.403474682719172,0.297347700435259
S1_76339723,1,76339723,0,1,0.0533175397593261,0.121372896817962
S1_76339745,1,76339745,0,1,0.941365530741066,0.941365530741066
S1_76455255,1,76455255,0,1,0.101873476893089,0.30322307624306
S1_76455892,1,76455892,0,1,0.289377849441226,0.382468637632544
S1_76462876,1,76462876,0,1,0.277508498560036,0.305796031863753
S1_76463110,1,76463110,0,1,0.503515735471502,0.805912611152152
S1_76504195,1,76504195,0,1,0.107315358505777,0.302051891400267
S1_76504197,1,76504197,0,1,3.48607995778168,3.48607995778168
S1_76504213,1,76504213,0,1,0.496496531946305,0.481120201980285
S1_76555812,1,76555812,0,1,0.213302366547387,0.0056235670433633
S1_76555823,1,76555823,0,1,0.213074198303457,0.0196996727972707
S1_77022147,1,77022147,0,1,1.48450328633275,1.90726405564253
S1_77022192,1,77022192,0,1,1.36164291654334,1.70104712498618
S1_77022195,1,77022195,0,1,1.46865147311609,1.88653282419834
S1_77033323,1,77033323,0,1,0.435871188239052,0.188542431689885
S1_77141315,1,77141315,0,1,0.771341423650457,0.757624768034559
S1_77141325,1,77141325,0,1,0.16998980360349,0.0527378112522858
S1_77145193,1,77145193,0,1,0.159441668450784,0.403194394056857
S1_77149399,1,77149399,0,1,0.954056100565636,1.19804632012454
S1_77150385,1,77150385,0,1,0.0934990973596582,0.0934990973596582
S1_77150391,1,77150391,0,1,0.314679288872346,0.370952419741514
S1_77240596,1,77240596,0,1,0.0517764736848828,0.16985157622277
S1_77240598,1,77240598,0,1,0.00450921581002979,0.00825055137164302
S1_77240600,1,77240600,0,1,0.333722854328172,0.668028264890514
S1_77258480,1,77258480,0,1,0.973351162799124,0.570680331462745
S1_77258533,1,77258533,0,1,0.0341972118414664,0.104550821696207
S1_77259278,1,77259278,0,1,0.42167439387509,0.366522647198604
S1_77259468,1,77259468,0,1,0.0764181775075234,0.204828124517944
S1_77411324,1,77411324,0,1,0.12595113688229,0.234749343665235
S1_77411473,1,77411473,0,1,0.333648049849975,0.121504860231757
S1_77487202,1,77487202,0,1,0.516490430864675,0.883417863756768
S1_77487365,1,77487365,0,1,0.221323962403366,0.0288503459438841
S1_77487399,1,77487399,0,1,1.58193696825133,1.88688830732728
S1_77532950,1,77532950,0,1,1.54911961634579,1.78373209989295
S1_77532992,1,77532992,0,1,1.46537290801825,1.306175500357
S1_77563794,1,77563794,0,1,0.5441293234726,0.734250058219439
S1_77797669,1,77797669,0,1,0.29651785527359,0.0287872169981474
S1_77801343,1,77801343,0,1,0.215297119299793,0.295525960877837
S1_77854260,1,77854260,0,1,0.320646609487882,0.507569612611643
S1_77854290,1,77854290,0,1,0.599434993390218,0.0605484325130637
S1_77855213,1,77855213,0,1,1.71111479718485,2.09125036387195
S1_77855250,1,77855250,0,1,0.256875706730695,0.360791496479426
S1_77855251,1,77855251,0,1,1.07510282646116,1.37868645672149
S1_77855275,1,77855275,0,1,1.07311470827794,1.28706349721107
S1_77855276,1,77855276,0,1,0.285393751417944,0.0807010958546907
S1_77855337,1,77855337,0,1,0.0239415271665243,0.110475715296354
S1_77916670,1,77916670,0,1,0.232076292962925,0.297626024921586
S1_77967487,1,77967487,0,1,0.184820869956636,0.414662677686482
S1_77968892,1,77968892,0,1,1.2621237804241,1.2621237804241
S1_78056973,1,78056973,0,1,0.916566615960941,0.931654915719629
S1_78056988,1,78056988,0,1,0.792807774095242,0.792807774095242
S1_78364275,1,78364275,0,1,0.21213847594123,0.478817071118442
S1_78365630,1,78365630,0,1,0.1184293811148,0.257498223949476
S1_78365676,1,78365676,0,1,0.0472368401155372,0.0518581064471207
S1_79005929,1,79005929,0,1,0.507892514423519,0.625050953014935
S1_79005940,1,79005940,0,1,0.984226569594884,0.872887150729687
S1_79068826,1,79068826,0,1,1.00242497913286,0.512588224870665
S1_79132355,1,79132355,0,1,0.0320395790990059,0.102533643294302
S1_79132605,1,79132605,0,1,0.440704296199531,0.738919217260048
S1_79236413,1,79236413,0,1,0.0413009951147477,0.105629205298267
S1_79236498,1,79236498,0,1,0.173030635312872,0.420795109234928
S1_79261683,1,79261683,0,1,1.64284429960255,1.64284429960255
S1_79262054,1,79262054,0,1,0.0921502445871376,0.170786730608672
S1_79321931,1,79321931,0,1,0.389128575850845,0.741571910567391
S1_79327029,1,79327029,0,1,0.58951202393141,0.905551203734162
S1_79327048,1,79327048,0,1,0.469848327174477,0.563522859526055
S1_79329410,1,79329410,0,1,0.381091596766738,0.73204913021473
S1_79329637,1,79329637,0,1,0.546210835593187,0.500410713128831
S1_79330020,1,79330020,0,1,0.23883047573515,0.152693127504126
S1_79330200,1,79330200,0,1,0.15313783934278,0.15313783934278
S1_79444916,1,79444916,0,1,0.0526971815099472,0.111604081265051
S1_79447347,1,79447347,0,1,0.402636731066471,0.379930504990699
S1_79702201,1,79702201,0,1,0.0073035125517964,0.0600955186957857
S1_79706314,1,79706314,0,1,0.0971643892415997,0.257069989978181
S1_79707277,1,79707277,0,1,0.27254454867339,0.556393549017613
S1_79733789,1,79733789,0,1,0.111840232854661,0.0647626849136346
S1_79733823,1,79733823,0,1,0.573965390155013,0.490460252228407
S1_79753215,1,79753215,0,1,1.03028525746421,1.16104175500472
S1_79753221,1,79753221,0,1,0.463364712612501,0.387199424310064
S1_79753239,1,79753239,0,1,0.0964604760231466,0.202473685062559
S1_79753752,1,79753752,0,1,0.254345911652568,0.254345911652568
S1_79753802,1,79753802,0,1,0.0620350175577352,0.0501591579512783
S1_79843641,1,79843641,0,1,0.368084024030204,0.389773132858455
S1_79843814,1,79843814,0,1,0.0266832565539742,0.116387786039776
S1_79998191,1,79998191,0,1,0.292859056102646,0.0875606880960191
S1_80039449,1,80039449,0,1,0.138499919684685,0.333329435533877
S1_80056346,1,80056346,0,1,0.686481710372071,0.932376755226917
S1_80087860,1,80087860,0,1,0.230776006031727,0.516698130506346
S1_80089279,1,80089279,0,1,0.16782910198711,0.0738354275820284
S1_80089362,1,80089362,0,1,0.0536403184241411,0.0691200675264933
S1_80089401,1,80089401,0,1,0.276187560726263,0.508793244275633
S1_80165405,1,80165405,0,1,0.0652560085741579,0.209592721946705
S1_80165424,1,80165424,0,1,0.0752823086975993,0.242499056950373
S1_80165506,1,80165506,0,1,0.309000119262064,0.551487124847315
S1_80165609,1,80165609,0,1,0.348545260966373,0.666711261926135
S1_80165635,1,80165635,0,1,0.127597734221036,0.319034134516627
S1_80166581,1,80166581,0,1,0.0281462136106501,0.12379980181628
S1_80166860,1,80166860,0,1,0.0686994978650984,0.234172885697835
S1_80167847,1,80167847,0,1,0.144798311603467,0.183189095313617
S1_80185124,1,80185124,0,1,0.174467007432299,0.174467007432299
S1_80185791,1,80185791,0,1,0.264620041908662,0.526211450276329
S1_80320808,1,80320808,0,1,0.632670986777248,0.666055205761838
S1_80320910,1,80320910,0,1,0.116378559990165,0.292442753750078
S1_80320938,1,80320938,0,1,0.735442981071096,0.735442981071096
S1_80321390,1,80321390,0,1,0.119343224686795,0.331494459263126
S1_80431822,1,80431822,0,1,0.0737395337767334,0.231870683904897
S1_80486956,1,80486956,0,1,0.113661857031175,0.120435430113699
S1_80486970,1,80486970,0,1,0.326009383406395,0.559408550068392
S1_80487298,1,80487298,0,1,0.40428793449989,0.353091798680269
S1_80551603,1,80551603,0,1,0.163726494434193,0.118980909852541
S1_80622584,1,80622584,0,1,0.318378180353975,0.290347598300201
S1_80661985,1,80661985,0,1,0.00911619515778518,0.00707227264726588
S1_80662087,1,80662087,0,1,0.185505582844226,0.0862159162588231
S1_80662106,1,80662106,0,1,0.0341615948937104,0.160120965089499
S1_80662322,1,80662322,0,1,0.0219191498229623,0.0219191498229623
S1_80662558,1,80662558,0,1,0.0510429267066189,0.0510429267066189
S1_80662661,1,80662661,0,1,0.0231138589878829,0.0524840843782107
S1_80679118,1,80679118,0,1,1.22152871875237,1.22152871875237
S1_80679168,1,80679168,0,1,NA,NA
S1_80679755,1,80679755,0,1,0.326285745394987,0.326285745394987
S1_80767066,1,80767066,0,1,0.0755569910702362,0.253912157907223
S1_80767101,1,80767101,0,1,0.176238949461558,0.176238949461558
S1_80810960,1,80810960,0,1,0.6982370584367,1.08751206206174
S1_80863946,1,80863946,0,1,0.379803113074306,0.257496207992702
S1_80866340,1,80866340,0,1,0.167168149668904,0.375925337599163
S1_80918894,1,80918894,0,1,0.0228142539025398,0.00952568883606719
S1_80918898,1,80918898,0,1,0.41002153216136,0.543540340013237
S1_80921144,1,80921144,0,1,0.217549690884712,0.0462204031059478
S1_80950799,1,80950799,0,1,2.28465880534913,2.38916076842511
S1_80950880,1,80950880,0,1,0.544987858089764,0.932787686673492
S1_80950930,1,80950930,0,1,0.721160528561803,1.13818673037696
S1_80951840,1,80951840,0,1,0.174899690790966,0.431111132953208
S1_80952367,1,80952367,0,1,0.676308017544512,1.08566208057835
S1_80964123,1,80964123,0,1,0.318140990519848,0.451510141230803
S1_80964779,1,80964779,0,1,0.635845491101669,1.04764257671934
S1_80971567,1,80971567,0,1,0.638106128337185,0.510642609728086
S1_81076538,1,81076538,0,1,0.106773650691241,0.138639314729866
S1_81076561,1,81076561,0,1,0.117452922278923,0.165665590537273
S1_81105191,1,81105191,0,1,0.00198273191707618,0.00930523458688618
S1_81105302,1,81105302,0,1,0.38571275363703,0.160093435055152
S1_81105525,1,81105525,0,1,0.366256648109054,0.169413890060279
S1_81106836,1,81106836,0,1,0.2742717572607,0.2742717572607
S1_81211165,1,81211165,0,1,0.162780194554801,0.154453805574244
S1_81211215,1,81211215,0,1,0.244059706692239,0.172901025149048
S1_81212755,1,81212755,0,1,0.483557179255421,0.173557800687804
S1_81212928,1,81212928,0,1,0.582190809807169,0.472139295716647
S1_81387566,1,81387566,0,1,0.00428326510188875,0.00428326510188875
S1_81424429,1,81424429,0,1,0.744260642295853,0.513596844344868
S1_81424480,1,81424480,0,1,0.616370628203098,0.107577664264338
S1_81424505,1,81424505,0,1,0.0162782966964998,0.0850381708941323
S1_81431429,1,81431429,0,1,0.308866478997716,0.539516092007203
S1_81441974,1,81441974,0,1,0.310675844304821,0.58445017033902
S1_81442009,1,81442009,0,1,0.471308665483269,0.835249311119412
S1_81515952,1,81515952,0,1,0.0451034044712613,0.0157535162459952
S1_81516139,1,81516139,0,1,0.436007285458342,0.786641888586412
S1_81516143,1,81516143,0,1,0.436007285458342,0.786641888586412
S1_81516254,1,81516254,0,1,0.0268814717904694,0.0399868619203598
S1_81516943,1,81516943,0,1,1.00541043007417,1.05179351704796
S1_81516949,1,81516949,0,1,0.0917368179624279,0.0443039841045542
S1_81516951,1,81516951,0,1,0.751905488189295,0.426012407335202
S1_81549613,1,81549613,0,1,1.47785772919512,2.00207802842738
S1_81549696,1,81549696,0,1,0.696173821857299,1.00889559613129
S1_81549721,1,81549721,0,1,1.10062032637322,1.48238335495692
S1_81549745,1,81549745,0,1,NA,NA
S1_81549760,1,81549760,0,1,0.401584336516117,0.627649343143145
S1_81549794,1,81549794,0,1,0.38781430863234,0.725694283299748
S1_81572730,1,81572730,0,1,0.243182250929552,0.0943814032936999
S1_81572736,1,81572736,0,1,0.0281025556493771,0.049821683365096
S1_81572737,1,81572737,0,1,0.132132842547483,0.308763896408839
S1_81573235,1,81573235,0,1,0.153415990284404,0.291979806932312
S1_81573397,1,81573397,0,1,0.218509226634034,0.453355885712399
S1_81573458,1,81573458,0,1,0.25610963628193,0.511282170288178
S1_81579624,1,81579624,0,1,0.76204045476635,0.797813775973549
S1_81579676,1,81579676,0,1,0.196912970985538,0.462373119424271
S1_81639507,1,81639507,0,1,1.24169663270503,1.74160084697462
S1_81786371,1,81786371,0,1,0.210595056970985,0.221156953789118
S1_81786405,1,81786405,0,1,1.7240372966428,1.16517332173058
S1_81786976,1,81786976,0,1,3.48811171586742,4.03160450442951
S1_81919701,1,81919701,0,1,0.347245426204535,0.402462532305835
S1_81920687,1,81920687,0,1,0.180311180362463,0.00519341481163692
S1_81920738,1,81920738,0,1,0.156798769649805,0.156798769649805
S1_81920828,1,81920828,0,1,0.0991260946892156,0.203418748952801
S1_82023339,1,82023339,0,1,0.435034581328334,0.435034581328334
S1_82023373,1,82023373,0,1,0.783314255740215,0.783314255740215
S1_82024978,1,82024978,0,1,1.04494047756047,1.04494047756046
S1_82025948,1,82025948,0,1,0.261246326451994,0.520594909851393
S1_82026200,1,82026200,0,1,0.394752554749564,0.726552004152627
S1_82096598,1,82096598,0,1,0.0719532111503954,0.233801932392143
S1_82096602,1,82096602,0,1,0.362176912836246,0.167670377087565
S1_82154510,1,82154510,0,1,0.138864474919024,0.184292626546012
S1_82154848,1,82154848,0,1,0.213277853322976,0.451708716913045
S1_82154876,1,82154876,0,1,0.531290339998976,0.925544546075491
S1_82154910,1,82154910,0,1,0.781626012898783,0.950265526828479
S1_82154917,1,82154917,0,1,0.666793132001026,0.807524979077617
S1_82157423,1,82157423,0,1,0.397086034442275,0.397086034442275
S1_82157468,1,82157468,0,1,0.609307461457359,0.609307461457359
S1_82189047,1,82189047,0,1,0.640562851994472,0.669122189310396
S1_82189137,1,82189137,0,1,0.229024078531749,0.229024078531749
S1_82189549,1,82189549,0,1,0.144835422214378,0.144835422214378
S1_82189621,1,82189621,0,1,0.129483129318469,0.185765553995907
S1_82378098,1,82378098,0,1,0.266040986014969,0.00224692015768771
S1_82391445,1,82391445,0,1,0.595490136212075,0.486881738968644
S1_82391574,1,82391574,0,1,0.617675279701406,0.11510013713163
S1_82508899,1,82508899,0,1,0.424605455196638,0.424605455196638
S1_82509295,1,82509295,0,1,0.37900856960095,0.0787848607157363
S1_82509310,1,82509310,0,1,0.815912715979874,0.865597437796735
S1_82510608,1,82510608,0,1,0.008652103182779,0.0427468753071546
S1_82510640,1,82510640,0,1,0.151055490427025,0.104914484677873
S1_82510985,1,82510985,0,1,0.632180200365296,0.155720321196934
S1_82633441,1,82633441,0,1,0.118799684749132,0.334018025134804
S1_82633444,1,82633444,0,1,0.437356122305715,0.437356122305715
S1_82633445,1,82633445,0,1,0.158250710452076,0.367199925093903
S1_82633486,1,82633486,0,1,0.00274952200509702,0.0356284989525014
S1_82633548,1,82633548,0,1,0.604166494000299,0.846922335374632
S1_82633564,1,82633564,0,1,0.610366667483884,0.980736372679262
S1_82680258,1,82680258,0,1,1.10826149268556,0.224442137923443
S1_82702296,1,82702296,0,1,0.458897608297278,0.444611269547001
S1_82703033,1,82703033,0,1,0.007799007634,0.0387128089584788
S1_82703052,1,82703052,0,1,2.67367017870762,2.68584691027814
S1_82796954,1,82796954,0,1,0.0394362683427331,0.0893310286868785
S1_82797082,1,82797082,0,1,0.0130153560017947,0.0706357005562537
S1_82797487,1,82797487,0,1,0.988715833712112,1.46697515317669
S1_82797750,1,82797750,0,1,0.486907041519351,0.384464245669289
S1_82911647,1,82911647,0,1,0.229234579831296,0.173755108457684
S1_82911705,1,82911705,0,1,1.89861096547038,2.50946795301079
S1_82912108,1,82912108,0,1,0.00285323758744262,0.00614075056206382
S1_82912110,1,82912110,0,1,0.0135147490728939,0.0886818427515504
S1_82912116,1,82912116,0,1,0.0691682827182861,0.0691682827182861
S1_82912724,1,82912724,0,1,0.155535929957048,0.240051716745033
S1_82912871,1,82912871,0,1,0.180659299380166,0.0345261303424399
S1_82913202,1,82913202,0,1,1.38433082022366,1.53355232537543
S1_82913769,1,82913769,0,1,1.01273125202549,1.01273125202549
S1_82913867,1,82913867,0,1,0.396404546529445,0.288242966677453
S1_82913955,1,82913955,0,1,0.174824261031952,0.308230358606061
S1_82916236,1,82916236,0,1,0.0908631618180309,0.285810193973871
S1_82916291,1,82916291,0,1,0.225660842611646,0.0995193091965393
S1_82916292,1,82916292,0,1,0.00185390767427822,0.0193589737548077
S1_82916297,1,82916297,0,1,0.112475276999482,0.326041537807159
S1_82916387,1,82916387,0,1,0.238623699971264,0.0459081989035041
S1_82916392,1,82916392,0,1,0.116714298281792,0.116714298281792
S1_82916400,1,82916400,0,1,0.116714298281792,0.116714298281792
S1_83003741,1,83003741,0,1,0.0910261642944465,0.0910261642944465
S1_83009784,1,83009784,0,1,1.79806415844503,0.791328117606336
S1_83009785,1,83009785,0,1,0.516385796987499,0.829062514360493
S1_83009814,1,83009814,0,1,0.012239135325694,0.0478153304463285
S1_83009819,1,83009819,0,1,0.14749480414937,0.387721379450467
S1_83009824,1,83009824,0,1,0.0319508300044282,0.143130875219504
S1_83010764,1,83010764,0,1,0.780088874932529,1.12200026894913
S1_83010800,1,83010800,0,1,1.88570252375255,1.90564271254941
S1_83010815,1,83010815,0,1,0.217819026956189,0.313127540099767
S1_83010833,1,83010833,0,1,0.550358337168737,0.870669521417011
S1_83011305,1,83011305,0,1,0.241226649736626,0.023114420550321
S1_83011538,1,83011538,0,1,1.62369923877284,1.7960784212156
S1_83178816,1,83178816,0,1,0.12482827377924,0.151702282195343
S1_83400243,1,83400243,0,1,0.481950474698139,0.481950474698139
S1_83400537,1,83400537,0,1,0.410709331923454,0.410709331923454
S1_83402931,1,83402931,0,1,0.273280382903065,0.059645970743761
S1_83433244,1,83433244,0,1,0.00229482805669449,0.0297931415249135
S1_83433610,1,83433610,0,1,1.20092575083832,0.722846896623897
S1_83433718,1,83433718,0,1,0.234139367379479,0.234139367379479
S1_83486988,1,83486988,0,1,0.868637757923258,1.34359054910053
S1_83522507,1,83522507,0,1,1.57477242753703,2.0481770807842
S1_83523336,1,83523336,0,1,1.98823098905526,0.064719130109987
S1_83566402,1,83566402,0,1,1.0023432876456,1.0023432876456
S1_83781507,1,83781507,0,1,0.779872131822374,0.488295061358349
S1_83790084,1,83790084,0,1,0.296553635381506,0.40817846738572
S1_83790196,1,83790196,0,1,0.225429211113991,0.51008507856226
S1_83827283,1,83827283,0,1,0.196106131256364,0.0746949686720714
S1_84069124,1,84069124,0,1,0.721934594270321,0.583123802767077
S1_84293793,1,84293793,0,1,0.322538471238321,0.062169932976418
S1_84293956,1,84293956,0,1,0.714993151000034,0.760760615348903
S1_84294014,1,84294014,0,1,0.676120852252881,0.652279124603188
S1_84294034,1,84294034,0,1,0.274520844393832,0.175891841421058
S1_84298585,1,84298585,0,1,0.904258415122098,1.12876527290089
S1_84298664,1,84298664,0,1,0.202219775005818,0.423503749603173
S1_84347221,1,84347221,0,1,0.235325243436458,0.44147910152231
S1_84347416,1,84347416,0,1,0.101894697015757,0.230867618260391
S1_84347455,1,84347455,0,1,1.01166443244821,1.3439885148624
S1_84347629,1,84347629,0,1,0.244791390673591,0.244791390673591
S1_84385647,1,84385647,0,1,0.133865478626532,0.0189730148780275
S1_84385659,1,84385659,0,1,0.337353576138501,0.337353576138501
S1_84413784,1,84413784,0,1,0.0387347811773678,0.0959239303843445
S1_84414155,1,84414155,0,1,1.80767928439718,2.25620661930179
S1_84420655,1,84420655,0,1,0.564086843987925,0.495744302074405
S1_84537600,1,84537600,0,1,0.475276624427003,0.475276624427003
S1_84537632,1,84537632,0,1,0.0431755417678417,0.097077319203942
S1_84543278,1,84543278,0,1,0.344584570222467,0.206972984270331
S1_84634742,1,84634742,0,1,0.0785707712823946,0.0785707712823946
S1_84672507,1,84672507,0,1,0.999710224828084,1.48223534074765
S1_84743954,1,84743954,0,1,0.380513911288629,0.349312421322438
S1_84744467,1,84744467,0,1,0.208860251667923,0.198300518042857
S1_84744487,1,84744487,0,1,0.318289680096205,0.207560189735941
S1_84745287,1,84745287,0,1,0.366297153977483,0.0651917309337774
S1_84745323,1,84745323,0,1,0.0777855623633586,0.064201284287025
S1_84746044,1,84746044,0,1,0.34247932685671,0.10962196364474
S1_84924416,1,84924416,0,1,0.00599928522961059,0.0571416433344145
S1_85016181,1,85016181,0,1,0.0158984200044778,0.0158984200044778
S1_85018240,1,85018240,0,1,0.175748474587693,0.0189694395716307
S1_85018538,1,85018538,0,1,0.721698547828433,0.721698547828433
S1_85018694,1,85018694,0,1,0.0975802457085969,0.0975802457085969
S1_85018771,1,85018771,0,1,0.192737884813261,0.446471156416573
S1_85018944,1,85018944,0,1,0.0367147971587165,0.0367147971587165
S1_85020693,1,85020693,0,1,0.0547388146574306,0.00850105352023536
S1_85020718,1,85020718,0,1,0.176429404833336,0.0986388235483889
S1_85051701,1,85051701,0,1,0.288469667379894,0.0678890487075564
S1_85052046,1,85052046,0,1,0.000622306917553603,0.000432267460515907
S1_85054394,1,85054394,0,1,0.0876918985289466,0.223545906183885
S1_85133405,1,85133405,0,1,0.905741992301913,1.38008356500942
S1_85133417,1,85133417,0,1,0.941525781258238,1.42528721146148
S1_85256063,1,85256063,0,1,0.683107079861258,0.262259669428385
S1_85551203,1,85551203,0,1,0.118138196288042,0.21072831666646
S1_85714906,1,85714906,0,1,1.11345865686398,0.539674900674654
S1_85714912,1,85714912,0,1,0.258536490903554,0.528278871193151
S1_85716509,1,85716509,0,1,0.116051836509877,0.0206849914706098
S1_85830181,1,85830181,0,1,0.0335156328539475,0.0772215974620091
S1_85830193,1,85830193,0,1,0.177931660211823,0.174241231241716
S1_85831193,1,85831193,0,1,0.691931902529854,1.07580659281061
S1_85832014,1,85832014,0,1,1.30988291163329,1.84338745309059
S1_85832034,1,85832034,0,1,NA,NA
S1_85832038,1,85832038,0,1,0.903131748292105,1.08262200791231
S1_85832212,1,85832212,0,1,1.54527930131818,1.32503661877664
S1_85832224,1,85832224,0,1,0.0135325314470487,0.0904561003304924
S1_85832316,1,85832316,0,1,0.794982730022366,1.16276490798453
S1_85834537,1,85834537,0,1,0.0516984400451574,0.133344919575611
S1_85845815,1,85845815,0,1,0.102427544358923,0.102427544358923
S1_85845825,1,85845825,0,1,0.278661461700392,0.278661461700392
S1_85896581,1,85896581,0,1,0.264755687766231,0.264755687766231
S1_85896653,1,85896653,0,1,0.58468717211363,0.278526037660445
S1_85896686,1,85896686,0,1,0.252879219744978,0.338608512854589
S1_85896690,1,85896690,0,1,0.455551021937896,0.454561616278536
S1_85898596,1,85898596,0,1,NA,NA
S1_85989110,1,85989110,0,1,0.929873946197406,0.929873946197406
S1_85989158,1,85989158,0,1,0.113815674632203,0.232540413190564
S1_85989161,1,85989161,0,1,0.412664149376256,0.412664149376256
S1_85990064,1,85990064,0,1,NA,NA
S1_85990079,1,85990079,0,1,0.169077137008777,0.169077137008777
S1_85991755,1,85991755,0,1,0.1146384247272,0.211499593222622
S1_86158591,1,86158591,0,1,0.693065429552215,0.570296671615597
S1_86158627,1,86158627,0,1,1.0920120468335,1.11799020374589
S1_86166459,1,86166459,0,1,0.496766235032888,0.178198728562525
S1_86359591,1,86359591,0,1,0.404418146832544,0.288430692005577
S1_86359722,1,86359722,0,1,0.788661767115516,0.831577949331446
S1_86359759,1,86359759,0,1,0.158094736330198,0.0188388741655997
S1_86360124,1,86360124,0,1,0.416654702733046,0.629312686105294
S1_86431687,1,86431687,0,1,1.39921407432085,0.819689057302936
S1_86586169,1,86586169,0,1,0.00295655855412691,0.00295655855412691
S1_86586841,1,86586841,0,1,0.122957895749574,0.33401434859544
S1_86600414,1,86600414,0,1,0.179126444772069,0.0311326518771814
S1_86600428,1,86600428,0,1,0.215607382447862,0.225572199234668
S1_86608355,1,86608355,0,1,0.0937487237055011,0.0937487237055011
S1_86608547,1,86608547,0,1,0.594830623772267,0.354474051743119
S1_86654401,1,86654401,0,1,0.548696722255446,0.905329445960662
S1_86654466,1,86654466,0,1,0.66881987350751,0.812723132222739
S1_86730129,1,86730129,0,1,1.06965139366363,1.31105242278129
S1_86945492,1,86945492,0,1,0.195041118611626,0.0950648524588417
S1_86945647,1,86945647,0,1,1.27169318186635,1.74151224136058
S1_86945653,1,86945653,0,1,1.5226953538303,2.02336465702096
S1_86945670,1,86945670,0,1,1.14490298350342,0.978931133374867
S1_87158929,1,87158929,0,1,0.79511468389105,0.857633467226365
S1_87158930,1,87158930,0,1,0.304168721069763,0.525496455714573
S1_87162122,1,87162122,0,1,0.757760546276016,0.757760546276016
S1_87162173,1,87162173,0,1,0.14945873505143,0.223170977005323
S1_87168145,1,87168145,0,1,0.167311631701911,0.418027097118104
S1_87168150,1,87168150,0,1,2.10467043495923,2.15455288482138
S1_87296485,1,87296485,0,1,0.144337831157676,0.358258253492098
S1_87298680,1,87298680,0,1,0.199905280983719,0.164260890454244
S1_87301139,1,87301139,0,1,0.697372322689995,1.0943560850378
S1_87301219,1,87301219,0,1,0.2263625188674,0.2263625188674
S1_87301288,1,87301288,0,1,0.0508282987497899,0.12599256852181
S1_87442594,1,87442594,0,1,0.492875324828115,0.541354654946764
S1_87442661,1,87442661,0,1,0.00952944407139204,0.0125066909410386
S1_87563433,1,87563433,0,1,0.0968709700838308,0.150955529520773
S1_87563535,1,87563535,0,1,0.440448402562034,0.626513211314921
S1_87563542,1,87563542,0,1,0.157644501339719,0.0652379028853101
S1_87600669,1,87600669,0,1,0.280200693194979,0.563560537019889
S1_87763464,1,87763464,0,1,0.947902874230868,0.947902874230868
S1_87766721,1,87766721,0,1,0.410306552258242,0.410306552258242
S1_87766772,1,87766772,0,1,0.294008779631189,0.294008779631189
S1_87809383,1,87809383,0,1,0.250058307497288,0.273592822736214
S1_87809386,1,87809386,0,1,0.277775860508293,0.508990077188499
S1_87876754,1,87876754,0,1,0.0649605278000795,0.167678623370685
S1_87877075,1,87877075,0,1,0.590969422022085,0.179435553029262
S1_87916666,1,87916666,0,1,1.13694702054425,1.31707243893649
S1_88000895,1,88000895,0,1,0.346355339803117,0.659686250049347
S1_88014201,1,88014201,0,1,0.201392511180723,0.417236189699427
S1_88014252,1,88014252,0,1,0.0901767195644875,0.199950974670236
S1_88014314,1,88014314,0,1,0.904254681373962,0.904254681373962
S1_88014649,1,88014649,0,1,0.133514304803126,0.289480854579227
S1_88015116,1,88015116,0,1,0.225260426844294,0.415722043494522
S1_88015117,1,88015117,0,1,0.427048811405192,0.716384547700335
S1_88015138,1,88015138,0,1,0.357280381456687,0.611357321899434
S1_88323508,1,88323508,0,1,0.0202717684661804,0.0202717684661804
S1_88325220,1,88325220,0,1,0.222002213755679,0.295303084675728
S1_88341538,1,88341538,0,1,0.124976995673295,0.124976995673295
S1_88349924,1,88349924,0,1,0.0171538902019505,0.0847625813910451
S1_88479866,1,88479866,0,1,0.0704813202522323,0.0704813202522323
S1_88479944,1,88479944,0,1,0.157130709924037,0.160530498492619
S1_88480910,1,88480910,0,1,0.0519222556056964,0.0208156267161222
S1_88480934,1,88480934,0,1,0.151735107389673,0.268015809062559
S1_88482271,1,88482271,0,1,0.0765427727736717,0.0765427727736717
S1_88530019,1,88530019,0,1,1.46878576056499,2.02889806678466
S1_88530864,1,88530864,0,1,0.282640415277102,0.282640415277102
S1_88530879,1,88530879,0,1,0.436909473294972,0.200665380072903
S1_88530992,1,88530992,0,1,1.13557567328562,1.64845488349717
S1_88531668,1,88531668,0,1,0.0705377472755336,0.217744518654711
S1_88543707,1,88543707,0,1,0.90220751035835,1.07391037591162
S1_88634361,1,88634361,0,1,0.407471327435262,0.598968990748941
S1_88634438,1,88634438,0,1,0.984389774302637,1.47604099167556
S1_88711734,1,88711734,0,1,0.394755907548431,0.705930247344696
S1_88849473,1,88849473,0,1,1.79558498567114,1.79558498567114
S1_88849563,1,88849563,0,1,1.01688344467026,0.917145662745857
S1_88849610,1,88849610,0,1,0.416555868258046,0.759617843619774
S1_88850054,1,88850054,0,1,0.530292931711561,0.853631879301192
S1_88850159,1,88850159,0,1,0.476492868458273,0.751496970139527
S1_88850170,1,88850170,0,1,0.115039550766626,0.328353783486641
S1_88961251,1,88961251,0,1,0.932561772582586,1.34854388006494
S1_88965520,1,88965520,0,1,2.86595692803921,3.55221665660174
S1_88969200,1,88969200,0,1,0.943578229289271,0.943578229289271
S1_88969238,1,88969238,0,1,1.43707467080414,1.84208787614554
S1_88969303,1,88969303,0,1,0.758666337452162,1.05070052827553
S1_88996952,1,88996952,0,1,0.46013364034559,0.345648629576173
S1_89236433,1,89236433,0,1,1.6069810595785,1.11018794228265
S1_89236435,1,89236435,0,1,0.43901247901587,0.725866647949038
S1_89238026,1,89238026,0,1,0.300548487300545,0.300548487300545
S1_89238481,1,89238481,0,1,0.901769456312229,1.03046273960928
S1_89240602,1,89240602,0,1,0.293331066494156,0.293331066494156
S1_89285907,1,89285907,0,1,1.01826689843186,1.381289120804
S1_89830165,1,89830165,0,1,1.10558434895138,0.00866647468446565
S1_89836322,1,89836322,0,1,0.38117353274332,0.120084624334724
S1_90000143,1,90000143,0,1,0.109809374016378,0.0485442095533241
S1_90000154,1,90000154,0,1,0.119275886439698,0.326555135252508
S1_90021834,1,90021834,0,1,0.307799248183352,0.307799248183352
S1_90105868,1,90105868,0,1,0.598356027350945,0.598356027350945
S1_90105918,1,90105918,0,1,0.47641857170229,0.586741546357789
S1_90105957,1,90105957,0,1,0.169378386041102,0.0592627389559645
S1_90106040,1,90106040,0,1,0.128914300613094,0.282147339908034
S1_90215301,1,90215301,0,1,0.048072098093622,0.0619142581776991
S1_90215513,1,90215513,0,1,0.160996132013504,0.154189498032397
S1_90215516,1,90215516,0,1,0.385427601565655,0.575668419028611
S1_90216763,1,90216763,0,1,0.419771907370734,0.0349968381046533
S1_90216767,1,90216767,0,1,0.666427314902952,0.398218345968383
S1_90216776,1,90216776,0,1,0.703113451662892,0.627484819534401
S1_90219916,1,90219916,0,1,2.29041917084143,2.55525862920914
S1_90220851,1,90220851,0,1,0.57214312571229,0.981005245568344
S1_90221610,1,90221610,0,1,0.192878199435158,0.0231254363367222
S1_90222085,1,90222085,0,1,0.817422871964798,1.26672560645412
S1_90223437,1,90223437,0,1,0.392384535045398,0.616450561519148
S1_90223463,1,90223463,0,1,0.20210339710162,0.289172653685378
S1_90225023,1,90225023,0,1,0.094716148124651,0.259186645797112
S1_90225032,1,90225032,0,1,0.711111415211893,1.15401695786002
S1_90226932,1,90226932,0,1,0.925565542263327,1.04355261360898
S1_90226977,1,90226977,0,1,0.485989133349126,0.485989133349126
S1_90228736,1,90228736,0,1,0.623958443408713,0.41255109470843
S1_90230040,1,90230040,0,1,0.953044548530917,0.953044548530917
S1_90323504,1,90323504,0,1,0.305796622017119,0.305796622017119
S1_90323513,1,90323513,0,1,1.4367130694528,1.55074135336582
S1_90323591,1,90323591,0,1,0.486540090872353,0.836624332800264
S1_90323592,1,90323592,0,1,0.172350045421455,0.386030810379819
S1_90327183,1,90327183,0,1,0.464959121623202,0.464959121623202
S1_90329417,1,90329417,0,1,0.617897350903279,0.96901795177791
S1_90329549,1,90329549,0,1,0.94789705405496,1.3551482300326
S1_90552627,1,90552627,0,1,0.376624452786684,0.376624452786684
S1_90819817,1,90819817,0,1,0.0967122179238824,0.149718029445359
S1_90819876,1,90819876,0,1,0.395380773133227,0.304201687860118
S1_90819965,1,90819965,0,1,0.369743718042986,0.681820262983133
S1_90820028,1,90820028,0,1,0.351103559364676,0.298706579464271
S1_90877446,1,90877446,0,1,0.0917935815363732,0.226728323883922
S1_90908407,1,90908407,0,1,0.756325396869303,0.911965295313971
S1_90908430,1,90908430,0,1,0.385052107077619,0.59088717865155
S1_90908499,1,90908499,0,1,0.0179679946731751,0.0847872419441534
S1_90954709,1,90954709,0,1,1.538780311183,1.59191357734711
S1_91013933,1,91013933,0,1,0.0317293858194337,0.151528674165984
S1_91187812,1,91187812,0,1,0.404956382171812,0.763858409716944
S1_91187907,1,91187907,0,1,0.284511389330119,0.537826786808927
S1_91187967,1,91187967,0,1,0.268253876569604,0.32585365021846
S1_91188992,1,91188992,0,1,0.0217813266212677,0.0336337968996993
S1_91189084,1,91189084,0,1,0.061338832655637,0.126258439421899
S1_91191434,1,91191434,0,1,0.340314542450324,0.453328720527807
S1_91191770,1,91191770,0,1,1.46195415963603,0.633234170386988
S1_91191837,1,91191837,0,1,0.195842633844929,0.459623498265121
S1_91237348,1,91237348,0,1,1.08172988312071,0.160349740492194
S1_91248361,1,91248361,0,1,0.39860856031216,0.266400519876198
S1_91267367,1,91267367,0,1,2.07682265500073,2.60439258710374
S1_91360702,1,91360702,0,1,0.138374884200397,0.3390813449136
S1_91460541,1,91460541,0,1,0.203116838249651,0.464833671528966
S1_91460590,1,91460590,0,1,0.673212889917263,0.687587102580508
S1_91504453,1,91504453,0,1,0.0691844795312375,0.231629287988394
S1_91504795,1,91504795,0,1,0.768542491080941,0.768542491080941
S1_91644826,1,91644826,0,1,0.26110387634509,0.166959958133125
S1_91931944,1,91931944,0,1,1.09689958572018,1.09689958572018
S1_92219272,1,92219272,0,1,0.0444956851574457,0.0444956851574457
S1_92238901,1,92238901,0,1,0.00989563722047267,0.00989563722047267
S1_92245823,1,92245823,0,1,0.0856426155821214,0.26361942866962
S1_92246622,1,92246622,0,1,0.362076197777655,0.426440081758976
S1_92343195,1,92343195,0,1,0.29705638091256,0.267713088112293
S1_92343355,1,92343355,0,1,0.463813787118542,0.466917433709752
S1_92344548,1,92344548,0,1,0.682203269450071,0.7349667075067
S1_92344799,1,92344799,0,1,0.762580245543474,0.809639839692427
S1_92348030,1,92348030,0,1,0.0993719302173657,0.264504246129839
S1_92349129,1,92349129,0,1,0.0420750316802287,0.157961729465157
S1_92431513,1,92431513,0,1,0.258953862415071,0.477315991522613
S1_92512185,1,92512185,0,1,0.111892114837449,0.0164209795384591
S1_92512218,1,92512218,0,1,0.337378736415391,0.337378736415391
S1_92512226,1,92512226,0,1,0.176312814929518,0.426516152338655
S1_92513630,1,92513630,0,1,0.0344056658742516,0.135409545747888
S1_92786339,1,92786339,0,1,0.31947111828532,0.609725134186602
S1_92786343,1,92786343,0,1,0.000468218297855629,0.00601051001713742
S1_92786894,1,92786894,0,1,0.124965438266937,0.170524346781264
S1_92786998,1,92786998,0,1,0.692029465354712,1.06920132828618
S1_92787009,1,92787009,0,1,0.867200489552662,1.09773346347109
S1_92787067,1,92787067,0,1,0.0382923776880938,0.0746075054606127
S1_92787068,1,92787068,0,1,0.655105244137833,0.655105244137833
S1_92787915,1,92787915,0,1,0.629940433656471,0.709956314864743
S1_92787978,1,92787978,0,1,0.987624906965474,0.987624906965474
S1_92844852,1,92844852,0,1,0.685867940583301,1.04970057241163
S1_92870741,1,92870741,0,1,0.529606860168448,0.479595014435954
S1_92870744,1,92870744,0,1,1.2518825941368,1.53484547160398
S1_92870769,1,92870769,0,1,0.359689579322021,0.689130411246258
S1_92870780,1,92870780,0,1,0.62105464535798,0.804289760695632
S1_92871075,1,92871075,0,1,0.718853795664891,1.13330720119666
S1_92871257,1,92871257,0,1,1.12050297077164,1.12050297077164
S1_93072584,1,93072584,0,1,0.180398269516148,0.441605798230398
S1_93073473,1,93073473,0,1,0.405589745937709,0.405589745937709
S1_93073541,1,93073541,0,1,0.873637711030805,1.16971731867901
S1_93075053,1,93075053,0,1,0.200289054016677,0.161660782260941
S1_93075093,1,93075093,0,1,0.179080176714345,0.00695249389886092
S1_93075368,1,93075368,0,1,0.37486036125269,0.351748794958795
S1_93075422,1,93075422,0,1,1.33770369617875,0.220924345014224
S1_93075450,1,93075450,0,1,0.358371663366844,0.0730504302239007
S1_93076841,1,93076841,0,1,0.385827867695774,0.540076817671806
S1_93267549,1,93267549,0,1,0.442302904849418,0.108719884208817
S1_93267552,1,93267552,0,1,0.267185341944948,0.199713597948289
S1_93267586,1,93267586,0,1,0.39634759367964,0.584539589542398
S1_93267689,1,93267689,0,1,0.0468326726798232,0.00253848636714283
S1_93267736,1,93267736,0,1,0.501146028904641,0.0274512664722983
S1_93267882,1,93267882,0,1,0.445678529437635,0.461130142911938
S1_93268193,1,93268193,0,1,1.77385038221278,0.0914759029167721
S1_93268194,1,93268194,0,1,0.893588244408923,0.461605806457819
S1_93268261,1,93268261,0,1,0.681203226697389,1.11067259663732
S1_93268619,1,93268619,0,1,0.180256258312197,0.108893045954027
S1_93268640,1,93268640,0,1,0.30152694967413,0.484101408282192
S1_93500502,1,93500502,0,1,0.660410539920793,0.347039285940032
S1_93730246,1,93730246,0,1,0.180655110259365,0.305518612853439
S1_93730297,1,93730297,0,1,0.136129834001492,0.136129834001492
S1_93735045,1,93735045,0,1,0.221354243971786,0.089470361396606
S1_93797155,1,93797155,0,1,2.07869835902708,1.55854933409382
S1_93834125,1,93834125,0,1,0.0292298568482879,0.0292298568482879
S1_93834135,1,93834135,0,1,0.0200250468908486,0.0200250468908486
S1_93834176,1,93834176,0,1,0.0401446579508483,0.156005685558987
S1_93907795,1,93907795,0,1,0.646074272167532,0.998676760309895
S1_93907902,1,93907902,0,1,0.0306222385248528,0.134101170314411
S1_93908857,1,93908857,0,1,0.359087549567761,0.148861796218421
S1_93909332,1,93909332,0,1,0.402341589334372,0.526106076404418
S1_93910290,1,93910290,0,1,0.12857685820391,0.252985445633353
S1_93910359,1,93910359,0,1,0.435087643194975,0.411963656465226
S1_93970493,1,93970493,0,1,0.0177495945897319,0.00831213992861671
S1_93970520,1,93970520,0,1,0.174499456183471,0.0139295206889254
S1_93970532,1,93970532,0,1,0.642952747190945,0.0664997371093397
S1_93970538,1,93970538,0,1,0.6638631479004,1.09450044736049
S1_93970634,1,93970634,0,1,0.56160417726171,0.152991390380656
S1_93970688,1,93970688,0,1,0.140541822854597,0.28176163051108
S1_93970859,1,93970859,0,1,0.143715673725967,0.380890631450146
S1_94090950,1,94090950,0,1,0.591740531275788,0.949309586607299
S1_94091052,1,94091052,0,1,0.325168568284063,0.325168568284063
S1_94208283,1,94208283,0,1,0.995558075730114,1.48370632580293
S1_94208288,1,94208288,0,1,1.46449584472851,1.37498357809927
S1_94469147,1,94469147,0,1,0.423449803200682,0.76088059658691
S1_94485062,1,94485062,0,1,1.05695022368729,1.05695022368729
S1_94485065,1,94485065,0,1,0.578278484612424,0.944284445777822
S1_94485134,1,94485134,0,1,0.298066727926835,0.383958989678617
S1_94683469,1,94683469,0,1,1.1851298790755,1.1851298790755
S1_94683522,1,94683522,0,1,0.300940330636694,0.16542548337407
S1_94820667,1,94820667,0,1,0.177908688453784,0.362372991108101
S1_94880382,1,94880382,0,1,0.532667737002694,0.514458496814519
S1_94880470,1,94880470,0,1,1.74693130916181,0.201583115332087
S1_94880983,1,94880983,0,1,0.455337673586215,0.676617561755916
S1_94985424,1,94985424,0,1,0.0956868339396062,0.289966500175467
S1_94988844,1,94988844,0,1,0.15860209893724,0.396376596499736
S1_95085718,1,95085718,0,1,0.116453621798449,0.116453621798449
S1_95111792,1,95111792,0,1,1.05470355945025,0.655617074809538
S1_95111793,1,95111793,0,1,0.432704659514116,0.536793050924385
S1_95112556,1,95112556,0,1,0.34211000764522,0.34211000764522
S1_95190453,1,95190453,0,1,0.154080245921416,0.154080245921416
S1_95192399,1,95192399,0,1,0.331054632433726,0.331054632433726
S1_95440438,1,95440438,0,1,0.120878544160415,0.20486616772475
S1_95440439,1,95440439,0,1,0.27148961640393,0.359583342883654
S1_95485097,1,95485097,0,1,0.831109477347841,0.831109477347841
S1_95486582,1,95486582,0,1,0.178170183705168,0.0699816406963462
S1_95486597,1,95486597,0,1,0.0320288588983595,0.154012035193156
S1_95658021,1,95658021,0,1,NA,NA
S1_95658027,1,95658027,0,1,1.07388394012866,1.33635343511571
S1_95858528,1,95858528,0,1,0.297469438820604,0.170182342593221
S1_95858529,1,95858529,0,1,0.687472043797894,0.880461135980257
S1_96071148,1,96071148,0,1,0.212985173212988,0.387036304132753
S1_96071157,1,96071157,0,1,0.103942119252055,0.178453780307846
S1_96071657,1,96071657,0,1,NA,NA
S1_96072718,1,96072718,0,1,0.390929511275499,0.694103845132969
S1_96072738,1,96072738,0,1,0.169210159930775,0.169210159930775
S1_96081043,1,96081043,0,1,0.693450660419662,0.806485135477545
S1_96081201,1,96081201,0,1,0.053427037340955,0.207830420595143
S1_96081739,1,96081739,0,1,0.0638335337121452,0.168169780025367
S1_96239912,1,96239912,0,1,1.32464426520913,1.21521172185794
S1_96239937,1,96239937,0,1,0.396451878094255,0.751364916036339
S1_96253927,1,96253927,0,1,2.49952476191633,2.49952476191633
S1_96265094,1,96265094,0,1,0.381360855763107,0.286162981640849
S1_96308936,1,96308936,0,1,0.443393266139193,0.536419947232857
S1_96308950,1,96308950,0,1,0.458459367918802,0.00268788058871471
S1_96309092,1,96309092,0,1,1.05094873323857,1.4519167355347
S1_96310268,1,96310268,0,1,0.184558393870433,0.366924813795011
S1_96310277,1,96310277,0,1,0.579388946949433,0.907704148464282
S1_96310347,1,96310347,0,1,0.242563386314103,0.488513631648584
S1_96623497,1,96623497,0,1,1.56445004469576,2.03505508357704
S1_96623540,1,96623540,0,1,0.146942851919988,0.351271940060496
S1_96623594,1,96623594,0,1,2.06725792890206,2.66662600079534
S1_96691250,1,96691250,0,1,0.100518332449039,0.274809250502627
S1_97007693,1,97007693,0,1,0.0528401699836729,0.0935632053640356
S1_97007717,1,97007717,0,1,0.16065775567361,0.359331322316452
S1_97292459,1,97292459,0,1,0.13364605851908,0.179233087563358
S1_97678979,1,97678979,0,1,0.218065756425797,0.463405389617025
S1_97817799,1,97817799,0,1,0.0460561690030484,0.093887588924333
S1_97818421,1,97818421,0,1,0.0222021050992128,0.00842958508884203
S1_98096969,1,98096969,0,1,0.131441958953753,0.0641701269334943
S1_98097979,1,98097979,0,1,0.144653801698359,0.35213402998881
S1_98098041,1,98098041,0,1,0.037335118039328,0.150830613576111
S1_98098047,1,98098047,0,1,0.289934213160165,0.600812335713379
S1_98164120,1,98164120,0,1,0.0413848011020365,0.0458435550602428
S1_98164166,1,98164166,0,1,0.374201073151453,0.191524076124134
S1_98355121,1,98355121,0,1,0.0301761479940269,0.0176775931838989
S1_98754587,1,98754587,0,1,1.34104767346328,1.88991048956331
S1_98759978,1,98759978,0,1,0.189549872560492,0.403838366544879
S1_98762823,1,98762823,0,1,0.0238208578517686,0.124588252999634
S1_98840690,1,98840690,0,1,0.0499140966386951,0.192324474734659
S1_98841081,1,98841081,0,1,NA,NA
S1_99128808,1,99128808,0,1,0.0157622426320566,0.0735284889733926
S1_99171671,1,99171671,0,1,0.108268437683633,0.317900686476832
S1_99185549,1,99185549,0,1,1.18344954338514,0.338918267719246
S1_99663599,1,99663599,0,1,NA,NA
S1_99664248,1,99664248,0,1,0.109074751903811,0.0244729804331067
S1_99664269,1,99664269,0,1,0.109074751903811,0.0244729804331067
S1_99846856,1,99846856,0,1,0.33454722589423,0.163769694251252
S1_99975621,1,99975621,0,1,0.428083597327293,0.428083597327293
S1_99975666,1,99975666,0,1,0.493378969483627,0.0653838727048596
S1_99990016,1,99990016,0,1,0.0774604222001268,0.0774604222001268
S1_99990280,1,99990280,0,1,0.109938387571096,0.0425192408083512
S1_99992572,1,99992572,0,1,0.39861639208908,0.710488642233624
S1_100824497,1,100824497,0,1,0.217365071446652,0.315524302809162
S1_100824534,1,100824534,0,1,0.394246150398013,0.712227341285945
S1_100824554,1,100824554,0,1,0.494127701141733,0.494127701141733
S1_100824582,1,100824582,0,1,0.319600161262401,0.33318997769582
S1_100825248,1,100825248,0,1,0.0647523913105914,0.232444236237069
S1_100825386,1,100825386,0,1,0.579090118997057,0.579090118997057
S1_100903178,1,100903178,0,1,0.265425576111082,0.0867404402522405
S1_100903193,1,100903193,0,1,0.168086312736468,0.117534967105137
S1_100903364,1,100903364,0,1,0.178773307060898,0.0505001909000635
S1_100903382,1,100903382,0,1,0.178773307060898,0.0505001909000635
S1_100903524,1,100903524,0,1,0.09219669713246,0.0727483575229315
S1_100903732,1,100903732,0,1,1.81887808978789,1.81887808978789
S1_100904698,1,100904698,0,1,0.0336077236380338,0.0533231273273577
S1_100904808,1,100904808,0,1,0.0578706078717161,0.201634371259541
S1_100908084,1,100908084,0,1,0.786079430318217,0.771938061637787
S1_100908189,1,100908189,0,1,0.647427867230609,0.958117990538882
S1_100991594,1,100991594,0,1,0.146383529545618,0.36912439650762
S1_101832138,1,101832138,0,1,0.441408872724501,0.783900398335142
S1_102090732,1,102090732,0,1,0.183299625052738,0.440623018137023
S1_102245022,1,102245022,0,1,0.364381342648935,0.375266760589358
S1_102245096,1,102245096,0,1,0.164139693163056,0.415253159794796
S1_102245144,1,102245144,0,1,0.20288310308864,0.237800660651696
S1_102245147,1,102245147,0,1,0.117329176677396,0.00663390108798161
S1_102246549,1,102246549,0,1,0.196990597396196,0.390882417075801
S1_102529279,1,102529279,0,1,0.197506729488222,0.398350790982581
S1_102584211,1,102584211,0,1,0.501372762149468,0.274274043139005
S1_102587395,1,102587395,0,1,0.184516467505753,0.184516467505753
S1_102587471,1,102587471,0,1,0.9278566797167,1.31939468007881
S1_102891820,1,102891820,0,1,0.525536428772926,0.919731281846196
S1_102892501,1,102892501,0,1,0.823110808917667,1.27848539840651
S1_102892647,1,102892647,0,1,0.0430710842560297,0.181988918207545
S1_102893106,1,102893106,0,1,0.556833130746234,0.172264549858
S1_102893504,1,102893504,0,1,0.393080403021006,0.167745419418273
S1_102893610,1,102893610,0,1,0.0710214139518545,0.0992407320382
S1_102893692,1,102893692,0,1,0.813377629074114,1.25966909262831
S1_102893704,1,102893704,0,1,0.0763919934189897,0.0542824445082751
S1_102945866,1,102945866,0,1,0.179964461255189,0.43757748680766
S1_102945871,1,102945871,0,1,0.243964270603984,0.455287771102051
S1_102945935,1,102945935,0,1,0.2491080137929,0.190546867367992
S1_102949599,1,102949599,0,1,1.22690423846124,1.22690423846124
S1_102949954,1,102949954,0,1,0.173976132040825,0.229705916707131
S1_102949989,1,102949989,0,1,0.828310294570791,1.27221623400703
S1_102950592,1,102950592,0,1,0.141133849495518,0.286406571405944
S1_103099826,1,103099826,0,1,0.603889911129744,1.01863481900705
S1_103100626,1,103100626,0,1,0.572487651590867,0.935966965393674
S1_103315679,1,103315679,0,1,0.100677373006797,0.100677373006797
S1_103385029,1,103385029,0,1,0.359227308200076,0.359227308200076
S1_103419129,1,103419129,0,1,0.196494876646873,0.451476588897167
S1_103419349,1,103419349,0,1,0.142180032578837,0.377688034395944
S1_103419435,1,103419435,0,1,1.03543538398351,1.51082483526646
S1_103826231,1,103826231,0,1,0.24183881069113,0.516559091653587
S1_104480075,1,104480075,0,1,0.0950184869628442,0.0950184869628442
S1_104609124,1,104609124,0,1,0.128303431037458,0.167288231204731
S1_104612698,1,104612698,0,1,0.0710307118924014,0.150128768511258
S1_104679402,1,104679402,0,1,0.307078707530453,0.0271695790775664
S1_104679457,1,104679457,0,1,0.0227055860127012,0.0302697081209735
S1_104874648,1,104874648,0,1,0.879741754915247,0.49542779029171
S1_105024449,1,105024449,0,1,0.437699125816736,0.74415667679772
S1_105024461,1,105024461,0,1,0.245731270862565,0.166018870211731
S1_105229292,1,105229292,0,1,0.206337957692838,0.019789853054107
S1_105230143,1,105230143,0,1,0.250524549166186,0.409596710116841
S1_105231129,1,105231129,0,1,0.125165722605787,0.334658312607536
S1_105232146,1,105232146,0,1,0.143952068459605,0.0299238885281147
S1_105325600,1,105325600,0,1,0.280598959902481,0.280598959902481
S1_105462321,1,105462321,0,1,0.341798014678457,0.519077539168538
S1_105462734,1,105462734,0,1,0.238157155709608,0.283452684497118
S1_105471324,1,105471324,0,1,0.293911405530568,0.419563998306763
S1_105672680,1,105672680,0,1,0.507596440560998,0.744798348785425
S1_105687388,1,105687388,0,1,0.0532091431542954,0.0728208378458982
S1_105761712,1,105761712,0,1,NA,NA
S1_105766153,1,105766153,0,1,0.636790562050481,1.0443253952031
S1_105766234,1,105766234,0,1,0.11104199069783,0.201677655118817
S1_105951834,1,105951834,0,1,0.6037808069343,0.967365314974961
S1_105951838,1,105951838,0,1,0.344955052800391,0.644686669481812
S1_105951846,1,105951846,0,1,0.0115668666318412,0.0533945609108118
S1_105952559,1,105952559,0,1,0.349448692660926,0.681705494725356
S1_106060225,1,106060225,0,1,0.579536913918543,0.579536913918543
S1_106063527,1,106063527,0,1,0.39972910111098,0.706697306466681
S1_106063535,1,106063535,0,1,0.39972910111098,0.706697306466681
S1_106063662,1,106063662,0,1,0.921469626408705,0.921469626408705
S1_106119755,1,106119755,0,1,0.159341530168366,0.277536791580777
S1_106158398,1,106158398,0,1,0.156233143171508,0.156233143171508
S1_106158773,1,106158773,0,1,0.344657225380325,0.665887908142667
S1_106497357,1,106497357,0,1,0.518493014877294,0.619625490981919
S1_106498930,1,106498930,0,1,0.386966888532771,0.740232438069023
S1_106673857,1,106673857,0,1,0.821805645267244,0.861693926411685
S1_106674325,1,106674325,0,1,0.0486069563118052,0.0724575015121266
S1_106787940,1,106787940,0,1,0.060975600430629,0.184227936179027
S1_106787951,1,106787951,0,1,0.81033895145569,0.041756298870422
S1_106843716,1,106843716,0,1,1.2291747454796,1.2291747454796
S1_106843792,1,106843792,0,1,0.0517029522084845,0.0668256956927989
S1_106843801,1,106843801,0,1,0.215996593481588,0.496923485404563
S1_106843874,1,106843874,0,1,0.0879506369197888,0.0903916996483709
S1_106843955,1,106843955,0,1,0.316452298256865,0.540732670442635
S1_106846764,1,106846764,0,1,0.341992984031591,0.67947656240581
S1_106895309,1,106895309,0,1,0.242334573457594,0.40922097766619
S1_106896128,1,106896128,0,1,0.691093318099484,0.839910698457836
S1_106896229,1,106896229,0,1,0.686892183311926,1.07353673482305
S1_106896759,1,106896759,0,1,0.407700061566566,0.624214073947129
S1_106896867,1,106896867,0,1,0.112518919018187,0.245639821567662
S1_106896873,1,106896873,0,1,0.105015084888957,0.229254931893423
S1_106897176,1,106897176,0,1,0.0018066530820523,0.00128653722659632
S1_106897279,1,106897279,0,1,0.159986384120843,0.234325209066748
S1_106897683,1,106897683,0,1,0.0829211837781783,0.257192410422679
S1_106905699,1,106905699,0,1,0.430818430603499,0.484330018371112
S1_106905757,1,106905757,0,1,0.22277721914343,0.286046400382722
S1_106905770,1,106905770,0,1,0.147743077937514,0.358058816447195
S1_107107185,1,107107185,0,1,0.173032402492656,0.00290760238282179
S1_107184606,1,107184606,0,1,0.153244339106574,0.173619755136428
S1_107185275,1,107185275,0,1,1.37800168259554,0.661130364381501
S1_107187600,1,107187600,0,1,0.677801977568508,0.472646288521331
S1_107301372,1,107301372,0,1,0.217670112943134,0.211852664271543
S1_107312447,1,107312447,0,1,0.994374855918971,0.994374855918971
S1_107364757,1,107364757,0,1,0.631829161400622,0.483756303892967
S1_107446345,1,107446345,0,1,0.0446461853739352,0.187092437102193
S1_107446367,1,107446367,0,1,0.338445422171214,0.338445422171214
S1_107451213,1,107451213,0,1,0.0225615189522129,0.0809360374365001
S1_107454949,1,107454949,0,1,0.0416129138993098,0.163687291826943
S1_107791685,1,107791685,0,1,0.180282873262465,0.178001085966356
S1_107791870,1,107791870,0,1,0.0777104433597422,0.232039566096559
S1_107792455,1,107792455,0,1,0.485494004380625,0.708055739330628
S1_107793132,1,107793132,0,1,0.0493347131242721,0.162606018731115
S1_107793439,1,107793439,0,1,0.252515791926742,0.296936766918018
S1_107793533,1,107793533,0,1,0.531072234835321,0.800222781132609
S1_107793626,1,107793626,0,1,0.230128087659525,0.476741820973569
S1_107848583,1,107848583,0,1,0.30621337655135,0.151024866350069
S1_107851710,1,107851710,0,1,0.0190235130558754,0.0893654433139465
S1_107884029,1,107884029,0,1,0.283398023989963,0.228917925868313
S1_107893670,1,107893670,0,1,0.0210831451215195,0.121097570219494
S1_107893712,1,107893712,0,1,0.0631749143552286,0.14083149212175
S1_108014745,1,108014745,0,1,0.0627982621312456,0.0462745282208708
S1_108071118,1,108071118,0,1,0.362191510633454,0.640267084589357
S1_108266798,1,108266798,0,1,0.512889659239026,0.25640265823064
S1_108623483,1,108623483,0,1,0.667936991161763,0.938278643539878
S1_109395014,1,109395014,0,1,0.253650389215958,0.544756238901773
S1_109636320,1,109636320,0,1,1.0416865390835,0.506102982704232
S1_109637052,1,109637052,0,1,0.284273326849396,0.284273326849396
S1_110164064,1,110164064,0,1,0.50628790000568,0.536740317596459
S1_110164079,1,110164079,0,1,0.50628790000568,0.536740317596459
S1_110251429,1,110251429,0,1,0.294009569441999,0.508894136020859
S1_110280887,1,110280887,0,1,0.0603712168134101,0.147378312102763
S1_110280914,1,110280914,0,1,NA,NA
S1_110637390,1,110637390,0,1,0.777662596700801,0.693029530620218
S1_110637445,1,110637445,0,1,0.337825420975989,0.159675858265962
S1_110637488,1,110637488,0,1,1.66962164737229,1.61783398576047
S1_110637662,1,110637662,0,1,0.0167325173153481,0.0834637514060623
S1_110638429,1,110638429,0,1,0.425716194220266,0.337547860776251
S1_110912895,1,110912895,0,1,0.132873061564924,0.128730812835444
S1_110987743,1,110987743,0,1,0.0777606220746846,0.182804532335292
S1_111272008,1,111272008,0,1,0.140410746011366,0.219956049393204
S1_111273515,1,111273515,0,1,0.0836191877510321,0.0468699573290576
S1_111985051,1,111985051,0,1,0.678181014142277,1.0613983173037
S1_112142384,1,112142384,0,1,1.59988415597688,1.16709197108014
S1_112606754,1,112606754,0,1,0.0162492769017381,0.0162492769017381
S1_112607431,1,112607431,0,1,0.345867594596053,0.418758737378914
S1_112638875,1,112638875,0,1,0.0826115663138797,0.169155939661856
S1_112639643,1,112639643,0,1,0.558309631872762,0.949370194062493
S1_112639745,1,112639745,0,1,0.217110567499251,0.231883202452743
S1_112727128,1,112727128,0,1,0.756206735311928,1.20772637144451
S1_112727800,1,112727800,0,1,0.363198581192616,0.256871186254599
S1_112806730,1,112806730,0,1,0.148946687624773,0.293797123503728
S1_112850642,1,112850642,0,1,0.180183944910888,0.140363810812591
S1_112850710,1,112850710,0,1,0.922370019155418,0.922370019155418
S1_113157986,1,113157986,0,1,0.0498268708624125,0.195640357311378
S1_113529928,1,113529928,0,1,0.336292483370006,0.63273603196116
S1_113695255,1,113695255,0,1,0.054496118818205,0.0385850713931611
S1_113879624,1,113879624,0,1,0.168957887210553,0.406023437637248
S1_113879792,1,113879792,0,1,0.697932251667427,0.214229548831904
S1_113892716,1,113892716,0,1,0.534517350027844,0.926728631578219
S1_113892782,1,113892782,0,1,0.24676085078811,0.24676085078811
S1_113892794,1,113892794,0,1,0.199618578837894,0.471550127238786
S1_113892959,1,113892959,0,1,0.504311102520684,0.325454681232081
S1_113892967,1,113892967,0,1,0.328370993991664,0.0308719301969235
S1_113972484,1,113972484,0,1,0.154287210442662,0.0419553031415777
S1_113972654,1,113972654,0,1,0.0354575537373968,0.0354575537373968
S1_114173821,1,114173821,0,1,0.0406225370418006,0.0349647170048095
S1_114173852,1,114173852,0,1,0.378244802790705,0.581407500664574
S1_114174001,1,114174001,0,1,0.260246547653324,0.369959346321341
S1_114174544,1,114174544,0,1,0.216294292226875,0.126237777457263
S1_114222096,1,114222096,0,1,0.571826962670024,0.484370056924741
S1_114302080,1,114302080,0,1,0.134043265355237,0.318864149313697
S1_114804389,1,114804389,0,1,0.0217849453700135,0.121820159357271
S1_114912626,1,114912626,0,1,0.0983128879118666,0.213607487488832
S1_114912653,1,114912653,0,1,0.0441637439081667,0.0228188534404504
S1_114912698,1,114912698,0,1,0.790916564336034,0.0418110656836253
S1_114912913,1,114912913,0,1,0.470648990953504,0.327932396935791
S1_114920988,1,114920988,0,1,0.344762370140505,0.0212396897329578
S1_115058992,1,115058992,0,1,1.16215899767792,1.0403815298208
S1_115059010,1,115059010,0,1,1.16115591058362,1.16115591058362
S1_115181000,1,115181000,0,1,0.0992486888976336,0.238784481253325
S1_115181343,1,115181343,0,1,0.0250946677451416,0.106582197402147
S1_115217254,1,115217254,0,1,0.191262472822485,0.0437374354106852
S1_115217261,1,115217261,0,1,0.0345850046056999,0.0672113151410909
S1_115218854,1,115218854,0,1,0.0229698863072458,0.104803192075784
S1_115219123,1,115219123,0,1,0.0573664964586344,0.0573664964586344
S1_115219423,1,115219423,0,1,0.0460329372096487,0.0804796549863763
S1_115219662,1,115219662,0,1,0.00810849969367612,0.0454868590046637
S1_115405530,1,115405530,0,1,0.0608754772963364,0.155889902792754
S1_115405533,1,115405533,0,1,0.12154768432616,0.30923963166644
S1_115524061,1,115524061,0,1,0.18403910170576,0.18403910170576
S1_116047785,1,116047785,0,1,0.205831533452945,0.390757138012077
S1_116047817,1,116047817,0,1,0.209449064516727,0.395868220149672
S1_116049037,1,116049037,0,1,0.179114097316651,0.278935192632839
S1_116086224,1,116086224,0,1,0.0791551242944087,5.22813385506965e-05
S1_116086231,1,116086231,0,1,0.0229753250244833,0.0229753250244833
S1_116224613,1,116224613,0,1,0.249665439415619,0.401975082724351
S1_116224724,1,116224724,0,1,0.183291207797354,0.274077316486824
S1_116265580,1,116265580,0,1,0.0641393571134026,0.218918109952569
S1_116265677,1,116265677,0,1,0.482568927204691,0.539778892873052
S1_116265779,1,116265779,0,1,0.0541607180762251,0.207793132220081
S1_116265895,1,116265895,0,1,0.0309306954608694,0.0309306954608694
S1_116265903,1,116265903,0,1,0.470515663053073,0.470515663053073
S1_116265919,1,116265919,0,1,0.419234318658339,0.733088086662274
S1_116502580,1,116502580,0,1,0.079188827831991,0.234221118651423
S1_116798127,1,116798127,0,1,NA,NA
S1_116836612,1,116836612,0,1,0.0705459114159255,0.0705459114159255
S1_117146656,1,117146656,0,1,0.313103026132011,0.319099386459463
S1_117161950,1,117161950,0,1,0.696363913061808,0.696363913061808
S1_117164857,1,117164857,0,1,0.0621491237695374,0.0621491237695374
S1_117602851,1,117602851,0,1,0.215177887973759,0.215177887973759
S1_117703049,1,117703049,0,1,0.337004990631241,0.209631424711955
S1_117709572,1,117709572,0,1,0.151914808045317,0.0210245536600936
S1_117709647,1,117709647,0,1,0.396166992079781,0.0491298777560631
S1_117891469,1,117891469,0,1,0.173930938743257,0.0219739195172241
S1_118055018,1,118055018,0,1,0.0199211948724505,0.0700978107996306
S1_118055034,1,118055034,0,1,0.0199211948724505,0.0700978107996306
S1_118155486,1,118155486,0,1,0.186500494628102,0.389177236193644
S1_118155516,1,118155516,0,1,0.596035411452242,0.551598760304149
S1_118365515,1,118365515,0,1,0.311590654401286,0.340551571844074
S1_118365743,1,118365743,0,1,0.317985436913661,0.644840331164145
S1_118365842,1,118365842,0,1,0.462589740427521,0.383093658552553
S1_118891248,1,118891248,0,1,0.0027045057721167,0.00263836525948096
S1_119022279,1,119022279,0,1,0.575898451930646,0.182457046257051
S1_119023786,1,119023786,0,1,0.669526860692464,0.472265851418978
S1_119144429,1,119144429,0,1,0.276721116831273,0.476118640644648
S1_119213204,1,119213204,0,1,0.449936134157129,0.429387165315197
S1_119215266,1,119215266,0,1,0.0244223462796198,0.131719052408063
S1_119376839,1,119376839,0,1,0.104645509108744,0.104645509108744
S1_119376859,1,119376859,0,1,0.311287373679328,0.311287373679328
S1_119377662,1,119377662,0,1,0.380972171830345,0.641908559896255
S1_119378120,1,119378120,0,1,0.132945357094063,0.27137978356531
S1_119378454,1,119378454,0,1,0.203812729882608,0.176594160472192
S1_119378478,1,119378478,0,1,0.194802583050728,0.161866401052901
S1_119378512,1,119378512,0,1,0.228782374128433,0.0979135980223269
S1_119412575,1,119412575,0,1,0.340562151793094,0.10877555296076
S1_119412581,1,119412581,0,1,0.0786178874628024,0.0448389724888001
S1_119412945,1,119412945,0,1,0.0958250396269135,0.14294394654249
S1_119412976,1,119412976,0,1,0.261129507701012,0.0681346766926001
S1_119429834,1,119429834,0,1,0.214774311158373,0.122470828812332
S1_119549892,1,119549892,0,1,0.613622609229783,0.279939681550007
S1_119550239,1,119550239,0,1,0.571968218574023,0.720919099932802
S1_119550908,1,119550908,0,1,0.217785969063637,0.415311255489609
S1_119551193,1,119551193,0,1,0.00460001814890851,0.0406751866381882
S1_119551197,1,119551197,0,1,0.103463592992073,0.0389833428469785
S1_119653346,1,119653346,0,1,0.135576028691188,0.367089418075451
S1_119653428,1,119653428,0,1,0.725995139598565,0.737632633957035
S1_119654446,1,119654446,0,1,0.131711019178876,0.356072335344365
S1_119655679,1,119655679,0,1,0.916128003305052,1.39942351969068
S1_119655685,1,119655685,0,1,NA,NA
S1_119656490,1,119656490,0,1,0.0234466070096713,0.1153280926079
S1_119669383,1,119669383,0,1,0.0030607059780436,0.0265058320783987
S1_119693856,1,119693856,0,1,0.0650081864922003,0.0709011046329636
S1_119697532,1,119697532,0,1,0.223365402847769,0.213887077688302
S1_119697955,1,119697955,0,1,0.0398505783428104,0.154040518447959
S1_119697956,1,119697956,0,1,0.591918959037494,0.591918959037494
S1_119698006,1,119698006,0,1,0.0634504128636207,0.16440721676161
S1_119698145,1,119698145,0,1,0.189844403351798,0.431152929473584
S1_119698160,1,119698160,0,1,0.502521323741739,0.893079338049642
S1_120093290,1,120093290,0,1,0.0675658091163778,0.0675658091163778
S1_120215183,1,120215183,0,1,0.134490926402207,0.233493156916685
S1_120215186,1,120215186,0,1,0.152455269809606,0.271195252344483
S1_120247571,1,120247571,0,1,0.655279591169667,1.0474269396554
S1_120247586,1,120247586,0,1,0.522360839357842,0.918568910882178
S1_120247600,1,120247600,0,1,0.744770532899573,0.828376619643616
S1_120364433,1,120364433,0,1,0.341389840198057,0.274339322531755
S1_120848546,1,120848546,0,1,0.115569870790979,0.247007268003351
S1_121399511,1,121399511,0,1,0.163201865958887,0.0325590512989417
S1_121399750,1,121399750,0,1,0.380596580780495,0.349902767098039
S1_121493056,1,121493056,0,1,0.375634877271356,0.711258137348693
S1_121510257,1,121510257,0,1,0.603422771209469,0.901216709228801
S1_121520628,1,121520628,0,1,0.0170165921459312,0.0902413203326881
S1_121528678,1,121528678,0,1,0.0974472305711576,0.29117628149977
S1_121800025,1,121800025,0,1,0.141434465765675,0.252018886685055
S1_121800570,1,121800570,0,1,0.548700224971871,0.951986606245324
S1_121972604,1,121972604,0,1,0.219177179570992,0.300011696485537
S1_122038680,1,122038680,0,1,0.357741082678783,0.374881977625195
S1_122163232,1,122163232,0,1,0.214441969999029,0.214441969999029
S1_122404828,1,122404828,0,1,0.0558868365467133,0.0558868365467133
S1_122404927,1,122404927,0,1,0.575348958713801,0.653998541630557
S1_122416634,1,122416634,0,1,0.477646071712677,0.782756401688395
S1_122416916,1,122416916,0,1,0.105795206187796,0.0582969058563839
S1_122471784,1,122471784,0,1,0.140761921620318,0.271749594596213
S1_122474860,1,122474860,0,1,0.0811068133545637,0.0811068133545637
S1_122756821,1,122756821,0,1,0.200862517370893,0.432931714159634
S1_122756901,1,122756901,0,1,0.320842252085569,0.342775868930183
S1_122885347,1,122885347,0,1,0.179595003380631,0.0650595818644877
S1_123767580,1,123767580,0,1,1.15981761786922,0.581415337266394
S1_123768556,1,123768556,0,1,NA,NA
S1_123870727,1,123870727,0,1,NA,NA
S1_124126862,1,124126862,0,1,0.39945588090428,0.39945588090428
S1_124327117,1,124327117,0,1,0.2299653083552,0.136414194191502
S1_124327141,1,124327141,0,1,0.2299653083552,0.136414194191502
S1_124777347,1,124777347,0,1,0.151114879658481,0.151114879658481
S1_124777357,1,124777357,0,1,0.488031957714769,0.419914089039483
S1_124777442,1,124777442,0,1,0.264099938426416,0.505039609969238
S1_124777444,1,124777444,0,1,0.179307664979284,0.0660315193115431
S1_125395678,1,125395678,0,1,0.974720786849477,1.4510452056741
S1_125775754,1,125775754,0,1,0.205890009854176,0.213846062301592
S1_126656031,1,126656031,0,1,NA,NA
S1_126659472,1,126659472,0,1,0.0111264011322715,0.00686276406931871
S1_126963098,1,126963098,0,1,0.19879404127424,0.182290475877303
S1_128218677,1,128218677,0,1,NA,NA
S1_128518886,1,128518886,0,1,0.00478556657530698,0.0464818511237709
S1_128702986,1,128702986,0,1,0.257157362887331,0.257157362887331
S1_128803584,1,128803584,0,1,0.0200648613351009,0.095252994629207
S1_129015531,1,129015531,0,1,0.245402502503376,0.0432919951734412
S1_129436685,1,129436685,0,1,0.63463525955415,0.63463525955415
S1_129633879,1,129633879,0,1,0.299774027332241,0.299774027332241
S1_129633920,1,129633920,0,1,0.103551372187114,0.192956528075166
S1_130556620,1,130556620,0,1,0.362305849444185,0.523226649573342
S1_131864772,1,131864772,0,1,0.349996627280045,0.350889450560809
S1_133165460,1,133165460,0,1,0.065425488917329,0.225156142052518
S1_133165462,1,133165462,0,1,0.118007049129878,0.334559305937524
S1_133165486,1,133165486,0,1,0.000819144755630032,0.000819144755630032
S1_133165492,1,133165492,0,1,0.194609997046091,0.458518107901226
S1_133165507,1,133165507,0,1,0.0718535561012456,0.244396928367857
S1_133381112,1,133381112,0,1,0.414657697381211,0.414657697381211
S1_133381113,1,133381113,0,1,0.289881685816503,0.289881685816503
S1_135214148,1,135214148,0,1,0.166358630745787,0.166358630745787
S1_135597304,1,135597304,0,1,0.0368372891799769,0.141363647406374
S1_136032233,1,136032233,0,1,NA,NA
S1_137851798,1,137851798,0,1,NA,1.36508929127075
S1_138613430,1,138613430,0,1,0.00373877681001141,0.0272574688927008
S1_139463261,1,139463261,0,1,1.03598513796991,0.626020036508627
S1_139482454,1,139482454,0,1,NA,NA
S1_139596596,1,139596596,0,1,0.17272628221873,0.14329271618759
S1_139597124,1,139597124,0,1,0.343317234073537,0.681265642987563
S1_139790897,1,139790897,0,1,0.213853947233892,0.304484680257209
S1_139791465,1,139791465,0,1,0.676857887985035,1.0861231854518
S1_139791469,1,139791469,0,1,0.736583595135578,0.87032564946441
S1_139791490,1,139791490,0,1,0.0599150121197453,0.0599150121197453
S1_139953036,1,139953036,0,1,0.265337466224435,0.521159260325599
S1_140040449,1,140040449,0,1,0.101217295879814,0.24531388002698
S1_140221471,1,140221471,0,1,0.142731511783853,0.142731511783853
S1_140259320,1,140259320,0,1,0.0150010585451121,0.0739336232858907
S1_140321705,1,140321705,0,1,0.340041975231299,0.654037271859001
S1_140321925,1,140321925,0,1,0.170536211485607,0.00648382843632878
S1_140321927,1,140321927,0,1,0.137680006555368,0.0782526240008259
S1_140716864,1,140716864,0,1,0.0492728472929315,0.0731923861233621
S1_140718145,1,140718145,0,1,0.0999770670945191,0.303536201075875
S1_140718191,1,140718191,0,1,0.140503685879855,0.375883432031063
S1_140888441,1,140888441,0,1,0.0131131625244816,0.0576681316405589
S1_140985286,1,140985286,0,1,0.266116973728461,0.178571371097809
S1_140985509,1,140985509,0,1,0.597831369605025,0.91767978480773
S1_140985551,1,140985551,0,1,0.308682637073479,0.600925423628847
S1_141038663,1,141038663,0,1,0.103142476479479,0.264980117990591
S1_141072209,1,141072209,0,1,0.129013817119315,0.0759638949878512
S1_141072211,1,141072211,0,1,0.0200014107384687,0.0200014107384687
S1_141073931,1,141073931,0,1,0.216776457474665,0.124534563587289
S1_141076934,1,141076934,0,1,0.950601116464513,1.18297360979827
S1_141275323,1,141275323,0,1,0.385109381899828,0.332317890201159
S1_141282152,1,141282152,0,1,0.49879356242511,0.783975105180764
S1_141532833,1,141532833,0,1,0.121585168389056,0.121585168389056
S1_141736671,1,141736671,0,1,0.0168807986667031,0.0979239551978187
S1_141736871,1,141736871,0,1,0.0135130732128264,0.0135130732128264
S1_141737147,1,141737147,0,1,0.166573718439133,0.0824240375017556
S1_141741324,1,141741324,0,1,0.329708084363357,0.403955202732214
S1_141935068,1,141935068,0,1,0.423345474887079,0.305219671044719
S1_142639651,1,142639651,0,1,0.247074906063233,0.273769111675269
S1_142650819,1,142650819,0,1,0.900696434038795,1.37784443595743
S1_142704744,1,142704744,0,1,0.101487190497959,0.101487190497959
S1_142705462,1,142705462,0,1,0.691616851600379,0.691616851600379
S1_142705503,1,142705503,0,1,0.197076137550695,0.234940169684275
S1_142729864,1,142729864,0,1,0.227234214844481,0.0278754729070244
S1_142730310,1,142730310,0,1,0.276695730252167,0.585468725243177
S1_143532774,1,143532774,0,1,NA,NA
S1_143623742,1,143623742,0,1,0.0713442130640566,0.0635689686625528
S1_143791730,1,143791730,0,1,0.480635273578062,0.45996677187213
S1_144432039,1,144432039,0,1,0.00314983874662847,0.0337968311054197
S1_144967545,1,144967545,0,1,0.656190570517926,0.996916949045768
S1_144967559,1,144967559,0,1,0.0342266403067974,0.158944549559127
S1_145287182,1,145287182,0,1,0.000719785911197281,0.0135384409613562
S1_145307442,1,145307442,0,1,NA,NA
S1_145489682,1,145489682,0,1,0.137869812618816,0.112520095208706
S1_145489695,1,145489695,0,1,0.151341689247239,0.169269114428992
S1_145489699,1,145489699,0,1,NA,NA
S1_145854029,1,145854029,0,1,0.284914555143379,0.53694271420255
S1_145864099,1,145864099,0,1,0.0152485045168992,0.0542115201677271
S1_145868331,1,145868331,0,1,0.970444802393931,0.970444802393931
S1_146072490,1,146072490,0,1,0.363266291313308,0.444699729808445
S1_146158757,1,146158757,0,1,0.179803039946553,0.0435217673328768
S1_146158762,1,146158762,0,1,1.0103323086965,0.948949506209621
S1_146302556,1,146302556,0,1,0.0504121062324549,0.0388598534449146
S1_146507478,1,146507478,0,1,0.0167813010433349,0.047933047271233
S1_146507507,1,146507507,0,1,0.195947851468967,0.466140412932457
S1_147081337,1,147081337,0,1,0.261037113877807,0.233943065338346
S1_147084940,1,147084940,0,1,NA,NA
S1_147084976,1,147084976,0,1,0.489986622278689,0.619859336492893
S1_147085663,1,147085663,0,1,1.23235510115198,1.23235510115198
S1_147160353,1,147160353,0,1,1.30152319307844,1.71657921128356
S1_147204733,1,147204733,0,1,0.134213448981982,0.336101446177981
S1_147609890,1,147609890,0,1,0.157519745490517,0.0471220776804501
S1_147724678,1,147724678,0,1,0.559003578632338,0.828219707267193
S1_147891886,1,147891886,0,1,0.188304976189064,0.0774586894784432
S1_147892018,1,147892018,0,1,0.570520170520557,0.892565269793307
S1_147896068,1,147896068,0,1,0.791786805841962,0.698188610170682
S1_147896152,1,147896152,0,1,1.36009458524432,1.60788561520344
S1_147896164,1,147896164,0,1,0.154631370378057,0.388945893249222
S1_147979785,1,147979785,0,1,0.208299316696852,0.473331697118766
S1_148061106,1,148061106,0,1,0.595992343607834,0.893345061907996
S1_148230447,1,148230447,0,1,1.70456259340394,0.26202306451718
S1_148230543,1,148230543,0,1,0.652373859894115,0.20795951476297
S1_148230546,1,148230546,0,1,0.512021981129844,0.399389118519292
S1_148451789,1,148451789,0,1,0.620370836442964,0.620662010296701
S1_148451802,1,148451802,0,1,0.180162985211537,0.427909178889836
S1_148451845,1,148451845,0,1,0.0718616528951499,0.197465568023296
S1_148451853,1,148451853,0,1,0.381217084617422,0.729325051571633
S1_148451866,1,148451866,0,1,0.264891156360571,0.567696333285746
S1_148452951,1,148452951,0,1,0.0498434548838198,0.0498434548838198
S1_148456383,1,148456383,0,1,NA,NA
S1_148456432,1,148456432,0,1,0.451156194366377,0.825399816024454
S1_148456433,1,148456433,0,1,0.715683508795116,0.916774108783012
S1_148514537,1,148514537,0,1,0.299782756668577,0.299600931239937
S1_148514592,1,148514592,0,1,0.459261446812802,0.443967027449838
S1_148514664,1,148514664,0,1,0.206611417368491,0.476013323353369
S1_148515216,1,148515216,0,1,0.259386121942862,0.0856563809641927
S1_148515382,1,148515382,0,1,0.23065448136997,0.508210925842201
S1_148557689,1,148557689,0,1,0.552603026612,0.552603026612
S1_148627519,1,148627519,0,1,0.792689762783318,0.792689762783318
S1_148636862,1,148636862,0,1,1.53000930578502,1.53000930578502
S1_148920224,1,148920224,0,1,0.293734925744133,0.293734925744133
S1_148920313,1,148920313,0,1,0.000863908904534844,0.0218458065834116
S1_149116331,1,149116331,0,1,0.0989395077868873,0.0989395077868873
S1_149135209,1,149135209,0,1,0.363211152383022,0.363211152383022
S1_149135229,1,149135229,0,1,0.347090069933813,0.347090069933813
S1_149313963,1,149313963,0,1,0.675775858139257,1.07924486855135
S1_149317830,1,149317830,0,1,0.242296292621764,0.50326479289858
S1_149320572,1,149320572,0,1,0.194698866244223,0.0765003556516976
S1_149320846,1,149320846,0,1,0.26588759642019,0.26588759642019
S1_149320909,1,149320909,0,1,0.0465196704494678,0.165760709083
S1_149321101,1,149321101,0,1,0.131075252662088,0.293378639310556
S1_149321154,1,149321154,0,1,0.38312702506004,0.35855771683265
S1_149321253,1,149321253,0,1,0.0805483861556117,0.236935463524334
S1_149395125,1,149395125,0,1,0.44242320325451,0.765652218190409
S1_149545969,1,149545969,0,1,0.120839305453491,0.289663817435714
S1_149549096,1,149549096,0,1,0.651381079189107,0.36208884097158
S1_149959603,1,149959603,0,1,0.580272506522693,0.692200886965297
S1_149959617,1,149959617,0,1,NA,NA
S1_149992615,1,149992615,0,1,0.0665500283100835,0.236448584670649
S1_150105205,1,150105205,0,1,0.189837452101872,0.0421306155476106
S1_150105230,1,150105230,0,1,0.278804061062013,0.141398855171071
S1_150111937,1,150111937,0,1,0.0449991829653823,0.14149539913091
S1_150112670,1,150112670,0,1,0.350101384272717,0.228876126175018
S1_150112685,1,150112685,0,1,0.307518335345139,0.138143766756685
S1_150179741,1,150179741,0,1,0.752507863227459,0.996189826961075
S1_150179745,1,150179745,0,1,0.869673622975762,1.32084723541631
S1_150179769,1,150179769,0,1,0.0613575780059659,0.0526619533758254
S1_150477433,1,150477433,0,1,0.185155788174181,0.0256366220638381
S1_150477506,1,150477506,0,1,0.412052517507532,0.412052517507532
S1_150477774,1,150477774,0,1,0.591384869810108,0.476303181043192
S1_150478937,1,150478937,0,1,0.145313783604527,0.332107314471502
S1_150481571,1,150481571,0,1,0.505408637538169,0.883735668817784
S1_150481574,1,150481574,0,1,0.367402830134091,0.187115208704437
S1_150481623,1,150481623,0,1,1.0500982721643,1.16009884663527
S1_150481698,1,150481698,0,1,0.0533526095988262,0.140818562276904
S1_150672289,1,150672289,0,1,0.0332830337910066,0.0899117428071067
S1_150704466,1,150704466,0,1,0.57317234723156,0.572033955399223
S1_150711970,1,150711970,0,1,0.123434843222126,0.123434843222126
S1_150712521,1,150712521,0,1,0.371085264347649,0.428765992116089
S1_150712558,1,150712558,0,1,0.185398883340228,0.00158476644576915
S1_150713691,1,150713691,0,1,0.78524427619989,0.681868800664732
S1_150802907,1,150802907,0,1,0.526825687471459,0.841506142541256
S1_150803044,1,150803044,0,1,0.336274471340031,0.336274471340031
S1_150866519,1,150866519,0,1,0.687680906970409,1.12137872303952
S1_150866546,1,150866546,0,1,0.313161960359508,0.0154112276586631
S1_150866680,1,150866680,0,1,0.157315435783976,0.159483861742699
S1_150866687,1,150866687,0,1,0.0592129078503579,0.0795320173338165
S1_150866781,1,150866781,0,1,0.190272073541093,0.0793676062804771
S1_150898285,1,150898285,0,1,0.428353159700888,0.795925324459569
S1_150898349,1,150898349,0,1,0.185911820459952,0.185911820459952
S1_151023452,1,151023452,0,1,0.561872398781546,0.406966201340508
S1_151025242,1,151025242,0,1,0.291409658533554,0.0756884624707782
S1_151072203,1,151072203,0,1,0.311178528409466,0.140127666004575
S1_151258044,1,151258044,0,1,0.612495196479721,0.0269709334061824
S1_151258074,1,151258074,0,1,1.44390613934675,1.43320100300088
S1_151258121,1,151258121,0,1,0.16460793628247,0.241110874500155
S1_151258174,1,151258174,0,1,0.775375245714605,0.775375245714605
S1_151260826,1,151260826,0,1,0.000299199744818654,0.00785659929156946
S1_151714398,1,151714398,0,1,0.410037772006535,0.604425918303619
S1_151735186,1,151735186,0,1,0.113595311970189,0.30532138716717
S1_152108812,1,152108812,0,1,0.197057351439792,0.278877461423111
S1_152164296,1,152164296,0,1,0.176825496047718,0.433063645921066
S1_152503146,1,152503146,0,1,0.33042630036452,0.407487144390809
S1_152507353,1,152507353,0,1,0.197777001980742,0.197777001980742
S1_152508153,1,152508153,0,1,0.429561037715217,0.438350178140921
S1_152509039,1,152509039,0,1,0.252650257498698,0.526743332336491
S1_152996936,1,152996936,0,1,0.173057323030822,0.335950787560229
S1_154079964,1,154079964,0,1,0.146035654217834,0.375207891852267
S1_154080009,1,154080009,0,1,0.372297535201884,0.675028703128814
S1_154081957,1,154081957,0,1,0.398825693409836,0.74745831774613
S1_154083789,1,154083789,0,1,0.233995047865926,0.417109341145037
S1_154083817,1,154083817,0,1,0.271707524562144,0.572387881527933
S1_154107227,1,154107227,0,1,0.274790972740836,0.285067770240516
S1_154315074,1,154315074,0,1,0.800837793938074,0.800837793938074
S1_154315115,1,154315115,0,1,0.483045318105291,0.661059632931641
S1_154315590,1,154315590,0,1,0.311737454220077,0.578625134069424
S1_154315596,1,154315596,0,1,0.153447572650641,0.340981334229871
S1_154318284,1,154318284,0,1,1.1441405075598,1.1441405075598
S1_154327591,1,154327591,0,1,0.11913763619648,0.337865059615009
S1_154517171,1,154517171,0,1,0.619844343557947,0.619844343557947
S1_154764298,1,154764298,0,1,0.423116602359062,0.423116602359062
S1_154764302,1,154764302,0,1,1.32348098152712,0.442649053939278
S1_154787366,1,154787366,0,1,0.422034910394561,0.422034910394561
S1_154877315,1,154877315,0,1,0.78515039709308,0.0406936349201552
S1_154952638,1,154952638,0,1,0.00204253494379907,0.0321998196132825
S1_154952680,1,154952680,0,1,0.304167184614554,0.625760089384869
S1_154952743,1,154952743,0,1,0.420597521238329,0.633216398124418
S1_154952807,1,154952807,0,1,0.556542994595315,0.0925231972088605
S1_154953399,1,154953399,0,1,0.183312580460655,0.10114882386359
S1_154953416,1,154953416,0,1,0.170218503364935,0.062238385586919
S1_154954256,1,154954256,0,1,0.0655397179811078,0.0655397179811078
S1_154956279,1,154956279,0,1,2.3423818065052,2.3423818065052
S1_154957916,1,154957916,0,1,0.450116030132848,0.437119848426452
S1_155150069,1,155150069,0,1,0.855745475582999,1.03182313494518
S1_155187679,1,155187679,0,1,1.55713871868381,1.26134375270229
S1_155187722,1,155187722,0,1,0.121161596027019,0.0548968719194023
S1_155190115,1,155190115,0,1,0.697408827678135,0.697408827678135
S1_155190473,1,155190473,0,1,0.530569512870851,0.530569512870851
S1_155190796,1,155190796,0,1,0.524128157460791,0.524128157460791
S1_155195161,1,155195161,0,1,0.305793974250863,0.34351654827075
S1_155425751,1,155425751,0,1,0.0232084434086769,0.0232084434086769
S1_155425760,1,155425760,0,1,0.39739835133633,0.234721399374672
S1_155428248,1,155428248,0,1,0.69725307417417,0.69725307417417
S1_155639388,1,155639388,0,1,0.316200534446663,0.316200534446663
S1_155676254,1,155676254,0,1,0.210435171600512,0.480454201177428
S1_155676490,1,155676490,0,1,0.044190449740375,0.044190449740375
S1_155676670,1,155676670,0,1,0.469211680915924,0.314136150256701
S1_155677402,1,155677402,0,1,1.85162263489983,2.18688902911652
S1_155891484,1,155891484,0,1,0.083840290474366,0.22841232758328
S1_155891557,1,155891557,0,1,0.340101327092937,0.413507083478769
S1_155926921,1,155926921,0,1,0.529009069056276,0.405220842588867
S1_155926926,1,155926926,0,1,0.507974285233936,0.370564973038599
S1_155927138,1,155927138,0,1,0.967640820220672,1.26804619225647
S1_155999491,1,155999491,0,1,0.109186218334166,0.109186218334166
S1_156000210,1,156000210,0,1,0.193344859597204,0.363684455132108
S1_156207173,1,156207173,0,1,0.122525149254332,0.0568661646161258
S1_156219917,1,156219917,0,1,0.353145258707516,0.353145258707516
S1_156219998,1,156219998,0,1,0.273025557499344,0.107279933690989
S1_156220073,1,156220073,0,1,0.29697532183029,0.29697532183029
S1_156220087,1,156220087,0,1,0.364395627737544,0.219381804192226
S1_156220097,1,156220097,0,1,0.327318522338796,0.240069479115383
S1_156318377,1,156318377,0,1,1.13387227579335,0.634955185969381
S1_156488747,1,156488747,0,1,0.564912564650348,0.476831560011581
S1_156488870,1,156488870,0,1,0.504126435463554,0.721420807422427
S1_156492747,1,156492747,0,1,0.246539956409957,0.267311290975004
S1_156531202,1,156531202,0,1,0.313861113109696,0.523969782764873
S1_156531232,1,156531232,0,1,0.120336023940711,0.31199011943055
S1_156534346,1,156534346,0,1,0.685936396323725,1.01841789103401
S1_157053929,1,157053929,0,1,0.974847426381273,1.2772600663222
S1_157053938,1,157053938,0,1,1.03121140273027,0.988070092653386
S1_157056283,1,157056283,0,1,0.0663069470684222,0.0549141473309786
S1_157056374,1,157056374,0,1,0.0120313915728777,0.0629845640910066
S1_157065125,1,157065125,0,1,0.607822015203472,0.839122786234261
S1_157067904,1,157067904,0,1,0.410284435666704,0.76828862585449
S1_157067949,1,157067949,0,1,0.717949500222633,1.16237757590528
S1_157234539,1,157234539,0,1,0.572723288832737,0.572723288832737
S1_157234554,1,157234554,0,1,0.066903661461886,0.00504085596865543
S1_157236881,1,157236881,0,1,0.0895437702905234,0.0895437702905234
S1_157239188,1,157239188,0,1,1.94732518635295,1.94732518635295
S1_157239773,1,157239773,0,1,0.294496538748526,0.0470363629373053
S1_157251156,1,157251156,0,1,0.604764401136754,0.975710861445023
S1_157251218,1,157251218,0,1,0.40159473541501,0.137351721848872
S1_157528692,1,157528692,0,1,0.0865866874850054,0.0560409729290584
S1_158003265,1,158003265,0,1,1.10833287172165,1.62364114243989
S1_158003946,1,158003946,0,1,0.489239999022573,0.784546815455015
S1_158004045,1,158004045,0,1,1.04747123613793,0.699106484837908
S1_158004075,1,158004075,0,1,0.085595599061483,0.27445064601222
S1_158004261,1,158004261,0,1,0.179638315243326,0.0368755184509851
S1_158006193,1,158006193,0,1,0.528026620170522,0.531942950038548
S1_158183960,1,158183960,0,1,0.383039376251223,0.735431472950077
S1_158184005,1,158184005,0,1,1.09258086177255,1.45387722572848
S1_158184191,1,158184191,0,1,1.44349197141169,1.28225720079797
S1_158302283,1,158302283,0,1,0.107833617279156,0.294569032924646
S1_158302343,1,158302343,0,1,0.946032265826923,0.431462983865577
S1_158473819,1,158473819,0,1,0.257708491241295,0.0733401278422017
S1_158474997,1,158474997,0,1,0.209129955737751,0.364298786019305
S1_158475018,1,158475018,0,1,1.63379927038452,2.05330493014707
S1_158475034,1,158475034,0,1,1.35225660892598,1.73762837154126
S1_158475208,1,158475208,0,1,0.185961211294594,0.110461660711871
S1_158475348,1,158475348,0,1,0.366722636877859,0.42081698367099
S1_158483683,1,158483683,0,1,0.437604621666446,0.35028682154285
S1_158483765,1,158483765,0,1,0.47009414123367,0.0595946493060689
S1_158488416,1,158488416,0,1,0.271189255362134,0.271189255362134
S1_158488426,1,158488426,0,1,0.0491399492615652,0.0491399492615652
S1_158488461,1,158488461,0,1,0.274146411390493,0.395977429262248
S1_158630763,1,158630763,0,1,0.0885025285224836,0.096927500238887
S1_158630886,1,158630886,0,1,0.286314194887868,0.0120096872269738
S1_158632785,1,158632785,0,1,0.43968837423117,0.512862953309213
S1_158632858,1,158632858,0,1,0.236220551308582,0.351802660640861
S1_158632896,1,158632896,0,1,0.451196209777406,0.506333200244786
S1_158691632,1,158691632,0,1,0.233644825611846,0.22767160268438
S1_158861157,1,158861157,0,1,0.632514142998875,0.632514142998875
S1_158926888,1,158926888,0,1,0.116830372799949,0.0461742770361743
S1_159178424,1,159178424,0,1,0.309552178072022,0.330833356854295
S1_159178499,1,159178499,0,1,0.415411426852976,0.415411426852976
S1_159178647,1,159178647,0,1,0.507288455707964,0.507288455707964
S1_159542426,1,159542426,0,1,0.440602284212967,0.728213187360802
S1_159542436,1,159542436,0,1,0.759921828773887,1.20576053902421
S1_159774587,1,159774587,0,1,0.67829411803933,0.336720224724109
S1_160008827,1,160008827,0,1,0.0950548246914044,0.208130389284691
S1_160008857,1,160008857,0,1,0.313383617571078,0.418346159097445
S1_160123140,1,160123140,0,1,0.422668469069426,0.363834492895961
S1_160127779,1,160127779,0,1,0.368683910533142,0.116630063283323
S1_160127872,1,160127872,0,1,0.0084445569295176,0.0084445569295176
S1_160252815,1,160252815,0,1,0.28495464744266,0.598339621776935
S1_160359924,1,160359924,0,1,0.0512508673359169,0.0871181001046045
S1_160530894,1,160530894,0,1,0.0688716666761788,0.213737458839449
S1_160532328,1,160532328,0,1,0.319221176804992,0.319221176804992
S1_160805874,1,160805874,0,1,0.744603556536167,1.17318835060384
S1_160805880,1,160805880,0,1,0.866529185451449,1.10960610201513
S1_160810319,1,160810319,0,1,0.206126688566295,0.220894584694801
S1_160818098,1,160818098,0,1,0.60499263554439,0.0693292297821334
S1_160818122,1,160818122,0,1,0.18427697335966,0.00107046725743748
S1_160857006,1,160857006,0,1,0.171151794551115,0.0208801308130018
S1_160858091,1,160858091,0,1,0.577830982827528,0.577830982827528
S1_160858096,1,160858096,0,1,0.437906155442854,0.765305352193464
S1_160858102,1,160858102,0,1,0.0723297012189721,0.161510783143176
S1_160858112,1,160858112,0,1,0.536066323762696,0.673449602491375
S1_160858282,1,160858282,0,1,0.0933317210079529,0.288335227436705
S1_160858342,1,160858342,0,1,0.00530985451558555,0.051910720819596
S1_160858351,1,160858351,0,1,0.266682636408762,0.200370198110407
S1_160858354,1,160858354,0,1,0.293306110224951,0.464446882608397
S1_160858390,1,160858390,0,1,0.0311421510603583,0.151828654798641
S1_160948965,1,160948965,0,1,0.65541741215774,0.65541741215774
S1_160949021,1,160949021,0,1,0.458267613002193,0.076632552619721
S1_160956357,1,160956357,0,1,0.310240443446703,0.609171718097671
S1_160956409,1,160956409,0,1,0.309141402536157,0.621075508413253
S1_161025909,1,161025909,0,1,0.200505621480767,0.200505621480767
S1_161035982,1,161035982,0,1,0.489925373230017,0.82797383953751
S1_161036232,1,161036232,0,1,0.59413540968962,0.59413540968962
S1_161227955,1,161227955,0,1,0.0472224143563855,0.0526650066770679
S1_161302913,1,161302913,0,1,0.243794539126915,0.284437961844579
S1_161306509,1,161306509,0,1,0.133691925982774,0.133691925982774
S1_161306514,1,161306514,0,1,0.0111042590743287,0.0726834086433002
S1_161306714,1,161306714,0,1,0.8160290224853,0.8160290224853
S1_161306965,1,161306965,0,1,0.310530250016655,0.449606512680054
S1_161307988,1,161307988,0,1,0.367057587210293,0.489967052221777
S1_161308174,1,161308174,0,1,0.198472444948846,0.257339203929974
S1_161408399,1,161408399,0,1,0.509041057356524,0.853438965393211
S1_161408518,1,161408518,0,1,0.710773107914407,0.87983930342428
S1_161408521,1,161408521,0,1,0.204338528434305,0.204338528434305
S1_161534037,1,161534037,0,1,0.394144715997292,0.424427500024696
S1_161534103,1,161534103,0,1,0.516550716066311,0.516550716066311
S1_161534638,1,161534638,0,1,0.213734626049953,0.213734626049953
S1_161534661,1,161534661,0,1,0.384917111053174,0.156511675127726
S1_161615778,1,161615778,0,1,0.400375350676842,0.400375350676842
S1_161616254,1,161616254,0,1,0.829790970910895,0.829790970910895
S1_161617710,1,161617710,0,1,0.232954168663706,0.123364541056874
S1_161681469,1,161681469,0,1,1.05665288236425,1.44635443944662
S1_161682228,1,161682228,0,1,0.0550654417223884,0.118112821045854
S1_161682249,1,161682249,0,1,0.300127607973368,0.173084015225339
S1_161682373,1,161682373,0,1,0.714539782873446,1.07288636687559
S1_161682437,1,161682437,0,1,0.212164737154242,0.212164737154242
S1_161683211,1,161683211,0,1,0.235852377289791,0.115943611546758
S1_161683257,1,161683257,0,1,0.379500942264368,0.421840385229129
S1_161707949,1,161707949,0,1,0.0467063413707252,0.0467063413707252
S1_161708149,1,161708149,0,1,0.349206618950309,0.0674635304094841
S1_161708156,1,161708156,0,1,0.819254451029327,0.0134305962095379
S1_161708176,1,161708176,0,1,0.977001425671149,0.999059214919895
S1_161708598,1,161708598,0,1,0.819330233508156,0.496117571088239
S1_161708806,1,161708806,0,1,0.0678926205124255,0.123391754707384
S1_161991560,1,161991560,0,1,1.25011728698294,1.25011728698294
S1_162080961,1,162080961,0,1,0.0508901501412292,0.0559978271009942
S1_162103900,1,162103900,0,1,0.301106756921801,0.351722990577404
S1_162103904,1,162103904,0,1,0.554833675201451,0.277753512328808
S1_162104251,1,162104251,0,1,0.31451922921708,0.637441669357557
S1_162136474,1,162136474,0,1,0.753051806100578,0.753051806100578
S1_162137043,1,162137043,0,1,0.427692622563142,0.741490934554902
S1_162137055,1,162137055,0,1,0.326931019241376,0.431889263677481
S1_162159651,1,162159651,0,1,0.0441730784408184,0.00522009865932837
S1_162159662,1,162159662,0,1,1.02980143290054,0.236766631984605
S1_162159891,1,162159891,0,1,0.163265735224664,0.379036505858426
S1_162159917,1,162159917,0,1,0.239843994830311,0.240051899962739
S1_162160363,1,162160363,0,1,0.0631795975067738,0.133872562199005
S1_162160376,1,162160376,0,1,0.663749716640385,0.14267348783601
S1_162160469,1,162160469,0,1,0.482302489098067,0.482302489098067
S1_162160502,1,162160502,0,1,0.512707554656171,0.543199514011625
S1_162160556,1,162160556,0,1,0.15853197458731,0.15853197458731
S1_162160586,1,162160586,0,1,0.0394998915759944,0.0394998915759944
S1_162166183,1,162166183,0,1,0.379073501581682,0.379073501581682
S1_162166232,1,162166232,0,1,0.265010111067392,0.0419240539965095
S1_162166240,1,162166240,0,1,0.173187012964293,0.173187012964293
S1_162266538,1,162266538,0,1,0.195047159650853,0.0966123981089916
S1_162266591,1,162266591,0,1,0.322538246142087,0.184380721846109
S1_162266816,1,162266816,0,1,0.00423077110075428,0.05113332966361
S1_162269174,1,162269174,0,1,0.00290230247448564,0.00290230247448564
S1_162351521,1,162351521,0,1,0.137105286261944,0.137105286261944
S1_162408220,1,162408220,0,1,0.329826339975543,0.117872014658702
S1_162427665,1,162427665,0,1,0.755729683127368,1.0629781187967
S1_162427671,1,162427671,0,1,0.268823580785607,0.167698362630661
S1_162427705,1,162427705,0,1,1.33922544149104,1.50249486284763
S1_162428190,1,162428190,0,1,1.00204344273737,1.20773363598556
S1_162428292,1,162428292,0,1,0.0873544344167527,0.0258565770774785
S1_162432638,1,162432638,0,1,1.21471253992355,1.51549412761657
S1_162432648,1,162432648,0,1,0.213652079344145,0.107806072939661
S1_162463833,1,162463833,0,1,0.266224555746174,0.416867670357455
S1_162466849,1,162466849,0,1,0.0540108991232524,0.0751786827302499
S1_162467271,1,162467271,0,1,0.694093708831336,0.396470356730265
S1_162467434,1,162467434,0,1,0.284958520441728,0.540808170935156
S1_162467444,1,162467444,0,1,0.125811710446808,0.116778111207092
S1_162467547,1,162467547,0,1,1.25149874424797,0.48008199810681
S1_162467592,1,162467592,0,1,0.766840063792164,0.375600476132687
S1_162501513,1,162501513,0,1,0.197792446808771,0.274065559944674
S1_162586471,1,162586471,0,1,1.0895731696976,1.40205409519357
S1_163006680,1,163006680,0,1,0.22087997639126,0.22087997639126
S1_163006691,1,163006691,0,1,0.248907447658491,0.248907447658491
S1_163006719,1,163006719,0,1,0.370635868502391,0.370635868502391
S1_163127709,1,163127709,0,1,0.845736406293786,1.31633682443003
S1_163127739,1,163127739,0,1,NA,NA
S1_163154522,1,163154522,0,1,1.08481913646191,0.674345324467269
S1_163388478,1,163388478,0,1,0.228743151031668,0.084181104498282
S1_163723816,1,163723816,0,1,0.354153950717167,0.574049354950519
S1_163723833,1,163723833,0,1,0.198205552073056,0.198205552073056
S1_163723844,1,163723844,0,1,1.00199135757528,1.00199135757528
S1_163955112,1,163955112,0,1,0.198973642507236,0.0696808723271875
S1_164036706,1,164036706,0,1,0.175102818591091,0.431430348303156
S1_164036748,1,164036748,0,1,0.0636740789083714,0.229166957555843
S1_164036824,1,164036824,0,1,0.598545533768157,0.621613431855332
S1_164036904,1,164036904,0,1,0.090397115904294,0.090397115904294
S1_164036926,1,164036926,0,1,0.301908180354593,0.0586438788259562
S1_164085190,1,164085190,0,1,0.473120646427919,0.48656358262589
S1_164087524,1,164087524,0,1,0.172904588515933,0.0321741721005332
S1_164087616,1,164087616,0,1,1.0559758096409,1.31547070769883
S1_164089270,1,164089270,0,1,0.136493527493198,0.367170108352748
S1_164089313,1,164089313,0,1,0.0546537825691401,0.0874737476026034
S1_164090551,1,164090551,0,1,0.116416550527884,0.123545641744175
S1_164090599,1,164090599,0,1,0.285491118459331,0.290272163694645
S1_164090748,1,164090748,0,1,0.194567567969214,0.452185804358056
S1_164091041,1,164091041,0,1,0.0570251188248669,0.00682599440362543
S1_164091044,1,164091044,0,1,0.479410536127809,0.826291732176246
S1_164091080,1,164091080,0,1,0.157373255309514,0.172380594356999
S1_164271293,1,164271293,0,1,0.0588562829349121,0.15707846198609
S1_164271308,1,164271308,0,1,0.133844739809697,0.328708477693385
S1_164271447,1,164271447,0,1,0.300721021106238,0.621721956033314
S1_164271458,1,164271458,0,1,0.230634177886402,0.518977736083939
S1_164271610,1,164271610,0,1,0.321427525276452,0.624087178384854
S1_164369145,1,164369145,0,1,0.214100741045918,0.0872349434109326
S1_164369597,1,164369597,0,1,0.0491856434787609,0.0691889241412113
S1_164369620,1,164369620,0,1,0.159733193249452,0.345613996482061
S1_164369630,1,164369630,0,1,0.185718217404616,0.187652005684133
S1_164370274,1,164370274,0,1,0.455323027797531,0.202464488829531
S1_164370306,1,164370306,0,1,0.601329400440727,0.494917017198987
S1_164370587,1,164370587,0,1,0.346139638265431,0.528171747272818
S1_164371029,1,164371029,0,1,0.66005777995321,0.66005777995321
S1_164371032,1,164371032,0,1,0.376237528691956,0.396250953916177
S1_164371796,1,164371796,0,1,0.344796417788719,0.527689572505895
S1_164373821,1,164373821,0,1,0.376497392253523,0.566423350724164
S1_164373827,1,164373827,0,1,0.141837010299987,0.16224862128167
S1_164373844,1,164373844,0,1,0.326981454930032,0.429632900323166
S1_164374709,1,164374709,0,1,0.194706439076799,0.107735760256236
S1_164374748,1,164374748,0,1,0.413719829588863,0.604292989936084
S1_164490960,1,164490960,0,1,0.0473730211283399,0.0291489584119263
S1_164491097,1,164491097,0,1,0.398221848916725,0.672125571786375
S1_164491166,1,164491166,0,1,0.167985812319063,0.167985812319063
S1_164493427,1,164493427,0,1,0.76265504315101,0.807794233735072
S1_164493477,1,164493477,0,1,0.0488865815485912,0.127575541692449
S1_164493502,1,164493502,0,1,0.150048814321075,0.367577217254565
S1_164504378,1,164504378,0,1,0.168571605021498,0.034938209639598
S1_164504507,1,164504507,0,1,0.136173191058088,0.329409804837009
S1_164504521,1,164504521,0,1,0.631807102221713,0.0925856549205783
S1_164504776,1,164504776,0,1,0.0876610501314574,0.0600070285083257
S1_164504777,1,164504777,0,1,0.080068535614783,0.0126100109652543
S1_164504811,1,164504811,0,1,0.0791365362923102,0.00429134138938184
S1_164509067,1,164509067,0,1,0.244649830706271,0.0707654798577115
S1_164509072,1,164509072,0,1,0.0237699226644531,0.0630862146854003
S1_164509074,1,164509074,0,1,0.0285909347365984,0.0354986525921026
S1_164509114,1,164509114,0,1,0.12599509172267,0.12599509172267
S1_164509126,1,164509126,0,1,0.153974060580368,0.354691406770744
S1_164509226,1,164509226,0,1,0.0627837856559171,0.163221060803275
S1_164509242,1,164509242,0,1,0.112034899681697,0.112034899681697
S1_164509766,1,164509766,0,1,1.6282006715392,1.93466181496029
S1_164516400,1,164516400,0,1,0.241238105516708,0.173250235247538
S1_164555563,1,164555563,0,1,0.478712554982744,0.851816693917712
S1_164557130,1,164557130,0,1,0.290398095320995,0.290398095320995
S1_164628745,1,164628745,0,1,0.988355542020934,1.44384961932645
S1_164629208,1,164629208,0,1,0.774280852195255,1.21360033533205
S1_164629343,1,164629343,0,1,0.324036272436994,0.651165871593087
S1_164629458,1,164629458,0,1,0.306428583285732,0.54654442248342
S1_164629632,1,164629632,0,1,0.0390386729934861,0.105471173394097
S1_164639070,1,164639070,0,1,0.347516763916182,0.285899961975226
S1_164645430,1,164645430,0,1,0.551709730709812,0.425096360042116
S1_164645433,1,164645433,0,1,0.0537479791167658,0.000243397444231509
S1_164864925,1,164864925,0,1,0.292863480728858,0.562633897991976
S1_164942298,1,164942298,0,1,0.253071015832782,0.44600819518593
S1_164942343,1,164942343,0,1,0.303918436640089,0.527801802948632
S1_164949555,1,164949555,0,1,0.0818436387954622,0.205358950258446
S1_164950053,1,164950053,0,1,0.114777838870579,0.114777838870579
S1_164951534,1,164951534,0,1,0.38968336231105,0.637218848761473
S1_164951729,1,164951729,0,1,1.18851702522192,1.58194202421672
S1_164951739,1,164951739,0,1,0.0788472363960885,0.0315270162471568
S1_164956112,1,164956112,0,1,0.238181969136633,0.0108394209876319
S1_165068893,1,165068893,0,1,0.0505771509964826,0.186601675746187
S1_165069478,1,165069478,0,1,0.02519975342636,0.0278261824290764
S1_165073956,1,165073956,0,1,0.0732667242989918,0.0283579047941334
S1_165075615,1,165075615,0,1,0.406330791079604,0.41187257308576
S1_165136111,1,165136111,0,1,0.220024229230311,0.375539227498716
S1_165204740,1,165204740,0,1,0.123412571310426,0.323279728917649
S1_165404690,1,165404690,0,1,0.783658816935629,0.783658816935629
S1_165404737,1,165404737,0,1,0.116038244180733,0.328170728269295
S1_165406632,1,165406632,0,1,0.506573885439306,0.760573667544936
S1_165410276,1,165410276,0,1,0.198053327968672,0.358019829655999
S1_165410608,1,165410608,0,1,0.118366016053846,0.118366016053846
S1_165410651,1,165410651,0,1,0.192151421153422,0.071377206862898
S1_165410654,1,165410654,0,1,0.494289226344221,0.88181273321332
S1_165619780,1,165619780,0,1,0.138393307105939,0.33587754268447
S1_165965220,1,165965220,0,1,0.153317112837656,0.288701456223584
S1_165965256,1,165965256,0,1,0.322676361340651,0.381372257715397
S1_165969004,1,165969004,0,1,0.0604050558159868,0.0604050558159868
S1_165993400,1,165993400,0,1,0.279675316554896,0.0456842528769758
S1_165993426,1,165993426,0,1,0.285232272049523,0.087551423514339
S1_165993456,1,165993456,0,1,0.114915527888293,0.0416292571066208
S1_166060334,1,166060334,0,1,0.380288114385699,0.455661225600241
S1_166060563,1,166060563,0,1,0.935088936889485,1.41170892685099
S1_166060564,1,166060564,0,1,0.785047265167789,0.954261921426055
S1_166060710,1,166060710,0,1,0.10727575078181,0.10727575078181
S1_166060731,1,166060731,0,1,0.0524480803058653,0.0524480803058653
S1_166060867,1,166060867,0,1,0.802665718335824,0.944969092579298
S1_166317391,1,166317391,0,1,0.7310958903413,0.7310958903413
S1_166317439,1,166317439,0,1,0.0580493848377238,0.204592798995372
S1_166318988,1,166318988,0,1,0.964929293722347,1.19312517838807
S1_166667432,1,166667432,0,1,0.939570596286802,1.12301569068142
S1_166668026,1,166668026,0,1,1.43385330516326,1.78952174404451
S1_166668066,1,166668066,0,1,0.341034019254164,0.534092883379573
S1_166712285,1,166712285,0,1,0.398870031647147,0.603081066711015
S1_166713546,1,166713546,0,1,0.0545695615351345,0.0545695615351345
S1_166767095,1,166767095,0,1,0.109385610072413,0.17060782444341
S1_166767122,1,166767122,0,1,0.54166063652774,0.817682111941752
S1_166767212,1,166767212,0,1,0.296797744205942,0.296797744205942
S1_166767257,1,166767257,0,1,0.62143509079834,0.734747344065664
S1_166767334,1,166767334,0,1,0.284188230689457,0.56534142814314
S1_166801333,1,166801333,0,1,0.295710694250148,0.613853439259974
S1_166801341,1,166801341,0,1,0.00746839885520405,0.0133416123808562
S1_166801364,1,166801364,0,1,1.11458015222997,1.11458015222997
S1_166801727,1,166801727,0,1,0.151606972233177,0.0900648941988188
S1_166805138,1,166805138,0,1,0.80827137089138,0.817707904261909
S1_166808493,1,166808493,0,1,0.134204536122821,0.251789169876698
S1_166836961,1,166836961,0,1,0.195743933482199,0.201656286142341
S1_166836966,1,166836966,0,1,0.195743933482199,0.201656286142341
S1_166863309,1,166863309,0,1,0.173663616354127,0.386111542163527
S1_166863840,1,166863840,0,1,1.22704386182398,0.298887530203492
S1_166863868,1,166863868,0,1,NA,NA
S1_166924815,1,166924815,0,1,0.127343687444487,0.127343687444487
S1_166925190,1,166925190,0,1,0.580652688678713,0.187528498274154
S1_166926528,1,166926528,0,1,0.365453483811314,0.598409942753334
S1_166928523,1,166928523,0,1,0.186050751455026,0.0246506863290616
S1_166962923,1,166962923,0,1,0.252222335195154,0.453448802719196
S1_167001260,1,167001260,0,1,0.0594095199859355,0.067769583040223
S1_167030028,1,167030028,0,1,0.208389209583635,0.0429746815490347
S1_167198103,1,167198103,0,1,0.0566954234466408,0.15341757091534
S1_167519399,1,167519399,0,1,1.05057587189806,1.36604340459646
S1_167595857,1,167595857,0,1,0.11551925071886,0.11551925071886
S1_167595866,1,167595866,0,1,0.0575000473073083,0.0575000473073083
S1_167776944,1,167776944,0,1,0.515070025841015,0.538691454102599
S1_167856532,1,167856532,0,1,0.0130254861950887,0.0932842296681459
S1_167864504,1,167864504,0,1,0.165872704057121,0.0527248506313908
S1_167889728,1,167889728,0,1,0.41173243709605,0.339300901307327
S1_167889739,1,167889739,0,1,1.54671594669273,1.54671594669273
S1_167890166,1,167890166,0,1,0.360675543437043,0.636363083658955
S1_167890213,1,167890213,0,1,0.673529060410054,1.10500772152231
S1_167896501,1,167896501,0,1,0.103807744532246,0.239735183058756
S1_167896676,1,167896676,0,1,0.610435805540148,0.610435805540148
S1_167897496,1,167897496,0,1,0.255226272015688,0.335823762779183
S1_167897734,1,167897734,0,1,0.104854307707945,0.297329987069306
S1_167897786,1,167897786,0,1,0.395415893600704,0.585522730193428
S1_167898074,1,167898074,0,1,0.246038552774212,0.246038552774212
S1_168415551,1,168415551,0,1,0.323245179279436,0.652171852839358
S1_168415752,1,168415752,0,1,0.0490378574741845,0.110018571743275
S1_168428099,1,168428099,0,1,1.25522798903875,0.999460275312831
S1_168431469,1,168431469,0,1,0.810906444619258,0.965624285809307
S1_168431484,1,168431484,0,1,0.607441490570722,0.607441490570722
S1_168431489,1,168431489,0,1,0.382994924757178,0.382994924757178
S1_168431783,1,168431783,0,1,0.116689601598634,0.226999729899592
S1_168432624,1,168432624,0,1,0.207543901708862,0.197632825838618
S1_168600551,1,168600551,0,1,0.0104860460139257,0.0104860460139257
S1_168600562,1,168600562,0,1,0.0348489788295217,0.0348489788295217
S1_168640680,1,168640680,0,1,0.0793639595512921,0.195405945967683
S1_168693295,1,168693295,0,1,0.913598948596865,1.12883797079764
S1_168693677,1,168693677,0,1,1.23282067355591,1.36353697961975
S1_168694850,1,168694850,0,1,0.12825301909872,0.20981525994765
S1_169984811,1,169984811,0,1,0.0952171287018192,0.290001046611672
S1_169984826,1,169984826,0,1,1.79043254784513,2.13774885553164
S1_169984914,1,169984914,0,1,1.66634203953499,2.25302560415766
S1_170188089,1,170188089,0,1,0.085339314971108,0.26884024441883
S1_170188128,1,170188128,0,1,0.933055729671136,1.28358363914283
S1_170309882,1,170309882,0,1,0.0309464751793243,0.00639290988009544
S1_170473044,1,170473044,0,1,NA,NA
S1_170475028,1,170475028,0,1,0.282011362061692,0.372834833560956
S1_170475990,1,170475990,0,1,1.20915058022413,1.4736106255383
S1_170476057,1,170476057,0,1,0.342644717656236,0.525529742809969
S1_170476414,1,170476414,0,1,0.284548421568109,0.566743955094205
S1_170476432,1,170476432,0,1,0.433865485324208,0.606190131384769
S1_170476442,1,170476442,0,1,0.836021262902982,1.00953799505322
S1_170535914,1,170535914,0,1,0.147085860745273,0.29528826992158
S1_170535952,1,170535952,0,1,0.185510411150704,0.00658777949305375
S1_170536050,1,170536050,0,1,1.48205606035069,1.58077861973302
S1_170536057,1,170536057,0,1,0.533791117772106,0.623299716123254
S1_170570084,1,170570084,0,1,0.849289725704261,0.317376220493632
S1_170574040,1,170574040,0,1,0.294238500758823,0.459190720533252
S1_170574485,1,170574485,0,1,0.399839471484329,0.216883275451127
S1_170574506,1,170574506,0,1,0.994422706431048,0.871760999779177
S1_170577574,1,170577574,0,1,0.161542014515944,0.161542014515944
S1_170577604,1,170577604,0,1,2.143484365838,2.143484365838
S1_170577637,1,170577637,0,1,0.288014795918652,0.0939017449752567
S1_170578403,1,170578403,0,1,2.62150525405303,2.97889586488615
S1_170671529,1,170671529,0,1,0.0842361153834504,0.122067205512388
S1_170673524,1,170673524,0,1,0.58305025730396,0.554153108931301
S1_170717264,1,170717264,0,1,0.0576352271176782,0.0707278132307252
S1_170717282,1,170717282,0,1,0.13881634805726,0.343474243508757
S1_170717400,1,170717400,0,1,0.12555831622591,0.12555831622591
S1_170717491,1,170717491,0,1,0.0644869894156557,0.0988965984588996
S1_170823863,1,170823863,0,1,0.318867530556473,0.626649095589229
S1_170823864,1,170823864,0,1,0.232544667264534,0.381556950896309
S1_170824029,1,170824029,0,1,0.220937868566001,0.220937868566001
S1_170825301,1,170825301,0,1,0.160893057444836,0.0127910590744183
S1_170825311,1,170825311,0,1,0.276163733362209,0.276163733362209
S1_170848478,1,170848478,0,1,0.35632240964791,0.220444765442144
S1_170848550,1,170848550,0,1,0.640609848075925,1.03844489509246
S1_170848691,1,170848691,0,1,0.465268602755961,0.465268602755961
S1_170848735,1,170848735,0,1,0.362183858684732,0.362183858684732
S1_170849196,1,170849196,0,1,0.243794076003153,0.504175797259674
S1_170849358,1,170849358,0,1,0.732700029735858,1.17674821683717
S1_170960108,1,170960108,0,1,0.146119892092703,0.186601097543145
S1_170960312,1,170960312,0,1,0.126524140760626,0.336681796760062
S1_170960376,1,170960376,0,1,0.620076404519947,0.916848061959902
S1_170961872,1,170961872,0,1,0.217383080687956,0.192489025242963
S1_170961892,1,170961892,0,1,0.164485286817804,0.0107982654956371
S1_170965690,1,170965690,0,1,1.08446632607241,1.03027085003111
S1_170965735,1,170965735,0,1,0.0692676859422363,0.19474511400489
S1_170965774,1,170965774,0,1,0.313967894562205,0.63914994894555
S1_171057470,1,171057470,0,1,0.132170166616074,0.318578316249395
S1_171062436,1,171062436,0,1,0.0173093910615334,0.0303398355969898
S1_171271730,1,171271730,0,1,0.528065830084222,0.528065830084222
S1_171490146,1,171490146,0,1,1.01177503236753,1.49839323146831
S1_171534939,1,171534939,0,1,0.254621750120314,0.529948208914074
S1_171740910,1,171740910,0,1,0.354245784884648,0.354245784884648
S1_172018773,1,172018773,0,1,0.200552561938044,0.0226648479606502
S1_172021832,1,172021832,0,1,1.32174570403872,1.67508164533716
S1_172118590,1,172118590,0,1,1.3700596336166,1.69310899443466
S1_172120474,1,172120474,0,1,0.204842062528912,0.0773670647041768
S1_172120849,1,172120849,0,1,0.147099122646582,0.265722274921503
S1_172120851,1,172120851,0,1,0.502586569782538,0.564230266960706
S1_172120932,1,172120932,0,1,0.30922845460849,0.628455799997027
S1_172189887,1,172189887,0,1,1.06224435637678,1.31077413051816
S1_172189888,1,172189888,0,1,1.3125221571628,1.76266409349205
S1_172189890,1,172189890,0,1,1.18261830386,1.18261830386
S1_172190706,1,172190706,0,1,0.253050487856028,0.510633794876371
S1_172191164,1,172191164,0,1,0.373232135399184,0.679755994801277
S1_172191166,1,172191166,0,1,0.148324556361173,0.364898705783734
S1_172281822,1,172281822,0,1,0.717734654869274,0.717734654869274
S1_172780639,1,172780639,0,1,NA,NA
S1_172780759,1,172780759,0,1,0.800213356571473,1.03293691810453
S1_172807472,1,172807472,0,1,0.0956010166642241,0.0152771781222604
S1_172815351,1,172815351,0,1,0.339569539135184,0.675424919078498
S1_172818210,1,172818210,0,1,0.0112107252056803,0.038593901522158
S1_172819971,1,172819971,0,1,0.680988527168338,0.680988527168338
S1_172875518,1,172875518,0,1,0.244350870762902,0.22125138508313
S1_172875608,1,172875608,0,1,0.53421611416778,0.884810502793059
S1_172880466,1,172880466,0,1,1.07461357150524,1.51417011282158
S1_172880688,1,172880688,0,1,0.325350985129981,0.325350985129981
S1_172899094,1,172899094,0,1,1.74758652905535,2.3200481849109
S1_172918624,1,172918624,0,1,0.185561666637965,0.0940404517898083
S1_172940661,1,172940661,0,1,0.212639165899604,0.410654397459094
S1_172941242,1,172941242,0,1,0.0629006665207759,0.143874366404869
S1_172947954,1,172947954,0,1,0.108769648362263,0.272257404188741
S1_173144548,1,173144548,0,1,0.641080754735904,0.641080754735904
S1_173144609,1,173144609,0,1,0.989692065003357,1.00301629018042
S1_173144644,1,173144644,0,1,0.820117594585543,0.803885472473035
S1_173144720,1,173144720,0,1,0.188900462163229,0.349206753034876
S1_173212757,1,173212757,0,1,0.197664314416646,0.308662503780181
S1_173217055,1,173217055,0,1,0.490602380960985,0.855145580817043
S1_173225112,1,173225112,0,1,0.414147198387062,0.322679251977378
S1_173225137,1,173225137,0,1,0.344846000627117,0.344846000627117
S1_173225197,1,173225197,0,1,0.419769307429266,0.344733354547205
S1_173225218,1,173225218,0,1,2.2777255034436,2.90865660006249
S1_173226654,1,173226654,0,1,0.0031644354792925,0.0432448589445519
S1_173226670,1,173226670,0,1,1.50903418678724,2.07033674415236
S1_173234175,1,173234175,0,1,0.0753975187746901,0.214787460394598
S1_173234181,1,173234181,0,1,0.0356515384631797,0.0985412793822005
S1_173234223,1,173234223,0,1,0.421323879632307,0.777660205873774
S1_173234239,1,173234239,0,1,0.568359721182334,0.596354607502756
S1_173234282,1,173234282,0,1,0.345161870559945,0.587999553981519
S1_173234297,1,173234297,0,1,0.173623504404726,0.173623504404726
S1_173234347,1,173234347,0,1,0.075202777571403,0.229104357910969
S1_173237297,1,173237297,0,1,0.534567097331444,0.929159117517822
S1_173237983,1,173237983,0,1,0.0336859326326425,0.0760018438077125
S1_173238805,1,173238805,0,1,0.118809794949821,0.0678550455556712
S1_173238916,1,173238916,0,1,0.363232808050192,0.363232808050192
S1_173314585,1,173314585,0,1,0.277319184669443,0.0420447181852394
S1_173314591,1,173314591,0,1,0.508807394434156,0.487845802551924
S1_173321693,1,173321693,0,1,0.0853768935785705,0.0210289345813337
S1_173415995,1,173415995,0,1,0.346306519310786,0.361058943991065
S1_173422594,1,173422594,0,1,0.559407647813564,0.408238176794816
S1_173423064,1,173423064,0,1,0.603101735486216,0.195160042514109
S1_173423092,1,173423092,0,1,0.885117682949504,1.32086313244724
S1_173423618,1,173423618,0,1,0.385664431545588,0.33480641233832
S1_173654738,1,173654738,0,1,0.0261931017366593,0.105968573067448
S1_173654907,1,173654907,0,1,0.0835408153500123,0.185259207583043
S1_173681355,1,173681355,0,1,1.54758440008191,2.11399482491691
S1_173681559,1,173681559,0,1,0.176068919754309,0.0384972160966677
S1_173846065,1,173846065,0,1,0.149950491731393,0.149950491731393
S1_173847295,1,173847295,0,1,0.0476599351879168,0.181641748667627
S1_173847301,1,173847301,0,1,0.208398060862367,0.441591467176045
S1_173991765,1,173991765,0,1,1.14524094240204,1.14524094240204
S1_173992422,1,173992422,0,1,0.829189402368432,0.829189402368432
S1_173993221,1,173993221,0,1,0.0931990202481878,0.152265454293978
S1_173996205,1,173996205,0,1,0.28272683429575,0.58714740166688
S1_174002698,1,174002698,0,1,0.842214096184355,0.842214096184355
S1_174003058,1,174003058,0,1,0.548511407445175,0.667572193002535
S1_174005478,1,174005478,0,1,0.164494873165792,0.342484979406442
S1_174005521,1,174005521,0,1,0.350980597466355,0.276919822226248
S1_174007751,1,174007751,0,1,0.302711217030816,0.0627781885937038
S1_174007805,1,174007805,0,1,0.492688691733845,0.492688691733845
S1_174008169,1,174008169,0,1,0.357923672023479,0.072792452876112
S1_174031172,1,174031172,0,1,0.472268752961375,0.472268752961375
S1_174172819,1,174172819,0,1,0.263510738641434,0.312805279880195
S1_174217981,1,174217981,0,1,0.298290574533786,0.423768456786978
S1_174218096,1,174218096,0,1,0.537490630586981,0.553290999300379
S1_174218110,1,174218110,0,1,0.517601435695526,0.480864197070183
S1_174219748,1,174219748,0,1,0.0239272090820189,0.0702840259522178
S1_174224798,1,174224798,0,1,0.247727922574189,0.503194189116219
S1_174227874,1,174227874,0,1,0.059427661881548,0.21891819450551
S1_174227898,1,174227898,0,1,0.157619359720655,0.386169196059072
S1_174227979,1,174227979,0,1,0.143351593124404,0.283541875844911
S1_174228672,1,174228672,0,1,0.0706321920858141,0.212020564788879
S1_174228840,1,174228840,0,1,0.542983708272304,0.742455646562403
S1_174280376,1,174280376,0,1,0.234112746422756,0.195267325005774
S1_174280388,1,174280388,0,1,0.245765723927486,0.438925189598897
S1_174280402,1,174280402,0,1,0.183384436485617,0.330521592886368
S1_174280409,1,174280409,0,1,0.406367910987599,0.175356673057868
S1_174280410,1,174280410,0,1,0.040305397745864,0.119550510042438
S1_174280413,1,174280413,0,1,0.17875751206628,0.209385289852182
S1_174281400,1,174281400,0,1,0.652995487793403,0.69649403127342
S1_174284218,1,174284218,0,1,0.0419086968355983,0.180155877072716
S1_174294375,1,174294375,0,1,0.225385500959817,0.288494365608046
S1_174294432,1,174294432,0,1,0.183244851565921,0.0369292854131451
S1_174294823,1,174294823,0,1,0.612968194242263,0.612968194242263
S1_174313868,1,174313868,0,1,0.278424511311503,0.0615389950643787
S1_174373921,1,174373921,0,1,0.224130689382552,0.47045862766802
S1_174373927,1,174373927,0,1,1.71142296450433,2.17526712958288
S1_174374066,1,174374066,0,1,0.588825169684374,0.588825169684374
S1_174374270,1,174374270,0,1,0.487217523525086,0.487217523525086
S1_174374479,1,174374479,0,1,2.54776093883585,0.597379224868251
S1_174374480,1,174374480,0,1,0.739434043802226,0.198546209325761
S1_174375607,1,174375607,0,1,0.230293142863595,0.453266910789665
S1_174515764,1,174515764,0,1,1.3008052298152,1.67268723704598
S1_174515769,1,174515769,0,1,0.358126998055738,0.574034575446019
S1_174515906,1,174515906,0,1,0.551841378467722,0.162711932246206
S1_174515921,1,174515921,0,1,0.481574845634666,0.0449508353667725
S1_174525702,1,174525702,0,1,0.559174329228307,0.665061424318782
S1_174525734,1,174525734,0,1,0.0432299380516951,0.145718613562994
S1_174526356,1,174526356,0,1,0.954449186489706,0.954449186489706
S1_174527703,1,174527703,0,1,0.114139082610581,0.114139082610581
S1_174532118,1,174532118,0,1,0.308738523147949,0.0740379065517215
S1_174542650,1,174542650,0,1,0.961244070074034,0.961244070074034
S1_174562392,1,174562392,0,1,0.002299614808873,0.0247064589207507
S1_174562416,1,174562416,0,1,0.0880015475672504,0.210616183775344
S1_174562490,1,174562490,0,1,0.258314145195113,0.236256942747955
S1_174634916,1,174634916,0,1,0.318230918379193,0.176279627905971
S1_174637844,1,174637844,0,1,0.972561734687498,0.972561734687498
S1_174637885,1,174637885,0,1,1.9864739142382,1.9864739142382
S1_174642274,1,174642274,0,1,0.261114286692167,0.213638124883072
S1_174644987,1,174644987,0,1,0.0630982473487261,0.0398599264642295
S1_174644999,1,174644999,0,1,0.0526745246076202,0.183557148563132
S1_174669769,1,174669769,0,1,0.443148840724369,0.141579717380293
S1_174672950,1,174672950,0,1,0.0336327924707561,0.148692210128997
S1_174672982,1,174672982,0,1,0.602951079390503,1.01340530350806
S1_174846118,1,174846118,0,1,0.172759526592292,0.043379597478563
S1_174846151,1,174846151,0,1,0.202804195284637,0.47308616125068
S1_174846252,1,174846252,0,1,0.221080292013071,0.144108331958643
S1_174996646,1,174996646,0,1,0.0422711645332743,0.155985601541991
S1_174996714,1,174996714,0,1,0.0810103882751134,0.155715580998604
S1_174996897,1,174996897,0,1,0.00112621337856636,0.0148189082435064
S1_174996924,1,174996924,0,1,0.0824000832155171,0.0302414944822149
S1_175165413,1,175165413,0,1,0.338562199937543,0.594010354041
S1_175165843,1,175165843,0,1,0.581398560741201,0.581398560741201
S1_175293176,1,175293176,0,1,0.356682624314619,0.356682624314619
S1_175294864,1,175294864,0,1,0.23478141002246,0.5153223141204
S1_175294870,1,175294870,0,1,0.0523493851577421,0.0101979868582837
S1_175294973,1,175294973,0,1,0.0901582529653456,0.284530936992845
S1_175295040,1,175295040,0,1,0.139084116317491,0.139084116317491
S1_175295627,1,175295627,0,1,0.256378412846012,0.515808301807446
S1_175295826,1,175295826,0,1,0.8795039231409,0.166360861449216
S1_175295883,1,175295883,0,1,0.10110293887792,0.108944468280354
S1_175296022,1,175296022,0,1,0.0477313391652784,0.155016652231945
S1_175296040,1,175296040,0,1,0.483442697849498,0.865530874972756
S1_175296069,1,175296069,0,1,0.35251609479651,0.690613747246388
S1_175296355,1,175296355,0,1,0.0440486326097991,0.0279606672750708
S1_175566171,1,175566171,0,1,0.00975200864407258,0.0699774891959054
S1_175632542,1,175632542,0,1,0.718517820197885,1.08545196556057
S1_175632625,1,175632625,0,1,0.0688741513594495,0.120096463806153
S1_175638143,1,175638143,0,1,0.327098494078082,0.327098494078082
S1_175645072,1,175645072,0,1,0.425547309130437,0.789133427777595
S1_175655223,1,175655223,0,1,0.0520775896717815,0.0494916545488783
S1_175867690,1,175867690,0,1,0.0819946878325774,0.0819946878325774
S1_175867702,1,175867702,0,1,0.985530644485896,0.985530644485896
S1_175867706,1,175867706,0,1,1.17366615821349,1.59485111677978
S1_175867768,1,175867768,0,1,1.38432520494144,1.38432520494144
S1_175894688,1,175894688,0,1,0.131422306975045,0.131422306975045
S1_175894719,1,175894719,0,1,0.237924641979429,0.237924641979429
S1_175897688,1,175897688,0,1,0.703577536432753,0.910839242348417
S1_175897748,1,175897748,0,1,0.433358916911099,0.377828802004512
S1_176053311,1,176053311,0,1,0.704314641099189,0.899984365159032
S1_176054390,1,176054390,0,1,0.777419661529876,0.777419661529876
S1_176054406,1,176054406,0,1,0.979432606898731,1.41495454726221
S1_176054438,1,176054438,0,1,0.29726822258471,0.29726822258471
S1_176058331,1,176058331,0,1,0.930259908289199,0.710424378454036
S1_176059022,1,176059022,0,1,0.546034395524547,0.234120413925957
S1_176063081,1,176063081,0,1,0.0632506567096738,0.0541205070585676
S1_176063209,1,176063209,0,1,0.581587963250963,0.960053568603884
S1_176066483,1,176066483,0,1,0.532325307628535,0.896972772120503
S1_176757268,1,176757268,0,1,0.000495993748413682,0.0110835424861875
S1_176758468,1,176758468,0,1,0.912950743074623,0.912950743074623
S1_176758700,1,176758700,0,1,0.777384313526566,0.777384313526566
S1_176840572,1,176840572,0,1,0.579574033939407,0.887839898081264
S1_176841642,1,176841642,0,1,0.546119780188667,0.943597562926486
S1_176841743,1,176841743,0,1,0.322345311989303,0.37605728725678
S1_176844137,1,176844137,0,1,1.24503678355356,1.72901378950906
S1_176845485,1,176845485,0,1,0.43553880106655,0.589636273133044
S1_176845496,1,176845496,0,1,0.0463899862486984,0.168496145429519
S1_176869759,1,176869759,0,1,0.297395361421956,0.492777386868413
S1_176939467,1,176939467,0,1,0.41028848382657,0.41028848382657
S1_176939508,1,176939508,0,1,NA,NA
S1_176939613,1,176939613,0,1,0.561429405304053,0.561429405304053
S1_176939714,1,176939714,0,1,0.156427565044513,0.39700556915217
S1_176940186,1,176940186,0,1,0.368641464180957,0.543561164469899
S1_176940357,1,176940357,0,1,0.10352197381478,0.00683007035808317
S1_176940573,1,176940573,0,1,0.159873976979249,0.406221665207413
S1_176942266,1,176942266,0,1,0.524446881743422,0.843099560887378
S1_176942268,1,176942268,0,1,0.10985617273077,0.308531104159581
S1_177031609,1,177031609,0,1,0.680250766854739,0.680250766854739
S1_177031659,1,177031659,0,1,0.503029650365639,0.503029650365639
S1_177031662,1,177031662,0,1,0.0368665842482457,0.0368665842482457
S1_177031673,1,177031673,0,1,0.481987322049236,0.481987322049236
S1_177034483,1,177034483,0,1,1.2981931201496,1.13659596224615
S1_177052429,1,177052429,0,1,0.304142415204042,0.304142415204042
S1_177052509,1,177052509,0,1,0.213306295261779,0.0255085215464786
S1_177556209,1,177556209,0,1,0.454042698774651,0.19472480534844
S1_177612478,1,177612478,0,1,0.490807189689515,0.691708966711797
S1_177612924,1,177612924,0,1,0.185420688249066,0.113603878376355
S1_177613002,1,177613002,0,1,0.176557015938478,0.430531259948798
S1_177613279,1,177613279,0,1,0.151849378731839,0.349744831742536
S1_177613762,1,177613762,0,1,0.368363218737368,0.556043645689623
S1_177613849,1,177613849,0,1,0.302438088064945,0.574121223091882
S1_177627046,1,177627046,0,1,0.0212497246815018,0.108539495010962
S1_177877618,1,177877618,0,1,0.961099799172253,0.675996716393314
S1_177877619,1,177877619,0,1,0.441077303046041,0.683952402841671
S1_178288747,1,178288747,0,1,0.494959195362159,0.829499430184319
S1_178321209,1,178321209,0,1,0.0448212976644009,0.186848186151534
S1_178321250,1,178321250,0,1,0.340824508687876,0.340824508687876
S1_178324217,1,178324217,0,1,0.229536596979781,0.17687766833858
S1_178401588,1,178401588,0,1,0.868144355059478,0.823206402391559
S1_178428244,1,178428244,0,1,0.330946049566072,0.527519589163673
S1_179185301,1,179185301,0,1,0.00132036900039446,0.00132036900039446
S1_179341109,1,179341109,0,1,0.170063520659114,0.216325482625504
S1_179344176,1,179344176,0,1,0.355031379536922,0.21653866353699
S1_179371762,1,179371762,0,1,0.117801241208318,0.171937204925559
S1_179571703,1,179571703,0,1,1.22012431076614,1.22012431076614
S1_179571744,1,179571744,0,1,0.922896977404719,0.922896977404719
S1_179571891,1,179571891,0,1,0.0082522789992313,0.0446788219094544
S1_179571895,1,179571895,0,1,0.0937973940388452,0.0937973940388452
S1_179571922,1,179571922,0,1,0.263022041439705,0.263022041439705
S1_179584627,1,179584627,0,1,0.017221197274389,0.100996119575057
S1_179587367,1,179587367,0,1,0.218010463333842,0.10287636276113
S1_179587538,1,179587538,0,1,0.185964659292091,0.405119891585001
S1_179588503,1,179588503,0,1,0.0712574200113431,0.124243917010514
S1_179588517,1,179588517,0,1,0.659959355124488,1.09017120245909
S1_179588992,1,179588992,0,1,0.236598668123686,0.0902855583108131
S1_179589071,1,179589071,0,1,0.541467790901092,0.895714316640892
S1_179589235,1,179589235,0,1,0.0668253542903784,0.105704350565572
S1_179589250,1,179589250,0,1,0.0722062232903415,0.109966240769026
S1_179589283,1,179589283,0,1,0.63387283662755,0.310329114587225
S1_179589395,1,179589395,0,1,0.0559093276956747,0.0529617474271278
S1_179589897,1,179589897,0,1,1.28857386896156,0.0630160618327715
S1_179592796,1,179592796,0,1,0.0635469971337503,0.0625837159821549
S1_179596194,1,179596194,0,1,0.650279079350917,0.299007151672211
S1_179598494,1,179598494,0,1,0.602774735735284,0.233014640790321
S1_179598955,1,179598955,0,1,0.403701175835583,0.266109492967332
S1_179645152,1,179645152,0,1,0.0676160799172774,0.10516216825285
S1_179645177,1,179645177,0,1,0.393562627120486,0.451185251580016
S1_179646165,1,179646165,0,1,0.0452042837146544,0.136959148464336
S1_179646473,1,179646473,0,1,0.239860827963641,0.527041432067852
S1_179646476,1,179646476,0,1,0.228353167148676,0.136731094909874
S1_179646485,1,179646485,0,1,0.0104460054297441,0.0296753678802702
S1_179723697,1,179723697,0,1,0.237016677770207,0.304568213827172
S1_179724078,1,179724078,0,1,0.287270262057614,0.287270262057614
S1_179724307,1,179724307,0,1,1.68619674533945,1.70195732893487
S1_179724324,1,179724324,0,1,0.000478456384181544,0.0156492056960234
S1_179724425,1,179724425,0,1,0.32813585117049,0.174162301453808
S1_179833501,1,179833501,0,1,0.999332973286898,1.497530730609
S1_179868402,1,179868402,0,1,0.00690271093246173,0.0572044702347935
S1_179868424,1,179868424,0,1,0.366419897553078,0.697102193351346
S1_179868900,1,179868900,0,1,0.296091031943376,0.0897873969619271
S1_179868901,1,179868901,0,1,0.0319756643878716,0.152903865773238
S1_179869002,1,179869002,0,1,0.0465319401121748,0.0756321731190218
S1_179869003,1,179869003,0,1,0.0198351514671595,0.105328161197821
S1_179922943,1,179922943,0,1,0.0252796139573721,0.0320369781650961
S1_179925407,1,179925407,0,1,0.0445789350139296,0.0445789350139296
S1_179926669,1,179926669,0,1,0.175773995993946,0.0255601594350153
S1_179963682,1,179963682,0,1,0.231116563333718,0.231116563333718
S1_179963831,1,179963831,0,1,0.101683313909134,0.231397075414932
S1_179980347,1,179980347,0,1,0.366063109700877,0.0273438365443498
S1_179981561,1,179981561,0,1,0.528614447660535,0.528614447660535
S1_179981807,1,179981807,0,1,0.304029472709703,0.48000654498095
S1_179981824,1,179981824,0,1,0.177794053753259,0.278969552095125
S1_179982811,1,179982811,0,1,0.387987927989551,0.294763713396378
S1_179988573,1,179988573,0,1,0.288815871645411,0.403601523934824
S1_180306705,1,180306705,0,1,1.82729059696618,1.84459447920518
S1_180306709,1,180306709,0,1,0.343231544043761,0.0941125392494948
S1_180306713,1,180306713,0,1,0.698981219063818,0.828845449582302
S1_180306837,1,180306837,0,1,0.61326509633972,1.02572563923
S1_180306927,1,180306927,0,1,0.00464991401671773,0.0311656434356424
S1_180307729,1,180307729,0,1,0.236179213786234,0.454092728145874
S1_180307804,1,180307804,0,1,0.0697920290448434,0.0414146568476735
S1_180307990,1,180307990,0,1,0.353981099460759,0.0568203837173905
S1_180339571,1,180339571,0,1,0.00903120022350784,0.0623772022845923
S1_180340556,1,180340556,0,1,0.50518415822561,0.870010671969903
S1_180342415,1,180342415,0,1,0.119430320856887,0.331828001009975
S1_180398080,1,180398080,0,1,0.170383493513589,0.422841327509578
S1_180398778,1,180398778,0,1,0.163426550183977,0.163426550183977
S1_180398782,1,180398782,0,1,0.104435331182332,0.27030123392421
S1_180398832,1,180398832,0,1,0.287022705694341,0.556969649786799
S1_180399656,1,180399656,0,1,0.23647437182359,0.52619578560545
S1_180399737,1,180399737,0,1,0.553176231229229,0.909570866994316
S1_180399779,1,180399779,0,1,0.51887013861724,0.416979305317011
S1_180400142,1,180400142,0,1,0.236121161881748,0.259807376627542
S1_180401882,1,180401882,0,1,0.032469842916423,0.117904192010551
S1_180406313,1,180406313,0,1,0.248909647152516,0.42290863466635
S1_180512711,1,180512711,0,1,0.339285199403579,0.339285199403579
S1_180512842,1,180512842,0,1,0.341807978912704,0.341807978912704
S1_180513091,1,180513091,0,1,0.0844023768224175,0.187561767854455
S1_180513108,1,180513108,0,1,0.0462224675683268,0.0410592868474981
S1_180513165,1,180513165,0,1,0.786447347821667,1.04203902531371
S1_180513854,1,180513854,0,1,0.652290845474209,1.08162703365402
S1_180523085,1,180523085,0,1,0.118943607836983,0.00941520529360999
S1_180523113,1,180523113,0,1,0.813541852145095,0.813541852145095
S1_180523197,1,180523197,0,1,0.0130234594885292,0.0766630473597899
S1_180607568,1,180607568,0,1,0.0127618593044056,0.0127618593044056
S1_180607638,1,180607638,0,1,0.273799641861618,0.488724355087956
S1_180607645,1,180607645,0,1,0.000944360139379556,0.0200100117974931
S1_180608798,1,180608798,0,1,0.250928928995155,0.53509241705384
S1_180608918,1,180608918,0,1,0.293295574652633,0.377196962248965
S1_180608965,1,180608965,0,1,0.262198956072856,0.31368865036659
S1_180608985,1,180608985,0,1,0.779502655535604,0.779502655535604
S1_180609027,1,180609027,0,1,0.934869686027573,0.934869686027573
S1_180609967,1,180609967,0,1,1.47367115668194,1.47367115668194
S1_180625402,1,180625402,0,1,0.0556845670661265,0.0585170954623602
S1_180625403,1,180625403,0,1,0.869832544575344,0.844715148266182
S1_180625609,1,180625609,0,1,0.354349925816375,0.354349925816375
S1_180626411,1,180626411,0,1,0.110402786316421,0.302935732332003
S1_180688595,1,180688595,0,1,1.03447708227965,1.52626464037783
S1_180693189,1,180693189,0,1,0.883965626880161,1.02131826096402
S1_180696704,1,180696704,0,1,0.616137043831427,0.69404141566845
S1_180716587,1,180716587,0,1,0.336872629031631,0.360012201090474
S1_180716690,1,180716690,0,1,0.120654969719396,0.337874673699872
S1_180813196,1,180813196,0,1,0.11783572410905,0.11783572410905
S1_180816044,1,180816044,0,1,0.131766758150656,0.285685889890195
S1_180816662,1,180816662,0,1,0.289232388260138,0.0703108810095344
S1_180817523,1,180817523,0,1,0.618371027558728,0.0635278861243708
S1_180817547,1,180817547,0,1,0.272553771882994,0.0577842470644654
S1_180818047,1,180818047,0,1,0.0469323050681998,0.0512953355012771
S1_180818057,1,180818057,0,1,0.346848365637181,0.0461650250555988
S1_180836548,1,180836548,0,1,0.18157238431011,0.44351150178257
S1_180938948,1,180938948,0,1,0.277234172089494,0.277234172089494
S1_181445023,1,181445023,0,1,0.0335150767418398,0.0275299690776179
S1_181623792,1,181623792,0,1,NA,NA
S1_181651084,1,181651084,0,1,0.789683934915616,0.789683934915616
S1_181705712,1,181705712,0,1,0.36798080596696,0.0563455921994584
S1_181870642,1,181870642,0,1,0.766148583414846,0.766148583414846
S1_181870894,1,181870894,0,1,0.365687589647036,0.698854554289065
S1_181871033,1,181871033,0,1,0.479949643646028,0.716349745140054
S1_181872796,1,181872796,0,1,0.028740330159174,0.0673909369383145
S1_181884153,1,181884153,0,1,1.23105680955704,0.360572922774641
S1_181891952,1,181891952,0,1,0.302833823689078,0.193557320377704
S1_182075628,1,182075628,0,1,0.977932110696826,1.4503958823337
S1_182075688,1,182075688,0,1,0.663646011321805,0.663646011321805
S1_182086001,1,182086001,0,1,0.0290800503329459,0.0220784939534015
S1_182086005,1,182086005,0,1,0.486097189738656,0.0797056345632499
S1_182090445,1,182090445,0,1,0.18663295877593,0.0528046959660425
S1_182095680,1,182095680,0,1,0.0199080032394152,0.0688249168023432
S1_182096206,1,182096206,0,1,0.48236572983566,0.532898919646882
S1_182096361,1,182096361,0,1,1.75256444441999,1.75256444441999
S1_182101384,1,182101384,0,1,0.175873489582605,0.175873489582605
S1_182101401,1,182101401,0,1,0.117309191716343,0.210680420250834
S1_182105261,1,182105261,0,1,0.10079772598391,0.0299321680124583
S1_182162777,1,182162777,0,1,0.369344502904343,0.369344502904343
S1_182162789,1,182162789,0,1,0.682693722099997,0.232741713031571
S1_182169337,1,182169337,0,1,0.545318483428825,0.356210350024733
S1_182169352,1,182169352,0,1,0.535510540088419,0.388704048671608
S1_182169478,1,182169478,0,1,0.183217235838348,0.0370684027230308
S1_182169671,1,182169671,0,1,0.647443777554163,0.647443777554163
S1_182197341,1,182197341,0,1,0.301377068544659,0.344106566047826
S1_182197385,1,182197385,0,1,0.0443945926876606,0.18415992377559
S1_182197386,1,182197386,0,1,0.350827378839681,0.657586904088406
S1_182273007,1,182273007,0,1,0.0529597468386023,0.000320934489603632
S1_182273047,1,182273047,0,1,0.15994963874926,0.342486958776507
S1_182283412,1,182283412,0,1,0.0619855426150559,0.168576338947071
S1_182283458,1,182283458,0,1,0.288752898726429,0.131237940089691
S1_182293405,1,182293405,0,1,0.0678487759261873,0.0678487759261873
S1_182293499,1,182293499,0,1,0.322111235548074,0.511371089415814
S1_182293500,1,182293500,0,1,0.388224605124676,0.632493306531435
S1_182293890,1,182293890,0,1,0.724708504479057,0.724708504479057
S1_182293928,1,182293928,0,1,0.291128110443982,0.291128110443982
S1_182296400,1,182296400,0,1,0.398292527998081,0.462249956971036
S1_182355285,1,182355285,0,1,0.240200456287639,0.433600933977854
S1_182355315,1,182355315,0,1,0.132068282416334,0.169023417669366
S1_182355728,1,182355728,0,1,0.310871297708227,0.310871297708227
S1_182357690,1,182357690,0,1,0.0203669520150666,0.0692610270774538
S1_182357898,1,182357898,0,1,0.665972574254036,0.665972574254036
S1_182364388,1,182364388,0,1,0.264635131628097,0.0348390828160758
S1_182391096,1,182391096,0,1,1.64485862245247,1.64485862245247
S1_182391125,1,182391125,0,1,0.31935025463214,0.209439653562795
S1_182391851,1,182391851,0,1,0.277158512044517,0.547785876869448
S1_182391943,1,182391943,0,1,0.131981191612629,0.247898865294041
S1_182392265,1,182392265,0,1,0.188847218197162,0.450189030353721
S1_182420897,1,182420897,0,1,0.0872696268168401,0.259150452052689
S1_182542905,1,182542905,0,1,0.0852590913173327,0.0817009781971339
S1_182542912,1,182542912,0,1,0.291481981960951,0.19750992525249
S1_182542945,1,182542945,0,1,0.0728053246159097,0.0462056203143679
S1_182542951,1,182542951,0,1,0.941561987972602,1.35276405453476
S1_182543086,1,182543086,0,1,0.0496052877431941,0.145817849871612
S1_182543132,1,182543132,0,1,0.975098804994344,1.1536612027567
S1_182543693,1,182543693,0,1,1.09010887243497,1.09010887243497
S1_182543762,1,182543762,0,1,0.632395806296552,0.805534765222262
S1_182544298,1,182544298,0,1,0.255894908941653,0.324567147974552
S1_182568613,1,182568613,0,1,0.1668200937896,0.1668200937896
S1_182626857,1,182626857,0,1,0.681335758493649,0.680548397177382
S1_182627189,1,182627189,0,1,0.152004253065579,0.311043236311425
S1_182627191,1,182627191,0,1,0.171058946391572,0.0125346426713023
S1_182655084,1,182655084,0,1,0.445571980713801,0.744058918066837
S1_182655089,1,182655089,0,1,0.277655062180647,0.494011405862538
S1_182655096,1,182655096,0,1,0.10418740916836,0.0856753616258907
S1_182655104,1,182655104,0,1,0.0722435839287935,0.0502026961041444
S1_182793129,1,182793129,0,1,0.257057652073085,0.518595827481673
S1_182796503,1,182796503,0,1,0.283892481937113,0.273532844116979
S1_182796517,1,182796517,0,1,0.214598511649348,0.0104384945004048
S1_182851610,1,182851610,0,1,0.531732157893208,0.801941544471229
S1_182851613,1,182851613,0,1,0.402396473496437,0.718370058833138
S1_182852270,1,182852270,0,1,NA,NA
S1_182872512,1,182872512,0,1,NA,NA
S1_182872518,1,182872518,0,1,0.96277981356147,0.924746963744871
S1_182872560,1,182872560,0,1,1.0886616996976,0.527266430216323
S1_182901890,1,182901890,0,1,0.0610874486454996,0.0627610153337361
S1_182999386,1,182999386,0,1,0.160000800650942,0.365702453474365
S1_182999411,1,182999411,0,1,0.304326137663708,0.257604364972016
S1_182999480,1,182999480,0,1,0.482229824093546,0.782942879480016
S1_183096692,1,183096692,0,1,0.407757345421796,0.75401416489629
S1_183096897,1,183096897,0,1,0.284503009456552,0.507841481230479
S1_183097468,1,183097468,0,1,0.0101168074138346,0.0245058572213998
S1_183098379,1,183098379,0,1,0.356445567600155,0.146710571792868
S1_183098409,1,183098409,0,1,0.0526151093110845,0.0492043641549624
S1_183098445,1,183098445,0,1,0.182653246300144,0.439618224398396
S1_183098640,1,183098640,0,1,0.46029400333304,0.80359727249271
S1_183307371,1,183307371,0,1,0.00752991281265436,0.0230416834089525
S1_183404570,1,183404570,0,1,0.151238462426779,0.317352134427413
S1_183404595,1,183404595,0,1,0.0747564644450667,0.126956174318695
S1_183501375,1,183501375,0,1,0.0815277968667256,0.0690462801441942
S1_183502425,1,183502425,0,1,0.00700707635611241,0.014650578722703
S1_183505122,1,183505122,0,1,0.194211134489795,0.194211134489795
S1_183776027,1,183776027,0,1,0.895511343299216,1.21528752847913
S1_183776243,1,183776243,0,1,0.121204816950532,0.288181750273244
S1_183779929,1,183779929,0,1,2.06866139832782,0.182225029209956
S1_183779938,1,183779938,0,1,0.535739777728096,0.396654148780386
S1_183779952,1,183779952,0,1,0.529775114381992,0.0745236049961768
S1_183779984,1,183779984,0,1,0.665999582899643,0.404759117472076
S1_183782339,1,183782339,0,1,0.0347234591788117,0.0414311824752689
S1_183782367,1,183782367,0,1,0.122093365510779,0.147469835837341
S1_183782463,1,183782463,0,1,0.0932445598331129,0.282450437121244
S1_183782528,1,183782528,0,1,0.563066917044036,0.580993078017133
S1_183796816,1,183796816,0,1,0.602314933301897,0.695315579736671
S1_183801483,1,183801483,0,1,0.0255505623611408,0.00214501273203807
S1_183804647,1,183804647,0,1,0.265851937354576,0.526693409054487
S1_183805057,1,183805057,0,1,0.229751485505629,0.456477157914772
S1_183808148,1,183808148,0,1,0.213927558080689,0.343019215072861
S1_183811363,1,183811363,0,1,0.512141417465549,0.512141417465549
S1_183811521,1,183811521,0,1,0.332632503266084,0.288373407731744
S1_183816110,1,183816110,0,1,0.224137528731904,0.456052897932138
S1_183816612,1,183816612,0,1,0.0869291662853133,0.0718171079564608
S1_183816620,1,183816620,0,1,0.025123553346606,0.133656824814819
S1_183816657,1,183816657,0,1,0.0520818257064589,0.203414011191091
S1_183841688,1,183841688,0,1,1.04656312471284,1.10602088893602
S1_183841760,1,183841760,0,1,0.282639716048123,0.0779797010732287
S1_183842019,1,183842019,0,1,0.554296243285796,0.792944330580084
S1_183846123,1,183846123,0,1,0.142448819901857,0.360756226028539
S1_183891297,1,183891297,0,1,1.10641781630504,1.62111254672883
S1_183891808,1,183891808,0,1,0.0550091122872252,0.0550091122872252
S1_183909772,1,183909772,0,1,0.647410575204443,1.05342547297228
S1_183910473,1,183910473,0,1,0.214176728542336,0.22468241475481
S1_183910481,1,183910481,0,1,0.195102612305685,0.0911619036468178
S1_183911401,1,183911401,0,1,0.934996072029567,1.37153761359837
S1_183983608,1,183983608,0,1,0.101147186358441,0.0245578033063118
S1_183983657,1,183983657,0,1,0.487384738669855,0.487384738669855
S1_183983790,1,183983790,0,1,0.427621192806792,0.427621192806792
S1_183991258,1,183991258,0,1,0.450114288253953,0.115805857257952
S1_183991266,1,183991266,0,1,0.247821015903628,0.000664181137845889
S1_183992176,1,183992176,0,1,0.0535159297624041,0.0841479393279574
S1_184000311,1,184000311,0,1,0.40437733022172,0.166593973696992
S1_184005785,1,184005785,0,1,0.402125842005884,0.755446009801072
S1_184014110,1,184014110,0,1,0.863909362629533,0.362233864126224
S1_184127228,1,184127228,0,1,0.160098844978685,0.11515817639217
S1_184127306,1,184127306,0,1,0.0490131069177737,0.0787222567950588
S1_184127376,1,184127376,0,1,0.00263236070653831,0.0394893378816776
S1_184127411,1,184127411,0,1,0.000867068453329517,0.0220869309356101
S1_184242582,1,184242582,0,1,0.0371021783201772,0.0410672970863611
S1_184242660,1,184242660,0,1,0.269638187782339,0.0708384123964053
S1_184245671,1,184245671,0,1,0.0757416329875897,0.246027107484534
S1_184610792,1,184610792,0,1,0.402402011540454,0.402402011540454
S1_184612403,1,184612403,0,1,0.32532983971087,0.228682840077684
S1_184623957,1,184623957,0,1,0.0362278473983008,0.103677933419149
S1_184626727,1,184626727,0,1,0.0577557339348437,0.102861375097562
S1_184628334,1,184628334,0,1,1.26722935326888,1.48808435832606
S1_184629076,1,184629076,0,1,0.0965259101299536,0.135828747485631
S1_184632188,1,184632188,0,1,0.298888254596028,0.546516493153744
S1_184632986,1,184632986,0,1,0.505976310377398,0.505976310377398
S1_184651347,1,184651347,0,1,0.127847982266261,0.244163999451466
S1_184651530,1,184651530,0,1,0.104665205720181,0.142693585188125
S1_184699973,1,184699973,0,1,0.380219970260584,0.0667114842927361
S1_184700078,1,184700078,0,1,0.0566026209112913,0.106930967126974
S1_184700099,1,184700099,0,1,0.1311380894887,0.0261911309739378
S1_184700110,1,184700110,0,1,0.649721157265779,0.838962612609943
S1_184700307,1,184700307,0,1,0.215620545110211,0.399533403579654
S1_184700778,1,184700778,0,1,0.625531974689736,1.04845314541735
S1_184700858,1,184700858,0,1,0.497914438933387,0.548416436022225
S1_184700949,1,184700949,0,1,0.212714009554082,0.115780926046185
S1_184700972,1,184700972,0,1,0.38398052533731,0.216108349220259
S1_184701020,1,184701020,0,1,0.0639615176411399,0.0639615176411399
S1_184863708,1,184863708,0,1,1.35708122071462,0.73384085368437
S1_184915553,1,184915553,0,1,1.7029933759502,0.533699839623154
S1_184964421,1,184964421,0,1,0.123047600981328,0.156839704425095
S1_185555252,1,185555252,0,1,0.305251011119396,0.60575209529208
S1_185555277,1,185555277,0,1,0.198757814723177,0.449748322294329
S1_185726332,1,185726332,0,1,0.291506895931676,0.291506895931676
S1_185778876,1,185778876,0,1,0.140699145206696,0.374516298245589
S1_187093954,1,187093954,0,1,0.110945534503488,0.162934545304816
S1_187093976,1,187093976,0,1,0.0792470394341548,0.239167475531028
S1_187119520,1,187119520,0,1,0.378683028749001,0.378683028749001
S1_187119690,1,187119690,0,1,0.709340036240989,0.988205262534398
S1_187191647,1,187191647,0,1,1.25292327486382,0.0106484364112836
S1_187259958,1,187259958,0,1,0.02484787412699,0.0670753509536956
S1_187260094,1,187260094,0,1,0.00131356670541051,0.0225235406150833
S1_187269276,1,187269276,0,1,0.484679836607922,0.707179181266937
S1_187269958,1,187269958,0,1,0.813904976485717,0.813904976485717
S1_187270057,1,187270057,0,1,0.172122782007952,0.414021647010874
S1_187331736,1,187331736,0,1,0.0762328320602623,0.0322901337902084
S1_187331837,1,187331837,0,1,0.712422853671979,1.05197314983368
S1_187342534,1,187342534,0,1,0.024970260462253,0.0382257738283334
S1_187342719,1,187342719,0,1,1.01859246725881,0.65784083711157
S1_187387814,1,187387814,0,1,0.0428803269426014,0.11454454254168
S1_187399561,1,187399561,0,1,0.119277680206183,0.323615608560916
S1_187399621,1,187399621,0,1,0.0950530198707978,0.0556470982343653
S1_187400044,1,187400044,0,1,0.229993158485609,0.20409717384502
S1_187436342,1,187436342,0,1,0.101459454040817,0.166467314473207
S1_187436395,1,187436395,0,1,0.671739947894989,0.8499787294615
S1_187436396,1,187436396,0,1,0.997749594651146,1.44547200477815
S1_187588875,1,187588875,0,1,0.088546330434011,0.184137201579327
S1_187589178,1,187589178,0,1,0.0806804369127648,0.172676762914284
S1_187589180,1,187589180,0,1,0.169489301985879,0.350007434022635
S1_187590182,1,187590182,0,1,0.428289166536733,0.785672344059187
S1_187590198,1,187590198,0,1,0.141088086133846,0.327467948573922
S1_187590405,1,187590405,0,1,0.474982163722637,0.557477283484668
S1_187590454,1,187590454,0,1,1.11927594625117,1.37943676224548
S1_187590510,1,187590510,0,1,1.0928338534393,1.40390628755683
S1_187636351,1,187636351,0,1,0.161338369914733,0.126421993753277
S1_187637469,1,187637469,0,1,0.627759684703099,0.597375767889529
S1_187641530,1,187641530,0,1,0.358002874834217,0.358002874834217
S1_187641536,1,187641536,0,1,0.204617915831883,0.0350066407025803
S1_187641725,1,187641725,0,1,0.00499871573636029,0.00499871573636029
S1_187643343,1,187643343,0,1,0.0278879892869428,0.141978962206293
S1_187646471,1,187646471,0,1,0.156105243779843,0.306460276779932
S1_187646720,1,187646720,0,1,1.51569276642434,2.06633579342266
S1_187667824,1,187667824,0,1,0.418659186310254,0.555221590695226
S1_187669119,1,187669119,0,1,0.118423035167383,0.252385369007325
S1_187669428,1,187669428,0,1,0.0797261757401807,0.164543974484585
S1_187669447,1,187669447,0,1,0.214101342280244,0.31298877955206
S1_187669994,1,187669994,0,1,0.534592956397365,0.504463788400785
S1_187884011,1,187884011,0,1,1.15448999945513,0.886452999132562
S1_187884233,1,187884233,0,1,0.727510561734065,0.681408163843975
S1_187885107,1,187885107,0,1,0.373965963977011,0.628713628490171
S1_187885413,1,187885413,0,1,0.424845541633316,0.774568188711976
S1_187977338,1,187977338,0,1,0.404509275579502,0.453256336946711
S1_187977342,1,187977342,0,1,0.248820757575272,0.195661571110888
S1_187977384,1,187977384,0,1,0.447532716311221,0.518070164729732
S1_187977553,1,187977553,0,1,0.980972188113461,1.08768874622475
S1_187977669,1,187977669,0,1,0.549680656928632,0.674068210612371
S1_187977931,1,187977931,0,1,0.459036714983105,0.459036714983105
S1_187977962,1,187977962,0,1,0.110015614535142,0.110015614535142
S1_187978031,1,187978031,0,1,0.486737626208001,0.872161243172921
S1_187978177,1,187978177,0,1,0.509540042018264,0.583173849761001
S1_187978563,1,187978563,0,1,0.0612586943320527,0.19434228176571
S1_187979160,1,187979160,0,1,0.537611551451777,0.937798585445434
S1_187979163,1,187979163,0,1,0.2153927783318,0.494081236677132
S1_187979202,1,187979202,0,1,0.0181368150767487,0.0467672594860088
S1_187979436,1,187979436,0,1,0.441053849909052,0.163155285668661
S1_187979932,1,187979932,0,1,0.606486871811077,0.920709386264101
S1_187980028,1,187980028,0,1,0.236460535700313,0.175353533645685
S1_188014628,1,188014628,0,1,0.288669732864322,0.362200876267244
S1_188017949,1,188017949,0,1,0.12644469158342,0.191735507904351
S1_188018039,1,188018039,0,1,0.0208561955277557,0.10446190518066
S1_188031152,1,188031152,0,1,0.144041343137032,0.188525730506989
S1_188031158,1,188031158,0,1,0.325632001310766,0.368641778159825
S1_188031678,1,188031678,0,1,1.21625503778101,1.09954829260742
S1_188032196,1,188032196,0,1,0.379987645587539,0.507700641726765
S1_188032197,1,188032197,0,1,2.55686730476673,3.20139810331282
S1_188032255,1,188032255,0,1,0.952263522817413,1.20751265878173
S1_188032641,1,188032641,0,1,0.0321606955722981,0.0321606955722981
S1_188055330,1,188055330,0,1,0.776279963157661,0.815236493016481
S1_188055334,1,188055334,0,1,0.186441848186122,0.279022121888452
S1_188055344,1,188055344,0,1,1.04402689009699,1.02474113294109
S1_188063758,1,188063758,0,1,0.638353492759484,0.693408614373093
S1_188063767,1,188063767,0,1,0.441775927864911,0.673315334576517
S1_188063921,1,188063921,0,1,0.613870023841008,0.762647773701562
S1_188064737,1,188064737,0,1,0.0549354957913939,0.208201711393139
S1_188065285,1,188065285,0,1,0.143380959868903,0.143380959868903
S1_188065469,1,188065469,0,1,0.268257029425248,0.549752861037787
S1_188067303,1,188067303,0,1,0.244470006711923,0.0504462910014358
S1_188067509,1,188067509,0,1,0.689859108275414,1.05941739124721
S1_188072268,1,188072268,0,1,0.0590761875516889,0.0922527230957204
S1_188073048,1,188073048,0,1,0.0913233628634095,0.200856250359699
S1_188073838,1,188073838,0,1,0.0675957841283293,0.0675957841283293
S1_188073885,1,188073885,0,1,0.0738533770107438,0.0738533770107438
S1_188089057,1,188089057,0,1,0.183651328238647,0.392655539543857
S1_188109709,1,188109709,0,1,0.179446453306352,0.179446453306352
S1_188114588,1,188114588,0,1,1.0312111123572,1.50191958203556
S1_188117477,1,188117477,0,1,0.173341118136464,0.430113256747014
S1_188118669,1,188118669,0,1,0.291738597014417,0.478682779713689
S1_188182373,1,188182373,0,1,0.614010783073121,0.557585161729796
S1_188185464,1,188185464,0,1,0.973536147147982,0.893729528882829
S1_188186007,1,188186007,0,1,0.390755525213441,0.528899125217944
S1_188186036,1,188186036,0,1,0.40877554455352,0.735024959725978
S1_188220553,1,188220553,0,1,0.176678158682908,0.366380236922547
S1_188220781,1,188220781,0,1,0.990009835393681,0.990009835393681
S1_188220797,1,188220797,0,1,0.293743679628109,0.293743679628109
S1_188221068,1,188221068,0,1,0.129154946591621,0.308003767368486
S1_188342052,1,188342052,0,1,0.514672268158512,0.672785482768726
S1_188355303,1,188355303,0,1,0.158676403297929,0.168468294810776
S1_188460110,1,188460110,0,1,1.03775648157258,1.50711706465341
S1_188717081,1,188717081,0,1,0.0163820048988839,0.0163820048988839
S1_188722024,1,188722024,0,1,0.169290523338269,0.310606965438324
S1_188771133,1,188771133,0,1,0.196837301269723,0.38090480501579
S1_188771231,1,188771231,0,1,0.625885505912846,0.625885505912846
S1_188904136,1,188904136,0,1,0.045961477999513,0.0989144436767392
S1_188904214,1,188904214,0,1,0.219314568626543,0.46603822046016
S1_188904385,1,188904385,0,1,0.1768883275801,0.35374611915664
S1_188904443,1,188904443,0,1,0.0921400639405294,0.140675944959204
S1_188904506,1,188904506,0,1,0.45661976826826,0.262891454306891
S1_188906669,1,188906669,0,1,0.192390078781553,0.126347051297095
S1_188906845,1,188906845,0,1,0.659765989030718,0.926343411678135
S1_188928848,1,188928848,0,1,0.0131977002007562,0.0316597779881417
S1_188933917,1,188933917,0,1,NA,0.327902804578904
S1_188934312,1,188934312,0,1,0.668440998711512,0.110949395478569
S1_188936232,1,188936232,0,1,0.0939486153210486,0.129320413685525
S1_188983541,1,188983541,0,1,0.133562686422887,0.0596475182281608
S1_189081337,1,189081337,0,1,0.19634246335689,0.224937189638041
S1_189082367,1,189082367,0,1,0.935119805929311,1.20294800158423
S1_189086984,1,189086984,0,1,0.0617389918040944,0.0487562615902218
S1_189087027,1,189087027,0,1,0.382815746982965,0.537380537951824
S1_189087504,1,189087504,0,1,0.560672540518049,0.560672540518049
S1_189087512,1,189087512,0,1,0.258474637932301,0.258474637932301
S1_189092859,1,189092859,0,1,0.978910753505408,0.738383182096434
S1_189092972,1,189092972,0,1,0.750083295087571,1.17248123309477
S1_189093133,1,189093133,0,1,NA,NA
S1_189146031,1,189146031,0,1,0.596740438344293,0.779882103684057
S1_189150054,1,189150054,0,1,0.707750844696939,1.14069101942762
S1_189190138,1,189190138,0,1,0.0665682601367648,0.0665682601367648
S1_189192432,1,189192432,0,1,0.699756188156506,0.699756188156506
S1_189193076,1,189193076,0,1,0.156438756044443,0.188986127932626
S1_189197568,1,189197568,0,1,2.15698963075123,2.47950804991648
S1_189331641,1,189331641,0,1,0.0908755313106201,0.248056594954437
S1_189331694,1,189331694,0,1,0.527708162075107,0.726631584869983
S1_189351785,1,189351785,0,1,0.414953151541407,0.514901884211509
S1_189352097,1,189352097,0,1,0.043336388688805,0.0154630053998801
S1_189357227,1,189357227,0,1,0.192401645668177,0.408748279615458
S1_189359315,1,189359315,0,1,0.2379855267441,0.368978980547958
S1_189400231,1,189400231,0,1,0.497473599004409,0.506381365836102
S1_189400527,1,189400527,0,1,0.349589472901727,0.282489288948879
S1_189400954,1,189400954,0,1,0.394372885123758,0.619344628664345
S1_189404618,1,189404618,0,1,0.0436117489956551,0.139323905435033
S1_189405222,1,189405222,0,1,0.822259849439026,0.298807014532097
S1_189588605,1,189588605,0,1,0.10054907214866,0.145357631526168
S1_189593948,1,189593948,0,1,0.520131444726354,0.855060147309304
S1_189641815,1,189641815,0,1,0.446615284263268,0.298194394615823
S1_189771455,1,189771455,0,1,0.11721273920593,0.134489973068067
S1_189771466,1,189771466,0,1,0.0629999745269103,0.228646445784545
S1_189774841,1,189774841,0,1,0.153039346878557,0.122953051876256
S1_189796908,1,189796908,0,1,0.422678799898486,0.204187107849695
S1_189796934,1,189796934,0,1,1.16262167755099,1.16262167755099
S1_189837503,1,189837503,0,1,0.120815762186281,0.341523254381667
S1_189837524,1,189837524,0,1,0.167262756447388,0.23178155707325
S1_189838159,1,189838159,0,1,0.126749584262881,0.287785653348431
S1_189838256,1,189838256,0,1,0.728244377840574,1.15959192888299
S1_190094514,1,190094514,0,1,0.233606280867084,0.494000224463013
S1_190095259,1,190095259,0,1,0.111776000790026,0.196929087802515
S1_190189734,1,190189734,0,1,0.328726313968134,0.638507276987522
S1_190189944,1,190189944,0,1,0.843547613629735,1.09823684027724
S1_190190027,1,190190027,0,1,0.241285060710172,0.353905997204211
S1_190314279,1,190314279,0,1,0.0628837648496428,0.0507269696998477
S1_190394483,1,190394483,0,1,0.217945422311529,0.395851257516655
S1_190481027,1,190481027,0,1,NA,NA
S1_190535122,1,190535122,0,1,0.896727855226626,1.06076382057216
S1_190535125,1,190535125,0,1,0.110925477286347,0.254970821792823
S1_190547037,1,190547037,0,1,0.0073871707284115,0.0202723358334713
S1_190548384,1,190548384,0,1,0.861497158823851,1.32691390919418
S1_190548432,1,190548432,0,1,0.0897288233323878,0.0897288233323878
S1_190560053,1,190560053,0,1,0.0284586872403445,0.0511761867943659
S1_190561861,1,190561861,0,1,0.0450793249851724,0.188150938051958
S1_190561890,1,190561890,0,1,0.104810603713095,0.0895919244357597
S1_190561911,1,190561911,0,1,0.515701086887868,0.0862240301213726
S1_190601379,1,190601379,0,1,0.751910149316679,1.04340728833138
S1_190601509,1,190601509,0,1,0.249538495503515,0.226367225454342
S1_190695978,1,190695978,0,1,0.0057917847504756,0.0516826241206695
S1_190696023,1,190696023,0,1,0.117959893706274,0.330496960685106
S1_190701200,1,190701200,0,1,0.531223820129432,0.588504255290997
S1_190701339,1,190701339,0,1,0.774162134551556,1.06689607967935
S1_190701343,1,190701343,0,1,NA,NA
S1_190701349,1,190701349,0,1,0.618422141807423,1.03912001184769
S1_190701387,1,190701387,0,1,0.418001688791323,0.646659514041523
S1_190702255,1,190702255,0,1,0.176784026299185,0.126018906357484
S1_190744175,1,190744175,0,1,0.198662511803451,0.061830724835418
S1_190750672,1,190750672,0,1,0.0719922269804674,0.0719922269804674
S1_190758457,1,190758457,0,1,0.84660255657216,0.350429905593131
S1_190762225,1,190762225,0,1,0.000154798327374629,0.00916588879790057
S1_190762257,1,190762257,0,1,0.936705740286525,0.191741466689736
S1_190762286,1,190762286,0,1,0.49345340012773,0.59122780133596
S1_190763612,1,190763612,0,1,0.273204333765714,0.00677025265477851
S1_190998098,1,190998098,0,1,0.531702893358944,0.400335182499629
S1_190998102,1,190998102,0,1,0.837161452333305,0.930481047267059
S1_191004983,1,191004983,0,1,0.174738793328846,0.403046708793478
S1_191005063,1,191005063,0,1,0.0978157594314965,0.268670275746449
S1_191065039,1,191065039,0,1,0.909368433252466,0.909368433252466
S1_191090152,1,191090152,0,1,0.434777611930363,0.684047993295036
S1_191090180,1,191090180,0,1,0.120544379203607,0.17919738776173
S1_191090193,1,191090193,0,1,0.465217848899827,0.743142997182889
S1_191090200,1,191090200,0,1,0.857956305952662,1.19154804054627
S1_191090310,1,191090310,0,1,0.0768894928250013,0.178822367485752
S1_191090332,1,191090332,0,1,0.397445016125694,0.725160896113835
S1_191090465,1,191090465,0,1,0.259808420007838,0.476134329665442
S1_191090486,1,191090486,0,1,0.443621126530967,0.443621126530967
S1_191094208,1,191094208,0,1,1.16436878092924,0.396144434767029
S1_191098671,1,191098671,0,1,0.200929723289107,0.134407957813831
S1_191098674,1,191098674,0,1,0.284090783193891,0.339524682135296
S1_191199593,1,191199593,0,1,0.0317970916872106,0.0948234879096864
S1_191199604,1,191199604,0,1,0.0489424059851874,0.155322914380262
S1_191199656,1,191199656,0,1,0.00700908200076012,0.0154388020896398
S1_191199863,1,191199863,0,1,0.786254824938983,0.34103339331328
S1_191199869,1,191199869,0,1,0.482043361406179,0.546003529274844
S1_191369813,1,191369813,0,1,0.00836704390246679,0.00659376452136393
S1_191369823,1,191369823,0,1,0.270485823903123,0.0419166546916629
S1_191370033,1,191370033,0,1,0.234116646857029,0.172651320716837
S1_191370069,1,191370069,0,1,1.0579170556018,1.0579170556018
S1_191442341,1,191442341,0,1,0.281597816923419,0.281597816923419
S1_191514793,1,191514793,0,1,0.140453950461221,0.375520828998266
S1_191514879,1,191514879,0,1,0.478251534236534,0.860610703427728
S1_191522898,1,191522898,0,1,0.457499635434848,0.786400386226889
S1_191522899,1,191522899,0,1,0.0824654256337776,0.035422801868896
S1_191524962,1,191524962,0,1,0.0925927504590359,0.149931255989964
S1_191527376,1,191527376,0,1,0.338385912626414,0.0137754566020827
S1_191527409,1,191527409,0,1,1.70646775293555,1.70646775293555
S1_191528652,1,191528652,0,1,0.256077906902356,0.334256340573789
S1_191528662,1,191528662,0,1,0.658053383106336,0.900842846266983
S1_191529305,1,191529305,0,1,0.464372182483262,0.798937484688914
S1_191579388,1,191579388,0,1,1.67628536793101,2.13078550163347
S1_191581332,1,191581332,0,1,0.265480966097277,0.157462006453128
S1_191581446,1,191581446,0,1,0.21648879130387,0.075175642848918
S1_191581447,1,191581447,0,1,0.444309156894892,0.274107043454256
S1_191581451,1,191581451,0,1,0.449948520969714,0.278573613202683
S1_191582423,1,191582423,0,1,0.380305744859187,0.724753091247653
S1_191582474,1,191582474,0,1,0.286318858986163,0.591568813811216
S1_191586062,1,191586062,0,1,0.192807807975774,0.311726266598494
S1_191586161,1,191586161,0,1,0.973782329793354,0.858928358071509
S1_191586185,1,191586185,0,1,0.434650198015414,0.311592607755115
S1_191586224,1,191586224,0,1,0.831977218482828,1.23261960553824
S1_191587280,1,191587280,0,1,1.26150542227816,1.51715064590734
S1_191587285,1,191587285,0,1,0.272305190615849,0.0228248346252712
S1_191587328,1,191587328,0,1,0.0341832717461625,0.15480039943927
S1_191587556,1,191587556,0,1,0.0516553899118186,0.123978702628534
S1_191587610,1,191587610,0,1,0.652117943527781,0.749877883324342
S1_191619571,1,191619571,0,1,0.0013223985549647,0.0053922644789543
S1_191847502,1,191847502,0,1,1.0136308684064,1.07418337189059
S1_191847517,1,191847517,0,1,0.29876870757538,0.0919020974117098
S1_191847552,1,191847552,0,1,0.892876523223762,1.21989933267532
S1_191852404,1,191852404,0,1,1.17858217197902,1.65534168171522
S1_191852408,1,191852408,0,1,0.412030419084236,0.289312024171929
S1_191852498,1,191852498,0,1,0.709137787403381,1.1185436289406
S1_191852518,1,191852518,0,1,0.364115516133312,0.698109306906991
S1_191858641,1,191858641,0,1,0.0457246274418025,0.113139164224639
S1_191860700,1,191860700,0,1,0.581861488701602,0.854655421458025
S1_191863310,1,191863310,0,1,1.24348217227716,1.24348217227716
S1_191863338,1,191863338,0,1,0.471594821174127,0.471594821174127
S1_191893651,1,191893651,0,1,0.602584626305831,0.169009044118799
S1_191893670,1,191893670,0,1,0.25634327292836,0.556752284855697
S1_191893687,1,191893687,0,1,1.41918684531446,1.28512960732613
S1_191893755,1,191893755,0,1,0.184264463393805,0.0521765409385856
S1_191893769,1,191893769,0,1,0.0684969811114998,0.176033540730534
S1_191991746,1,191991746,0,1,0.883897744156875,1.33123054458948
S1_191991751,1,191991751,0,1,0.71746766467457,0.774323808485138
S1_192026502,1,192026502,0,1,0.718487314199469,1.16273824406979
S1_192026515,1,192026515,0,1,0.092085610003697,0.236403039409321
S1_192032935,1,192032935,0,1,0.446395470082188,0.578993213330862
S1_192033036,1,192033036,0,1,0.3624556968428,0.3624556968428
S1_192033080,1,192033080,0,1,0.24873754012345,0.340815174570552
S1_192033633,1,192033633,0,1,0.791705274265254,1.23272988325071
S1_192033646,1,192033646,0,1,0.914525285290335,1.22524362860083
S1_192033665,1,192033665,0,1,1.31217623758028,0.6706633953594
S1_192041586,1,192041586,0,1,0.0218583392695946,0.0898576436509326
S1_192041636,1,192041636,0,1,0.201249032389121,0.153036502033095
S1_192041658,1,192041658,0,1,1.96198460769109,2.5688482391791
S1_192041680,1,192041680,0,1,0.583805852187237,0.756494545333203
S1_192041703,1,192041703,0,1,0.0994345507815207,0.299322412052833
S1_192041854,1,192041854,0,1,0.10643720513121,0.203742609290258
S1_192042579,1,192042579,0,1,2.2766696339069,2.90806401336239
S1_192044186,1,192044186,0,1,0.00928307753352816,0.00928307753352816
S1_192044210,1,192044210,0,1,0.887135763371042,1.36553643731983
S1_192045777,1,192045777,0,1,1.95303116529007,0.915665084807995
S1_192045792,1,192045792,0,1,1.36017450187277,1.8855544943521
S1_192054887,1,192054887,0,1,1.2578983248924,1.77259526868186
S1_192054890,1,192054890,0,1,1.64722129591333,1.66301889860415
S1_192104399,1,192104399,0,1,0.630263856598445,0.854031432714166
S1_192400466,1,192400466,0,1,0.742301511707424,1.18694137889526
S1_192404431,1,192404431,0,1,0.598985048107321,0.988265232127205
S1_192407739,1,192407739,0,1,1.12820659200781,1.24514777435632
S1_192453061,1,192453061,0,1,0.0560070634588255,0.0704788795324508
S1_192477161,1,192477161,0,1,0.0853621670815725,0.215478923519167
S1_192672301,1,192672301,0,1,0.0258126825547164,0.0722342928038177
S1_192731575,1,192731575,0,1,0.771661171914542,1.04441986175735
S1_192732004,1,192732004,0,1,0.217857558888027,0.334148867067363
S1_193046533,1,193046533,0,1,0.20268916164226,0.305274683870202
S1_193164280,1,193164280,0,1,0.13824345172476,0.368901971732932
S1_193165421,1,193165421,0,1,0.900963078118134,0.900963078118134
S1_193165791,1,193165791,0,1,0.305322577736909,0.554259527202567
S1_193166207,1,193166207,0,1,0.180364921062467,0.180364921062467
S1_193166236,1,193166236,0,1,0.395155958902319,0.249410429927362
S1_193170787,1,193170787,0,1,0.820057590317874,1.21969167104254
S1_193173275,1,193173275,0,1,0.252427237185181,0.144601911684468
S1_193173386,1,193173386,0,1,0.356880963912279,0.577119775081172
S1_193173416,1,193173416,0,1,0.252859352809288,0.552559773671119
S1_193173444,1,193173444,0,1,0.440725297289175,0.739073551647644
S1_193247066,1,193247066,0,1,0.104777973961355,0.0560268983841606
S1_193249223,1,193249223,0,1,0.50674530155532,0.50674530155532
S1_193250704,1,193250704,0,1,0.118831451605637,0.33731534346007
S1_193250979,1,193250979,0,1,0.519629888357637,0.423510378570023
S1_193317334,1,193317334,0,1,0.439161091218538,0.785653738315939
S1_193317357,1,193317357,0,1,0.428921864632049,0.622185895507471
S1_193317360,1,193317360,0,1,0.0622307716547174,0.146634937309763
S1_193452126,1,193452126,0,1,0.372893558698988,0.595503679480205
S1_193456654,1,193456654,0,1,0.199235410638841,0.167301253281198
S1_193456672,1,193456672,0,1,0.155168490976183,0.341854240138573
S1_193456796,1,193456796,0,1,0.383959753143015,0.689074471942997
S1_193456888,1,193456888,0,1,0.627341032141961,0.436668267637998
S1_193456910,1,193456910,0,1,1.29929093025095,1.08557548543609
S1_193520193,1,193520193,0,1,0.259463088046216,0.320029535839528
S1_193520212,1,193520212,0,1,0.258938832960858,0.55342007970195
S1_193590231,1,193590231,0,1,0.094831976347062,0.183393407116856
S1_193590436,1,193590436,0,1,0.391950706998861,0.391950706998861
S1_193590487,1,193590487,0,1,0.0102196631754501,0.0114237638545356
S1_193591178,1,193591178,0,1,0.0980200942022965,0.0980200942022965
S1_193591268,1,193591268,0,1,0.559130853872548,0.632317298385599
S1_193591297,1,193591297,0,1,0.089668758398084,0.265829397310267
S1_193600138,1,193600138,0,1,1.09002659850446,1.18010687980657
S1_193600141,1,193600141,0,1,1.49773950797144,1.66030027672566
S1_193600148,1,193600148,0,1,0.0722745071059865,0.114636014607495
S1_193600186,1,193600186,0,1,0.0277437450406262,0.0277437450406262
S1_193769370,1,193769370,0,1,0.335605808532682,0.571789004377034
S1_193769380,1,193769380,0,1,0.293366648986939,0.538255681141825
S1_193791749,1,193791749,0,1,0.0866278123594363,0.0866278123594363
S1_193791754,1,193791754,0,1,0.0681427901112141,0.0681427901112141
S1_193793790,1,193793790,0,1,0.311383746808343,0.559933999070573
S1_193828387,1,193828387,0,1,0.365090668977014,0.667449137858263
S1_193829860,1,193829860,0,1,0.545051309912664,0.834753163166868
S1_193830221,1,193830221,0,1,0.967554051648569,1.3272922509319
S1_193838256,1,193838256,0,1,0.713165109154042,1.14760795951263
S1_193838289,1,193838289,0,1,0.280269655669791,0.11347528117447
S1_193838415,1,193838415,0,1,1.50934489890061,0.064521603896687
S1_193838501,1,193838501,0,1,0.638886527535022,0.638886527535022
S1_193838523,1,193838523,0,1,0.219837925525897,0.0481430936358686
S1_193869670,1,193869670,0,1,0.0805817876640798,0.0507341738117997
S1_193869677,1,193869677,0,1,0.0784908637583957,0.010656858689756
S1_193869757,1,193869757,0,1,0.347765046476283,0.454709969874699
S1_193869765,1,193869765,0,1,0.18701228797757,0.047879098508597
S1_193869797,1,193869797,0,1,0.201819815216466,0.47324287450642
S1_193869840,1,193869840,0,1,0.138145265613166,0.297629856502331
S1_193869846,1,193869846,0,1,1.38406873563949,1.93186401079061
S1_193869876,1,193869876,0,1,1.1821168282077,1.57139354693235
S1_193873113,1,193873113,0,1,0.175017029201035,0.175017029201035
S1_194014245,1,194014245,0,1,0.167403707173319,0.349629496057516
S1_194014266,1,194014266,0,1,0.211513875630776,0.443936332912889
S1_194014310,1,194014310,0,1,0.253798943005222,0.553775377942669
S1_194021533,1,194021533,0,1,0.0234708040000097,0.0708445053989651
S1_194210890,1,194210890,0,1,0.109950054601371,0.0579296362068568
S1_194455089,1,194455089,0,1,0.910475152360889,0.910475152360889
S1_194492744,1,194492744,0,1,0.0638462981556466,0.0638462981556466
S1_194492802,1,194492802,0,1,0.385573720522493,0.330244773828407
S1_194492817,1,194492817,0,1,0.248011292817538,0.240926798907474
S1_194572062,1,194572062,0,1,0.0808340517917904,0.238936534303407
S1_194572063,1,194572063,0,1,0.0102195855232446,0.060217232535439
S1_194572489,1,194572489,0,1,0.604639316472796,0.831309626664493
S1_194572984,1,194572984,0,1,0.503555909995358,0.503555909995358
S1_194573002,1,194573002,0,1,0.305035026393077,0.305035026393077
S1_194658910,1,194658910,0,1,1.79351260130195,2.26709990811819
S1_194660941,1,194660941,0,1,0.571825087631031,0.733875003820539
S1_194663005,1,194663005,0,1,0.584778674699377,0.993174738181073
S1_194663019,1,194663019,0,1,1.74525075055442,2.26654284097337
S1_194667185,1,194667185,0,1,0.972767730915876,1.16029270406461
S1_194675057,1,194675057,0,1,0.766965259266822,1.1779323231874
S1_194675174,1,194675174,0,1,0.408870269451476,0.631069552443275
S1_194675229,1,194675229,0,1,0.304143052512494,0.624381291222095
S1_194676079,1,194676079,0,1,0.434862233908572,0.802445058817549
S1_194676230,1,194676230,0,1,0.295398527629295,0.277623387255002
S1_194676231,1,194676231,0,1,0.135011621107023,0.202441068460634
S1_194676236,1,194676236,0,1,0.215508382643362,0.215508382643362
S1_194683148,1,194683148,0,1,0.198853880582684,0.381519302937091
S1_194684979,1,194684979,0,1,0.307265138703602,0.623938116955299
S1_194687297,1,194687297,0,1,1.18403241711894,1.18403241711894
S1_194687345,1,194687345,0,1,0.180917442217512,0.442356279092382
S1_194730943,1,194730943,0,1,0.513701736122844,0.904504884735735
S1_194730951,1,194730951,0,1,0.552617885824048,0.552617885824048
S1_194731984,1,194731984,0,1,1.38970772316481,1.59084883670326
S1_194762421,1,194762421,0,1,0.697266943109418,0.905163207824238
S1_194762510,1,194762510,0,1,0.319364670054249,0.186087044436174
S1_194762534,1,194762534,0,1,0.361161606388652,0.629700849382167
S1_194802517,1,194802517,0,1,0.681882194530957,0.790812252816741
S1_194933071,1,194933071,0,1,0.102029774711813,0.291360898195979
S1_194933093,1,194933093,0,1,0.335998823644522,0.162102355460432
S1_194944820,1,194944820,0,1,0.092767267482064,0.182773290051365
S1_194994661,1,194994661,0,1,0.905163952226598,0.905163952226598
S1_194994869,1,194994869,0,1,0.391966486957181,0.524338203172065
S1_195043274,1,195043274,0,1,0.559763488986179,0.822519286902747
S1_195043360,1,195043360,0,1,0.185447152231133,0.404458039559969
S1_195043391,1,195043391,0,1,0.805875445636264,0.805875445636264
S1_195072079,1,195072079,0,1,0.0663260750994621,0.0318662010718217
S1_195072080,1,195072080,0,1,0.249860768210448,0.430754198625306
S1_195072109,1,195072109,0,1,0.576326634337442,0.576326634337442
S1_195072258,1,195072258,0,1,0.161147327831274,0.239673206449077
S1_195072304,1,195072304,0,1,0.111779736341805,0.111779736341805
S1_195146731,1,195146731,0,1,0.214158948935369,0.0288131318038389
S1_195170208,1,195170208,0,1,0.0929597977423723,0.201080446525518
S1_195170234,1,195170234,0,1,0.169078383482728,0.305762521170307
S1_195181069,1,195181069,0,1,1.41652692958356,1.41652692958356
S1_195181083,1,195181083,0,1,1.41652692958356,1.41652692958356
S1_195181296,1,195181296,0,1,0.345236586263312,0.299654908145444
S1_195185504,1,195185504,0,1,1.18716848204975,0.130400414906051
S1_195185917,1,195185917,0,1,0.437124347469455,0.735459550221193
S1_195185922,1,195185922,0,1,0.63807026555266,0.680270109405811
S1_195185966,1,195185966,0,1,0.318495822011001,0.00789874257417672
S1_195186151,1,195186151,0,1,0.321522395374083,0.633327508892187
S1_195187249,1,195187249,0,1,0.0594229380362849,0.0433940312890674
S1_195187250,1,195187250,0,1,0.0545496780868049,0.0130808242396011
S1_195187278,1,195187278,0,1,0.411524511119465,0.744600879052247
S1_195187721,1,195187721,0,1,0.0157370666501689,0.0157370666501689
S1_195187861,1,195187861,0,1,0.116624621682315,0.261105612519659
S1_195281872,1,195281872,0,1,0.058849392566677,0.193983403317256
S1_195293590,1,195293590,0,1,1.38498216663278,0.820504003102208
S1_195294121,1,195294121,0,1,0.0853428158625752,0.274360942081407
S1_195294126,1,195294126,0,1,0.165007150591174,0.0148119924069919
S1_195294131,1,195294131,0,1,0.186373993540071,0.189119991807689
S1_195294138,1,195294138,0,1,0.226006985254387,0.339495124396179
S1_195331603,1,195331603,0,1,0.204452829546005,0.462376574129563
S1_195331633,1,195331633,0,1,0.344335906623264,0.224203237483187
S1_195331696,1,195331696,0,1,0.290823157234092,0.576807449895597
S1_195331825,1,195331825,0,1,0.471341656338185,0.810938479727991
S1_195331894,1,195331894,0,1,0.485798115072209,0.549060726592674
S1_195337320,1,195337320,0,1,0.274887684010959,0.254078804323968
S1_195337344,1,195337344,0,1,0.263157055713533,0.460258878358154
S1_195338231,1,195338231,0,1,0.100536146689952,0.232594649567844
S1_195338246,1,195338246,0,1,1.03995032846506,0.113014385832666
S1_195338329,1,195338329,0,1,0.117742663143508,0.327311100352773
S1_195416113,1,195416113,0,1,0.297393551875174,0.297393551875174
S1_195416162,1,195416162,0,1,0.230764433470017,0.268221888947438
S1_195484727,1,195484727,0,1,1.2537381887323,0.422292094342224
S1_195484745,1,195484745,0,1,0.473525136227993,0.648697019105559
S1_195484808,1,195484808,0,1,0.285992478443109,0.134750797079362
S1_195484810,1,195484810,0,1,0.308324040251284,0.188367395338674
S1_195485185,1,195485185,0,1,0.338155075920598,0.0594151917456049
S1_195491092,1,195491092,0,1,0.0240120608510641,0.1098135184774
S1_195491540,1,195491540,0,1,0.407325295932622,0.711904726308164
S1_195557342,1,195557342,0,1,0.548104800667057,0.125647116370552
S1_195557985,1,195557985,0,1,0.282521584600754,0.0344796711072787
S1_195558014,1,195558014,0,1,1.15432225948156,0.462233292832829
S1_195558387,1,195558387,0,1,0.156045075632874,0.338795691742541
S1_195560594,1,195560594,0,1,0.938955124181596,0.606024841074801
S1_195560637,1,195560637,0,1,0.684762607640578,0.0329505586448073
S1_195560727,1,195560727,0,1,1.3578008856766,1.82920154926875
S1_195649508,1,195649508,0,1,0.493001744700671,0.493001744700671
S1_195722443,1,195722443,0,1,1.61678908497999,1.09403239724593
S1_195722459,1,195722459,0,1,1.9689704037586,2.02767969949388
S1_195723208,1,195723208,0,1,1.0861461182476,1.0861461182476
S1_195753578,1,195753578,0,1,0.406820384675554,0.232298183395484
S1_195754293,1,195754293,0,1,1.2564554951384,1.48303427275771
S1_195755775,1,195755775,0,1,0.354347109911044,0.238881022012952
S1_195759805,1,195759805,0,1,0.230859357817614,0.230859357817614
S1_195773993,1,195773993,0,1,0.474770651253087,0.8403616193212
S1_195775891,1,195775891,0,1,3.80621768253892,0.0490448357908906
S1_195775992,1,195775992,0,1,1.08137151748572,1.08137151748572
S1_195776063,1,195776063,0,1,0.367986446409117,0.474619623378979
S1_195776072,1,195776072,0,1,0.185663305423512,0.0529185979207947
S1_195776269,1,195776269,0,1,0.0141286402793099,0.0371143347502812
S1_195776382,1,195776382,0,1,0.43937939070061,0.206417372648161
S1_195778787,1,195778787,0,1,0.310133659667818,0.310133659667818
S1_195778934,1,195778934,0,1,0.0541843025315064,0.077910012067718
S1_195778991,1,195778991,0,1,0.199460030384978,0.238791953179101
S1_195779532,1,195779532,0,1,0.77171479228812,0.792224675283566
S1_195779535,1,195779535,0,1,0.384024834010823,0.698760816438758
S1_195878389,1,195878389,0,1,0.349532651432265,0.106711678220552
S1_195878426,1,195878426,0,1,0.434462444660676,0.295572645630796
S1_195888749,1,195888749,0,1,0.399442617041124,0.399442617041124
S1_195889882,1,195889882,0,1,0.405666372098371,0.128872590077296
S1_195889901,1,195889901,0,1,0.654879446051147,0.97640529945412
S1_195910080,1,195910080,0,1,0.26194523140003,0.0692379260318462
S1_195910082,1,195910082,0,1,0.351372174375861,0.607755308844271
S1_196051515,1,196051515,0,1,0.695627214759292,0.942921122021771
S1_196051701,1,196051701,0,1,0.534174454102385,0.868599449559446
S1_196051702,1,196051702,0,1,1.00602960815001,1.06459086740284
S1_196052777,1,196052777,0,1,0.0716420123766136,0.160328820847874
S1_196052894,1,196052894,0,1,0.0149180078909364,0.0808601098161406
S1_196052897,1,196052897,0,1,0.00337493033793525,0.0091299963852442
S1_196053428,1,196053428,0,1,0.545585565700856,0.914196284806134
S1_196053478,1,196053478,0,1,1.21748351355674,1.17226955669666
S1_196055624,1,196055624,0,1,0.179684697478313,0.106527946446496
S1_196055637,1,196055637,0,1,0.0811055984318818,0.0811055984318818
S1_196127599,1,196127599,0,1,0.55036544496652,0.55036544496652
S1_196127618,1,196127618,0,1,0.0384380797965554,0.0384380797965554
S1_196127682,1,196127682,0,1,1.29903133618654,1.70012733183862
S1_196194254,1,196194254,0,1,1.23368268228257,1.32421287781738
S1_196200419,1,196200419,0,1,1.38180614308744,1.86387720913322
S1_196200447,1,196200447,0,1,0.412030249647831,0.580114655040228
S1_196200703,1,196200703,0,1,0.0235058110782707,0.0102759115665286
S1_196200717,1,196200717,0,1,0.201213439479252,0.191025171912008
S1_196200913,1,196200913,0,1,0.686824936559939,0.744369494387838
S1_196201027,1,196201027,0,1,2.13521954508582,2.57957658072922
S1_196201034,1,196201034,0,1,1.76077026118814,2.09804341048508
S1_196212708,1,196212708,0,1,0.848617937267039,0.848617937267039
S1_196213093,1,196213093,0,1,1.09774419886856,1.33076311442777
S1_196213685,1,196213685,0,1,1.25536557624347,1.16078046829338
S1_196213701,1,196213701,0,1,0.490854524968049,0.309712685848715
S1_196214207,1,196214207,0,1,0.309737924243276,0.606367228079396
S1_196214254,1,196214254,0,1,0.489480758175348,0.569333463838695
S1_196214265,1,196214265,0,1,1.00070386500832,1.03279431961428
S1_196255750,1,196255750,0,1,0.881045395656775,1.23435132728997
S1_196263656,1,196263656,0,1,0.419524917390823,0.310502667073164
S1_196265665,1,196265665,0,1,0.276635689454223,0.102172527992114
S1_196339551,1,196339551,0,1,0.212989210131201,0.212989210131201
S1_196340521,1,196340521,0,1,0.328710112654204,0.0668204212713431
S1_196340715,1,196340715,0,1,0.332723709464728,0.119621179568046
S1_196371689,1,196371689,0,1,0.973049791581212,1.43220919455221
S1_196371801,1,196371801,0,1,2.27588132828047,2.65151591528667
S1_196372325,1,196372325,0,1,0.625437850898496,0.514312461531482
S1_196425936,1,196425936,0,1,0.215211036190875,0.215211036190875
S1_196428875,1,196428875,0,1,0.788418334884947,1.10349470077348
S1_196428991,1,196428991,0,1,0.673339741521279,0.673339741521279
S1_196429321,1,196429321,0,1,0.744760169499252,0.744760169499252
S1_196534166,1,196534166,0,1,0.0900153365207609,0.275026239165889
S1_196534168,1,196534168,0,1,0.0478630640291108,0.178294002790214
S1_196534701,1,196534701,0,1,0.196683226142808,0.45360723191589
S1_196545881,1,196545881,0,1,0.378897217472437,0.62158421800945
S1_196546122,1,196546122,0,1,0.379707442058304,0.668511809335887
S1_196586214,1,196586214,0,1,0.802215885769251,0.802215885769251
S1_196589117,1,196589117,0,1,0.147539355077925,0.180249847315168
S1_196589539,1,196589539,0,1,0.133083350316155,0.22714408082852
S1_196643006,1,196643006,0,1,0.134810562143135,0.28337770958271
S1_196643035,1,196643035,0,1,0.161405908976259,0.336743085387768
S1_196643392,1,196643392,0,1,0.0830311556358927,0.258050389406387
S1_196693571,1,196693571,0,1,0.171772153290165,0.414905680303965
S1_196693632,1,196693632,0,1,0.10341894154312,0.00670947715471791
S1_196693643,1,196693643,0,1,0.222722450767445,0.304058173949054
S1_196693793,1,196693793,0,1,0.0627435243080291,0.0943928308700133
S1_196693809,1,196693809,0,1,0.248985525362288,0.258407977347632
S1_196695347,1,196695347,0,1,0.308085393596251,0.256510795502331
S1_196772537,1,196772537,0,1,0.669140169939984,0.195785908244138
S1_196772733,1,196772733,0,1,0.0515808683004551,0.00607614366706909
S1_196773247,1,196773247,0,1,0.595698926175916,0.451377578366769
S1_196806827,1,196806827,0,1,0.0326335852507521,0.150104452236534
S1_197055941,1,197055941,0,1,0.315990919293503,0.171697182497553
S1_197058976,1,197058976,0,1,1.16862148932176,0.346669535600349
S1_197065543,1,197065543,0,1,0.0838692827576489,0.169116652079345
S1_197065757,1,197065757,0,1,0.0903759896857784,0.0691016665923653
S1_197068907,1,197068907,0,1,0.629060617348357,1.0529938527235
S1_197071314,1,197071314,0,1,0.0173298063121212,0.0951527453108406
S1_197071761,1,197071761,0,1,0.030606259717038,0.0863068190821891
S1_197079890,1,197079890,0,1,1.77322096047433,1.77322096047433
S1_197194406,1,197194406,0,1,0.0021439554809712,0.0309669948646707
S1_197260326,1,197260326,0,1,0.786326725207447,0.871884678041254
S1_197260579,1,197260579,0,1,0.0171899885829577,0.0598027368742308
S1_197261060,1,197261060,0,1,0.22422811232333,0.507837040795176
S1_197261071,1,197261071,0,1,0.228133850183799,0.262633004795785
S1_197261094,1,197261094,0,1,0.119823476303983,0.241700679185355
S1_197261169,1,197261169,0,1,0.158491237701206,0.337294199252171
S1_197262254,1,197262254,0,1,0.301618866909189,0.60977693916917
S1_197262307,1,197262307,0,1,0.239378655205958,0.510804992516075
S1_197262326,1,197262326,0,1,0.240872278949333,0.534600741245964
S1_197266250,1,197266250,0,1,0.404864092336736,0.605054924584147
S1_197268169,1,197268169,0,1,0.398599069516729,0.357008617113057
S1_197269752,1,197269752,0,1,0.375538445457625,0.594280604919378
S1_197270548,1,197270548,0,1,0.0134136260878458,0.0945032313032051
S1_197270659,1,197270659,0,1,0.343906981311626,0.0869900600127642
S1_197272375,1,197272375,0,1,0.0840225270881878,0.173619433305942
S1_197387384,1,197387384,0,1,0.393319636728848,0.410186482550862
S1_197389855,1,197389855,0,1,0.197483088994176,0.197483088994176
S1_197463176,1,197463176,0,1,0.153530900212971,0.327857400525263
S1_197544823,1,197544823,0,1,0.987668277198868,1.43503166550986
S1_197581432,1,197581432,0,1,0.0145404303785355,0.080407365514918
S1_197581435,1,197581435,0,1,0.234899320729303,0.234899320729303
S1_197581572,1,197581572,0,1,0.218934482352317,0.218934482352317
S1_197581723,1,197581723,0,1,0.450995852003928,0.510023673616626
S1_197748359,1,197748359,0,1,0.101832161559599,0.120895916481143
S1_197748542,1,197748542,0,1,0.591940074506081,0.591940074506081
S1_197748554,1,197748554,0,1,0.765831158428447,1.09567773456137
S1_197748610,1,197748610,0,1,0.0934546680589881,0.0934546680589881
S1_197748678,1,197748678,0,1,0.131749186864437,0.284709799967117
S1_197748695,1,197748695,0,1,0.161724233149378,0.285803827851305
S1_197748835,1,197748835,0,1,1.21573506973286,1.63804978643528
S1_197748860,1,197748860,0,1,0.825523245912713,0.472472902425388
S1_197748869,1,197748869,0,1,0.40091433611751,0.40091433611751
S1_197748884,1,197748884,0,1,0.60396774871289,0.512830460229486
S1_197748941,1,197748941,0,1,0.190378595357893,0.348480263029026
S1_197792470,1,197792470,0,1,0.741845593792184,0.82517426771421
S1_197792633,1,197792633,0,1,0.772334415739078,0.995765933150428
S1_197793482,1,197793482,0,1,0.321199062994186,0.629278185955651
S1_197793521,1,197793521,0,1,0.32820167894157,0.449874818592712
S1_197793530,1,197793530,0,1,0.158234758261834,0.05134883136856
S1_197796967,1,197796967,0,1,0.146740006807922,0.38073444346303
S1_197846414,1,197846414,0,1,0.0863549337550612,0.0870370906728014
S1_197964628,1,197964628,0,1,0.77082407187756,1.14383198112816
S1_198192649,1,198192649,0,1,0.628344570279369,1.00500197041169
S1_198192910,1,198192910,0,1,0.0814442564079543,0.156005612040545
S1_198195179,1,198195179,0,1,0.505894189322997,0.80941447674848
S1_198195264,1,198195264,0,1,0.789602291808816,0.789602291808816
S1_198195305,1,198195305,0,1,0.145582788872841,0.145582788872841
S1_198198961,1,198198961,0,1,0.124029764648236,0.322087806997157
S1_198198965,1,198198965,0,1,0.344583757801633,0.500639399394896
S1_198219595,1,198219595,0,1,0.113928042552813,0.088660663027068
S1_198231646,1,198231646,0,1,0.270820410627735,0.430471901720309
S1_198233280,1,198233280,0,1,0.247345571664706,0.493972580498286
S1_198278101,1,198278101,0,1,0.514312538468828,0.883592489549984
S1_198279379,1,198279379,0,1,0.28350943934227,0.28350943934227
S1_198306190,1,198306190,0,1,1.28490959438842,0.947961596189655
S1_198322473,1,198322473,0,1,0.729387091127201,1.16081815919728
S1_198322585,1,198322585,0,1,0.472207171313172,0.786746923221944
S1_198323526,1,198323526,0,1,0.662269234521633,0.907269295022747
S1_198324550,1,198324550,0,1,0.336215398029474,0.339795106541928
S1_198353885,1,198353885,0,1,0.00334417429051244,0.0227673503881327
S1_198393454,1,198393454,0,1,0.0146964470956033,0.0990937022920815
S1_198393489,1,198393489,0,1,0.963103235153233,1.41857963050829
S1_198393509,1,198393509,0,1,1.04726258098844,1.33317265217888
S1_198415937,1,198415937,0,1,0.534854534532243,0.618657985354537
S1_198416775,1,198416775,0,1,0.264765138909873,0.188125497291625
S1_198416812,1,198416812,0,1,0.122141038138332,0.292825498510755
S1_198471265,1,198471265,0,1,0.580446667931729,0.806177076777893
S1_198471290,1,198471290,0,1,0.666823283250351,0.911678103597291
S1_198472775,1,198472775,0,1,0.326052773432896,0.552971550351972
S1_198473237,1,198473237,0,1,0.390836576375699,0.337805243430987
S1_198473371,1,198473371,0,1,0.472356601879704,0.240109211969809
S1_198474650,1,198474650,0,1,1.55464166480657,0.671449043096526
S1_198478892,1,198478892,0,1,0.170802251230411,0.370531376041122
S1_198541547,1,198541547,0,1,0.560115396024632,0.103697604675163
S1_198651456,1,198651456,0,1,0.267180415835834,0.0114527072064413
S1_198653372,1,198653372,0,1,0.675030525296073,1.00750529341062
S1_198655781,1,198655781,0,1,0.356990009882105,0.682016424655426
S1_198733640,1,198733640,0,1,1.09056861262097,1.18292039489295
S1_198733703,1,198733703,0,1,1.53369878070081,0.170529740236217
S1_198733738,1,198733738,0,1,0.790155742631045,0.959157393541243
S1_198734607,1,198734607,0,1,0.131934042386326,0.354741260782815
S1_198734613,1,198734613,0,1,0.258177915085704,0.0983741853453264
S1_198735087,1,198735087,0,1,0.110671142398549,0.321417814769174
S1_198739522,1,198739522,0,1,0.417957977163832,0.659235157246483
S1_198739875,1,198739875,0,1,0.212540528517809,0.368086009307533
S1_198739913,1,198739913,0,1,0.221007583346492,0.236874113887918
S1_198741663,1,198741663,0,1,0.0174472213522258,0.00270494937459191
S1_198742875,1,198742875,0,1,0.814835291966462,0.814835291966462
S1_198742956,1,198742956,0,1,0.141421510794699,0.141421510794699
S1_198743035,1,198743035,0,1,0.20082184372672,0.41426231207606
S1_198743280,1,198743280,0,1,0.429737816746191,0.590404081166846
S1_198934256,1,198934256,0,1,0.0446951465187056,0.185452696106147
S1_198934265,1,198934265,0,1,0.832888518922107,0.390520328595123
S1_198934271,1,198934271,0,1,0.105750274249097,0.0887444883051981
S1_198934305,1,198934305,0,1,1.09369690450805,1.0241255708798
S1_198934764,1,198934764,0,1,0.440707097088014,0.747478062111965
S1_199070393,1,199070393,0,1,0.109168379675517,0.155370824556125
S1_199070407,1,199070407,0,1,0.12964487555314,0.12964487555314
S1_199070422,1,199070422,0,1,1.00448532321566,1.34813602571278
S1_199070678,1,199070678,0,1,0.188528070990043,0.188528070990043
S1_199070738,1,199070738,0,1,0.242896968355905,0.242896968355905
S1_199070933,1,199070933,0,1,0.0970997354232808,0.144355832295021
S1_199070994,1,199070994,0,1,0.202480688418055,0.228439483981033
S1_199107281,1,199107281,0,1,0.277510105948228,0.211614375204962
S1_199107325,1,199107325,0,1,0.190708923566631,0.419606539526317
S1_199107355,1,199107355,0,1,0.87175173942649,0.612971653531593
S1_199107461,1,199107461,0,1,0.544797562617407,0.498417030427027
S1_199107491,1,199107491,0,1,0.147353366158685,0.138035050911267
S1_199111008,1,199111008,0,1,0.577398473130737,0.288189407613697
S1_199112652,1,199112652,0,1,0.699626868868498,1.10860209986897
S1_199116438,1,199116438,0,1,0.218441807100921,0.0898640099552701
S1_199116449,1,199116449,0,1,0.282027795278416,0.355194391260613
S1_199116451,1,199116451,0,1,0.315927031800188,0.427382974228654
S1_199116473,1,199116473,0,1,0.0778182664404161,0.108584126947321
S1_199116563,1,199116563,0,1,0.676904078112042,0.676904078112042
S1_199116582,1,199116582,0,1,0.899513132311037,0.899513132311037
S1_199117178,1,199117178,0,1,0.0653497705534147,0.198500448258781
S1_199117240,1,199117240,0,1,0.351468372419959,0.544945054336936
S1_199117304,1,199117304,0,1,0.240806409775505,0.277804002622902
S1_199117834,1,199117834,0,1,0.154365692816646,0.385118655596623
S1_199117873,1,199117873,0,1,0.253293450781105,0.124771326001198
S1_199117887,1,199117887,0,1,0.222466700186404,0.0344614265550921
S1_199117906,1,199117906,0,1,0.253293450781105,0.124771326001198
S1_199161336,1,199161336,0,1,0.261747958563979,0.261747958563979
S1_199339554,1,199339554,0,1,0.0803807820750376,0.0552054241302948
S1_199339691,1,199339691,0,1,0.251550318128527,0.374483886920755
S1_199339693,1,199339693,0,1,0.169743305795324,0.17719575604958
S1_199339743,1,199339743,0,1,0.348396625128379,0.653882993156359
S1_199339833,1,199339833,0,1,0.0316923763859427,0.0448445053099335
S1_199340899,1,199340899,0,1,0.177087705132001,0.436259933252065
S1_199407017,1,199407017,0,1,0.309534618061398,0.309534618061398
S1_199485132,1,199485132,0,1,0.0363294488645235,0.133670202118891
S1_199486279,1,199486279,0,1,0.532791294627452,0.225990804893597
S1_199486287,1,199486287,0,1,0.0087961406001593,0.0044227511798548
S1_199486296,1,199486296,0,1,0.677739459805569,0.424784906360363
S1_199491358,1,199491358,0,1,0.138483201195786,0.32032260731897
S1_199492085,1,199492085,0,1,0.128157455464339,0.104265722699511
S1_199492151,1,199492151,0,1,0.128002554851084,0.0465248425497056
S1_199500267,1,199500267,0,1,0.325596686344425,0.532751762768203
S1_199501674,1,199501674,0,1,0.361503640178955,0.429617774669566
S1_199501796,1,199501796,0,1,0.0256500542927862,0.0256500542927862
S1_199502100,1,199502100,0,1,1.25419609901249,1.72714805144041
S1_199502122,1,199502122,0,1,0.562683773256359,0.836928513024815
S1_199502126,1,199502126,0,1,0.0583876965157068,0.180303756900402
S1_199502634,1,199502634,0,1,0.812899152587218,0.0224016659415854
S1_199502652,1,199502652,0,1,0.207013066035249,0.0111773090802554
S1_199502655,1,199502655,0,1,0.214561677642556,0.131284757977281
S1_199556989,1,199556989,0,1,0.0616505254688268,0.0651393090893795
S1_199613415,1,199613415,0,1,1.19901096421706,0.935522546026496
S1_199613522,1,199613522,0,1,0.886333308029692,0.758585886954595
S1_199631935,1,199631935,0,1,0.336910809700161,0.477406648307068
S1_199631971,1,199631971,0,1,0.0655335868257478,0.167113416649578
S1_199636015,1,199636015,0,1,0.178715501588691,0.0446747876432114
S1_199640183,1,199640183,0,1,1.45266869959087,1.75039081073566
S1_199640286,1,199640286,0,1,0.316742387250671,0.612918510750665
S1_199640287,1,199640287,0,1,0.197092265818043,0.107913903691874
S1_199640594,1,199640594,0,1,0.213833246397725,0.12450466538222
S1_199640618,1,199640618,0,1,0.282721430970129,0.148155580327593
S1_199640789,1,199640789,0,1,1.17989994859883,1.17989994859883
S1_199640897,1,199640897,0,1,0.110019705405889,0.0550472711468146
S1_199640903,1,199640903,0,1,1.0607950702456,1.30604427484362
S1_199640906,1,199640906,0,1,0.12964766610851,0.291770228638186
S1_199685211,1,199685211,0,1,0.417650350127481,0.780066067126326
S1_199685220,1,199685220,0,1,0.42720527599603,0.54910215370136
S1_199727283,1,199727283,0,1,0.580150366842365,0.179155736588733
S1_199727382,1,199727382,0,1,1.00308016349436,1.49695094672665
S1_199730606,1,199730606,0,1,0.288883051036231,0.50544957536467
S1_199730615,1,199730615,0,1,0.012710328203609,0.0546139999211926
S1_199730700,1,199730700,0,1,0.82561479196572,0.747092121015507
S1_199730706,1,199730706,0,1,0.0507287299579197,0.0660108980819471
S1_199730719,1,199730719,0,1,0.187379267678569,0.104639366647928
S1_199730735,1,199730735,0,1,1.24236487444623,1.7456918669945
S1_199730824,1,199730824,0,1,0.140198267918985,0.302937155959212
S1_199730838,1,199730838,0,1,1.0559495081969,1.15698880425677
S1_199730869,1,199730869,0,1,0.0632036772905718,0.225031923237388
S1_199737677,1,199737677,0,1,0.433371286046231,0.680982052880724
S1_199737680,1,199737680,0,1,0.874864301921601,0.185035545878481
S1_199737760,1,199737760,0,1,0.169278694243125,0.39659462791987
S1_199741009,1,199741009,0,1,0.471918978081791,0.301822979859636
S1_199741086,1,199741086,0,1,0.179699742870963,0.211111693924744
S1_199741152,1,199741152,0,1,0.604277713593619,0.432090558597939
S1_199741293,1,199741293,0,1,0.240721907228621,0.120997192312097
S1_199741294,1,199741294,0,1,0.904659388293868,0.417413302034621
S1_199742002,1,199742002,0,1,0.132741089988277,0.339662647819469
S1_199742008,1,199742008,0,1,0.366491925558054,0.700306087223892
S1_199837642,1,199837642,0,1,0.335774959383951,0.622738181232801
S1_199837643,1,199837643,0,1,0.243763565351736,0.492090838957276
S1_199837703,1,199837703,0,1,0.3679268947373,0.0177099018596472
S1_199837724,1,199837724,0,1,0.882763650088137,0.924170492144061
S1_199896330,1,199896330,0,1,0.321751655067569,0.440890109407303
S1_199896425,1,199896425,0,1,0.474851385362701,0.717152729849414
S1_199963819,1,199963819,0,1,0.0468050525488308,0.115498468496596
S1_199963827,1,199963827,0,1,0.163378786284706,0.163846282531422
S1_199964200,1,199964200,0,1,0.31870967989365,0.258603305142146
S1_200000664,1,200000664,0,1,0.259204178238339,0.417008150841545
S1_200002933,1,200002933,0,1,0.289424038483235,0.289424038483235
S1_200002934,1,200002934,0,1,0.329264616058411,0.039895026077902
S1_200002946,1,200002946,0,1,0.0279418129504048,0.109975153638318
S1_200003579,1,200003579,0,1,0.153793300925371,0.394797724310337
S1_200003589,1,200003589,0,1,0.35773907016599,0.408402574126185
S1_200005378,1,200005378,0,1,0.563282847688901,0.283599658897545
S1_200005411,1,200005411,0,1,0.109325751607128,0.185313593413906
S1_200005419,1,200005419,0,1,0.245760892931295,0.541676208170374
S1_200005447,1,200005447,0,1,0.0538368723067613,0.0606165388330151
S1_200005559,1,200005559,0,1,0.601501312054987,0.710621733893402
S1_200071447,1,200071447,0,1,NA,NA
S1_200071623,1,200071623,0,1,0.446155182824679,0.455462366637586
S1_200075537,1,200075537,0,1,0.317005283508644,0.598839570231262
S1_200075771,1,200075771,0,1,0.803208026518061,0.27801653738914
S1_200076363,1,200076363,0,1,0.132500509719314,0.157477002162654
S1_200077059,1,200077059,0,1,1.12727962766859,0.0409386520132067
S1_200160045,1,200160045,0,1,0.199136265211932,0.0920599157222449
S1_200160076,1,200160076,0,1,0.00308421502702868,0.0382815930778586
S1_200162854,1,200162854,0,1,0.566713269808584,0.566713269808584
S1_200162861,1,200162861,0,1,0.842948475512374,0.842948475512374
S1_200250136,1,200250136,0,1,0.15438412987659,0.308357574315267
S1_200250170,1,200250170,0,1,0.0153039909403288,0.0800505285940974
S1_200250174,1,200250174,0,1,0.136283802667047,0.264559267854837
S1_200250326,1,200250326,0,1,0.397479267472565,0.749870790051071
S1_200250414,1,200250414,0,1,0.104928464609836,0.312451033233753
S1_200269938,1,200269938,0,1,0.0510643165018517,0.150360278823615
S1_200269986,1,200269986,0,1,0.0897038391443086,0.00402290231067174
S1_200288010,1,200288010,0,1,0.176417361772603,0.360129440822798
S1_200408528,1,200408528,0,1,0.222504793354231,0.222504793354231
S1_200408570,1,200408570,0,1,0.0733668586391245,0.180812462396942
S1_200409094,1,200409094,0,1,0.102726932110939,0.251004002030014
S1_200409185,1,200409185,0,1,0.39929661942477,0.512021152047872
S1_200409226,1,200409226,0,1,1.0021722147948,0.754844565219454
S1_200409232,1,200409232,0,1,0.97692727733354,0.734585730549865
S1_200409645,1,200409645,0,1,0.873795514301973,1.34639697148697
S1_200409809,1,200409809,0,1,0.352557891377361,0.591331262463711
S1_200412107,1,200412107,0,1,0.487583894794334,0.0602173244693709
S1_200412392,1,200412392,0,1,0.0621769998064028,0.148664272912541
S1_200412911,1,200412911,0,1,0.581011872791421,0.450166207585567
S1_200412926,1,200412926,0,1,0.485630799163939,0.0453292411317676
S1_200412961,1,200412961,0,1,0.812161436234294,0.585963116801493
S1_200413194,1,200413194,0,1,1.02066057928859,0.176623828700379
S1_200413431,1,200413431,0,1,0.0121259108180076,0.0419379672054613
S1_200413591,1,200413591,0,1,0.377228919145489,0.645016938853922
S1_200469247,1,200469247,0,1,0.438230853559317,0.0580116593268102
S1_200479302,1,200479302,0,1,0.161307465606445,0.202749673662586
S1_200482504,1,200482504,0,1,0.381835338553492,0.0217499272811369
S1_200489156,1,200489156,0,1,1.31440048482998,1.84822054125209
S1_200499819,1,200499819,0,1,0.364305592776438,0.632335406992529
S1_200500355,1,200500355,0,1,1.26210262075108,1.71366663912498
S1_200559820,1,200559820,0,1,0.657125376837835,0.445430462448975
S1_200559870,1,200559870,0,1,1.57162520141829,0.416352135921589
S1_200559873,1,200559873,0,1,0.0528879986487378,0.147564368077361
S1_200628810,1,200628810,0,1,0.514631678157954,0.907818694917938
S1_200628882,1,200628882,0,1,0.453464299953801,0.826421101951992
S1_200628933,1,200628933,0,1,0.120594709147349,0.120594709147349
S1_200629032,1,200629032,0,1,0.20366416981257,0.0452500426342935
S1_200629105,1,200629105,0,1,0.206784723935485,0.173167896821793
S1_200629133,1,200629133,0,1,0.61975077071746,0.793928397700768
S1_200629139,1,200629139,0,1,0.731790356820847,0.483255731475496
S1_200629234,1,200629234,0,1,1.5195947439655,0.649124177628075
S1_200630625,1,200630625,0,1,0.127920442793356,0.126219864125595
S1_200630634,1,200630634,0,1,0.136018741015349,0.112661215917855
S1_200630643,1,200630643,0,1,0.537451925159972,0.835956689167332
S1_200630668,1,200630668,0,1,1.11297571786328,1.56486274235257
S1_200637462,1,200637462,0,1,0.56983010333332,0.745261500451898
S1_200683878,1,200683878,0,1,0.0376992727655565,0.14619890510586
S1_200683907,1,200683907,0,1,0.0239015461659602,0.0947505531532019
S1_200724147,1,200724147,0,1,0.550665975711963,0.947752437155587
S1_200724264,1,200724264,0,1,0.733365576454083,0.709862692416531
S1_200724270,1,200724270,0,1,0.295677159327192,0.273115379062475
S1_200724289,1,200724289,0,1,0.431132385027483,0.211805853432114
S1_200725159,1,200725159,0,1,0.0182506522890645,0.103382945123114
S1_200725160,1,200725160,0,1,0.23838620459493,0.415038799970293
S1_200725427,1,200725427,0,1,0.296272921523626,0.159067312261267
S1_200725483,1,200725483,0,1,1.22040456654267,1.35911934527514
S1_200725581,1,200725581,0,1,0.408875404370044,0.723725145465823
S1_200725594,1,200725594,0,1,0.0960971752168384,0.12616564424162
S1_200725614,1,200725614,0,1,NA,NA
S1_200801549,1,200801549,0,1,0.461246846822215,0.822068743764135
S1_200801588,1,200801588,0,1,0.209571525719507,0.0911750203806531
S1_200823204,1,200823204,0,1,1.12216163803166,1.31414172182303
S1_200860805,1,200860805,0,1,0.0578374571650216,0.183710286918292
S1_200861067,1,200861067,0,1,0.0544658698915401,0.192490478583526
S1_200861079,1,200861079,0,1,0.0716272614560778,0.161687285862407
S1_200861248,1,200861248,0,1,0.342290287426662,0.375299233436348
S1_200863368,1,200863368,0,1,0.378055775431523,0.218365189546573
S1_200910113,1,200910113,0,1,0.335232008753569,0.473789336012592
S1_200910196,1,200910196,0,1,0.86128498969769,0.991282105061052
S1_200912837,1,200912837,0,1,0.390367256244487,0.548036464089251
S1_200912858,1,200912858,0,1,0.563870545555963,0.903516181242602
S1_201191879,1,201191879,0,1,0.162306277096827,0.105296484942167
S1_201193848,1,201193848,0,1,0.556174052302389,0.556174052302389
S1_201466476,1,201466476,0,1,0.254122350196276,0.136977188840708
S1_201466491,1,201466491,0,1,0.155501657462572,0.286549781809931
S1_201466992,1,201466992,0,1,0.358740214221045,0.106121351660582
S1_201472458,1,201472458,0,1,0.52899075245732,0.0256832826797977
S1_201473890,1,201473890,0,1,0.388273042102691,0.393570689851139
S1_201474654,1,201474654,0,1,0.0892836642876352,0.209898598177358
S1_201483951,1,201483951,0,1,1.15427270487371,1.65570674589132
S1_201484332,1,201484332,0,1,0.219554208714146,0.39967658524179
S1_201484798,1,201484798,0,1,0.454540737840123,0.734355927699401
S1_201484973,1,201484973,0,1,0.934884263933769,1.3571258290855
S1_201484986,1,201484986,0,1,0.321290281492482,0.626576484156521
S1_201485055,1,201485055,0,1,0.37355098802747,0.0456733686110603
S1_201485074,1,201485074,0,1,0.0842225703869485,0.104484814999172
S1_201486818,1,201486818,0,1,0.0628395590914459,0.131398250847701
S1_201489898,1,201489898,0,1,0.144671146845048,0.0951643710422689
S1_201489918,1,201489918,0,1,0.0531879406986277,0.0850970322682498
S1_201627281,1,201627281,0,1,0.248818126276812,0.448593094392489
S1_201629080,1,201629080,0,1,0.473295425292454,0.715051759930098
S1_201629226,1,201629226,0,1,0.0242201052680529,0.10232565368317
S1_201629294,1,201629294,0,1,0.348924910704977,0.0445188759235008
S1_201629376,1,201629376,0,1,0.0940729366766066,0.249995870100486
S1_201630078,1,201630078,0,1,0.487229525432712,0.267282631404142
S1_201630119,1,201630119,0,1,1.57623356235021,0.0337689447336402
S1_201630616,1,201630616,0,1,0.341426241390567,0.552008357442148
S1_201638298,1,201638298,0,1,0.171567149531085,0.0308156907083555
S1_201638346,1,201638346,0,1,0.457711888451345,0.0593661381383399
S1_201638359,1,201638359,0,1,0.941874093392788,1.37688396634107
S1_201641716,1,201641716,0,1,0.677938005331071,1.1132961084875
S1_201729116,1,201729116,0,1,0.325982164617316,0.241903449247374
S1_201729280,1,201729280,0,1,0.153351635779356,0.219321695649732
S1_201739599,1,201739599,0,1,0.203863997624988,0.474616849959986
S1_201739893,1,201739893,0,1,0.474447636115739,0.373637681896559
S1_201739917,1,201739917,0,1,0.26195470411106,0.544725366321827
S1_201740357,1,201740357,0,1,0.313346079041375,0.237421164012044
S1_201740384,1,201740384,0,1,0.603202222889629,0.441147223771907
S1_201740452,1,201740452,0,1,0.545436090452577,0.545436090452577
S1_201740635,1,201740635,0,1,0.349086363274386,0.0659163728739043
S1_201741398,1,201741398,0,1,0.388190307155326,0.484284861294797
S1_201741543,1,201741543,0,1,0.183028351336706,0.376860796672242
S1_201872074,1,201872074,0,1,0.691738982761719,1.1206650870139
S1_201957480,1,201957480,0,1,0.676615801081727,0.711449338134388
S1_201957594,1,201957594,0,1,0.845008208545798,1.3144272467831
S1_201957847,1,201957847,0,1,0.270079755346074,0.474877394298785
S1_201957923,1,201957923,0,1,0.364849296092617,0.45598520249631
S1_201957987,1,201957987,0,1,1.74961861761636,2.16184817427926
S1_201980573,1,201980573,0,1,0.400559164192126,0.0990365587509516
S1_201981647,1,201981647,0,1,1.27960803772719,1.27960803772719
S1_201981683,1,201981683,0,1,1.9586577955544,1.9586577955544
S1_201994698,1,201994698,0,1,0.0862062384893557,0.162395287061885
S1_202154826,1,202154826,0,1,0.0646460968890727,0.130007181971622
S1_202154997,1,202154997,0,1,0.301617912006788,0.600155352338556
S1_202155045,1,202155045,0,1,0.422072495544683,0.416882524582556
S1_202155050,1,202155050,0,1,0.322486002037615,0.226653876594888
S1_202158479,1,202158479,0,1,0.196187095341972,0.445228774861666
S1_202158540,1,202158540,0,1,0.667988258091547,0.813496551115953
S1_202158655,1,202158655,0,1,1.05588123428906,1.04512563764933
S1_202158724,1,202158724,0,1,0.307104248108999,0.307104248108999
S1_202159164,1,202159164,0,1,0.155015448647965,0.0356855563886532
S1_202159209,1,202159209,0,1,0.20468042092045,0.442460488074864
S1_202159617,1,202159617,0,1,0.317703152864245,0.425083726498548
S1_202160238,1,202160238,0,1,1.30893982396487,0.815820972266358
S1_202160254,1,202160254,0,1,1.06218132780268,0.580082077102769
S1_202160381,1,202160381,0,1,0.133685427267473,0.192842909350029
S1_202160385,1,202160385,0,1,0.507706273851517,0.803247848615045
S1_202160389,1,202160389,0,1,1.09760413989296,1.27633182331719
S1_202160398,1,202160398,0,1,0.0805371789424545,0.235106476738426
S1_202160421,1,202160421,0,1,0.108923244094832,0.087445059956186
S1_202166698,1,202166698,0,1,0.216819566096404,0.137768796898147
S1_202166783,1,202166783,0,1,0.188346126106867,0.0175289350936774
S1_202166792,1,202166792,0,1,0.182826943499654,0.0333114574789747
S1_202166960,1,202166960,0,1,0.320907440965959,0.527500189617324
S1_202167531,1,202167531,0,1,0.76840892916829,0.768207620080619
S1_202167876,1,202167876,0,1,0.371914950170725,0.238642571441374
S1_202167937,1,202167937,0,1,0.271186482081309,0.229504734641512
S1_202167950,1,202167950,0,1,0.362964805762529,0.131680461877521
S1_202168104,1,202168104,0,1,0.189634360144586,0.374494809642698
S1_202169254,1,202169254,0,1,0.335452061399143,0.54177611034675
S1_202169382,1,202169382,0,1,0.399943526247164,0.520955274913288
S1_202169549,1,202169549,0,1,0.22171888339346,0.166783655688113
S1_202169555,1,202169555,0,1,0.442630113364013,0.184289998260366
S1_202169556,1,202169556,0,1,0.149250684217452,0.192186591532924
S1_202169861,1,202169861,0,1,0.128744733708635,0.298148210027934
S1_202169880,1,202169880,0,1,0.677445633641365,1.05505548624539
S1_202274932,1,202274932,0,1,0.236337697680958,0.426923270928629
S1_202274936,1,202274936,0,1,0.200293953229677,0.365029580731138
S1_202278545,1,202278545,0,1,0.784881518968367,1.1024767308954
S1_202298028,1,202298028,0,1,0.264392537870507,0.095913006624936
S1_202298290,1,202298290,0,1,0.0101382987204912,0.0141238167735443
S1_202298460,1,202298460,0,1,0.393818524710552,0.07045654166222
S1_202298529,1,202298529,0,1,0.267740571036534,0.352888060037848
S1_202298552,1,202298552,0,1,0.185284283582376,0.0523418002205177
S1_202299270,1,202299270,0,1,0.739796516518716,1.13564975326895
S1_202299372,1,202299372,0,1,0.148229367615962,0.381858807503846
S1_202299516,1,202299516,0,1,0.178223339902996,0.361399049435398
S1_202303146,1,202303146,0,1,0.785901633396395,0.785901633396395
S1_202303719,1,202303719,0,1,1.00224278000725,1.35742499030136
S1_202304391,1,202304391,0,1,0.167629374935988,0.370943986788112
S1_202304601,1,202304601,0,1,0.181662341148013,0.0320149083776126
S1_202304607,1,202304607,0,1,0.136403009802934,0.226455360401813
S1_202305518,1,202305518,0,1,1.19314888695456,1.31194239975723
S1_202305862,1,202305862,0,1,0.396333428402935,0.733641439157915
S1_202444685,1,202444685,0,1,0.137995168461595,0.0337682160619574
S1_202445662,1,202445662,0,1,0.0292103002820095,0.144140918950534
S1_202445705,1,202445705,0,1,0.610954469177622,0.47196500727399
S1_202445711,1,202445711,0,1,0.660593478596754,0.535117683956629
S1_202445779,1,202445779,0,1,0.352251156813272,0.216985982461319
S1_202550235,1,202550235,0,1,0.384274823582008,0.201551424978892
S1_202550243,1,202550243,0,1,0.425500790938392,0.0409587411709339
S1_202550249,1,202550249,0,1,0.356241785403265,0.135978550252237
S1_202603667,1,202603667,0,1,0.116247838071671,0.0626377253706685
S1_202624821,1,202624821,0,1,0.73217345555583,0.0798216328356183
S1_202644923,1,202644923,0,1,0.00549637951963105,0.0527462155046581
S1_202644924,1,202644924,0,1,0.0233022411523585,0.0366190142006673
S1_202647173,1,202647173,0,1,0.254405593110943,0.254405593110943
S1_202647682,1,202647682,0,1,1.41089150166665,0.0424663815904284
S1_202647770,1,202647770,0,1,0.380182976391075,0.245178081076804
S1_202752459,1,202752459,0,1,0.504168800983108,0.0391128354177515
S1_202752519,1,202752519,0,1,1.66874995457539,0.608900996701674
S1_202752594,1,202752594,0,1,0.739889816203637,0.18885048457443
S1_202766196,1,202766196,0,1,0.0251852200380325,0.0180118973203404
S1_202767052,1,202767052,0,1,0.117879417663417,0.256329479395885
S1_202901969,1,202901969,0,1,0.00701212845819557,0.0429309583207938
S1_202919541,1,202919541,0,1,0.302031357962513,0.33457098586658
S1_202919545,1,202919545,0,1,0.302381651547047,0.353976662000612
S1_202919552,1,202919552,0,1,0.255873834434166,0.192297363315395
S1_202920553,1,202920553,0,1,1.95538831323647,0.505883432861578
S1_202921207,1,202921207,0,1,0.205922232617123,0.452658072111406
S1_202921283,1,202921283,0,1,0.273107663621534,0.0826646912738844
S1_203060606,1,203060606,0,1,0.181732956173264,0.21022846672008
S1_203060625,1,203060625,0,1,0.606172211704286,0.665795236900887
S1_203085533,1,203085533,0,1,0.365294955623517,0.640449452959824
S1_203170505,1,203170505,0,1,0.448235709368958,0.0928693238237125
S1_203170511,1,203170511,0,1,0.401199811559334,0.255090422194212
S1_203353639,1,203353639,0,1,0.645269491017989,0.645269491017989
S1_203448778,1,203448778,0,1,0.0526695260144959,0.0089675702148776
S1_203494902,1,203494902,0,1,1.0345520889861,0.454138772886261
S1_203634752,1,203634752,0,1,0.117557716961148,0.22477054935372
S1_203634757,1,203634757,0,1,0.0936236148149929,0.126597853108214
S1_203647989,1,203647989,0,1,0.658496020145869,0.0473420586448452
S1_203647994,1,203647994,0,1,0.611234543133737,0.570300163533138
S1_203648021,1,203648021,0,1,0.388484578362042,0.51779400675375
S1_203715630,1,203715630,0,1,1.13318334069345,1.40463912308975
S1_203717927,1,203717927,0,1,0.39778577155486,0.00653662694482403
S1_203717943,1,203717943,0,1,0.540094988339165,0.474909471539536
S1_203718050,1,203718050,0,1,0.0337475124519258,0.0984308748045826
S1_203720113,1,203720113,0,1,0.619598437728864,0.611240309057205
S1_203824178,1,203824178,0,1,0.662520518579377,0.662520518579377
S1_203824194,1,203824194,0,1,0.668575632408349,0.668575632408349
S1_203824239,1,203824239,0,1,0.196589064528025,0.156972069376181
S1_203824318,1,203824318,0,1,0.47662326107061,0.438871473558034
S1_203830471,1,203830471,0,1,0.11960717663686,0.20508167895812
S1_203843374,1,203843374,0,1,1.4792033564518,1.32662409188749
S1_203890998,1,203890998,0,1,0.353885465705574,0.611778953628159
S1_203947479,1,203947479,0,1,0.647323453583178,1.03456089499981
S1_203947567,1,203947567,0,1,0.484815414736947,0.509330978186168
S1_204063905,1,204063905,0,1,0.0931223645717949,0.0931223645717949
S1_204291851,1,204291851,0,1,2.03200214602657,1.80593787426514
S1_204292669,1,204292669,0,1,0.0329662323616531,0.0654638809435774
S1_204292711,1,204292711,0,1,1.30145683911684,1.41004152754751
S1_204292844,1,204292844,0,1,0.881834894918688,0.0652847742107729
S1_204292926,1,204292926,0,1,0.104458738932365,0.0479969126849783
S1_204585183,1,204585183,0,1,0.183382159178074,0.183382159178074
S1_204585245,1,204585245,0,1,0.954388814457337,0.954388814457337
S1_204755235,1,204755235,0,1,0.330493873386599,0.64511985494629
S1_204755251,1,204755251,0,1,0.135842790957025,0.339825845569088
S1_204757929,1,204757929,0,1,0.692811747592091,0.0500084913514792
S1_204865166,1,204865166,0,1,0.240344854160245,0.0521930259291091
S1_204865984,1,204865984,0,1,0.165130262112038,0.228103564887748
S1_204866008,1,204866008,0,1,0.757908025827712,0.151558837489052
S1_204866023,1,204866023,0,1,0.16421833761959,0.094495687680553
S1_204866026,1,204866026,0,1,0.532519946602339,0.532519946602339
S1_205091099,1,205091099,0,1,0.991915512192883,1.38345991350219
S1_205091150,1,205091150,0,1,0.320820673376081,0.328816203474333
S1_205091153,1,205091153,0,1,0.70528313797855,0.72978490770426
S1_205091872,1,205091872,0,1,0.68464112612102,0.736504851845993
S1_205189691,1,205189691,0,1,0.224219096669217,0.143766488207775
S1_205192726,1,205192726,0,1,0.105235021277201,0.312797974155513
S1_205192964,1,205192964,0,1,0.368130111825704,0.368130111825704
S1_205192978,1,205192978,0,1,0.191919864482161,0.191919864482161
S1_205192992,1,205192992,0,1,0.393391511746881,0.393391511746881
S1_205193124,1,205193124,0,1,0.473250811904368,0.781576686218799
S1_205193571,1,205193571,0,1,0.0883244538165399,0.0883244538165399
S1_205193587,1,205193587,0,1,0.00754584718136726,0.0626636082363261
S1_205219729,1,205219729,0,1,0.49687794510745,0.49687794510745
S1_205222259,1,205222259,0,1,0.495789039056593,0.591811661051258
S1_205242388,1,205242388,0,1,0.596905868794516,0.657700038493702
S1_205242464,1,205242464,0,1,0.351971663080733,0.139686568992773
S1_205242488,1,205242488,0,1,1.87777824378146,2.00072510084977
S1_205243268,1,205243268,0,1,2.00825942599439,2.57352756369415
S1_205247369,1,205247369,0,1,0.292536533728143,0.292536533728143
S1_205247480,1,205247480,0,1,0.296617431215392,0.100836237367316
S1_205247545,1,205247545,0,1,0.00305529105888618,0.00527351612015572
S1_205259560,1,205259560,0,1,0.352880578891941,0.378829312225266
S1_205412103,1,205412103,0,1,0.596637075443573,0.596637075443573
S1_205412365,1,205412365,0,1,0.753039261936433,0.212959335859308
S1_205414596,1,205414596,0,1,0.0435552927580684,0.182940051095855
S1_205414704,1,205414704,0,1,1.37469033446582,1.71429382593592
S1_205414739,1,205414739,0,1,0.324590752266183,0.380410902694508
S1_205502413,1,205502413,0,1,0.302706269416,0.126783725977079
S1_205531311,1,205531311,0,1,0.237183092275784,0.502403652184855
S1_205562408,1,205562408,0,1,1.02396381673692,1.27896718717729
S1_205562623,1,205562623,0,1,0.248560162087622,0.413042804027976
S1_205564319,1,205564319,0,1,0.0923851691174172,0.0923851691174172
S1_205564338,1,205564338,0,1,0.0538865681462727,0.202492397698203
S1_205564366,1,205564366,0,1,0.175373440808689,0.405408213686496
S1_205565382,1,205565382,0,1,0.88657101750846,0.88657101750846
S1_205565496,1,205565496,0,1,0.788055766638344,0.234724389742635
S1_205565594,1,205565594,0,1,0.119059616635085,0.0749586160558376
S1_205832395,1,205832395,0,1,0.630125613885741,0.809239660976999
S1_205832397,1,205832397,0,1,1.80681063487034,1.8964785524239
S1_205832658,1,205832658,0,1,0.236496254329826,0.429642027399655
S1_205914463,1,205914463,0,1,0.916293950787881,0.925474478648931
S1_206062036,1,206062036,0,1,0.496343690842704,0.496343690842704
S1_206075437,1,206075437,0,1,NA,NA
S1_206123244,1,206123244,0,1,0.406035538863139,0.180903511328338
S1_206123250,1,206123250,0,1,0.353687422108063,0.125842952894601
S1_206123472,1,206123472,0,1,0.108659875067625,0.318363872868641
S1_206123508,1,206123508,0,1,0.517951173258059,0.449138799874621
S1_206123511,1,206123511,0,1,0.566756424869163,0.523153620011177
S1_206123541,1,206123541,0,1,0.236968961315163,0.14113167428366
S1_206123553,1,206123553,0,1,0.0758403785492879,0.255951595552267
S1_206123584,1,206123584,0,1,0.162139746399352,0.162139746399352
S1_206123661,1,206123661,0,1,0.249437239645313,0.467836651293502
S1_206123686,1,206123686,0,1,0.808826805258896,1.27201932043593
S1_206123699,1,206123699,0,1,0.0104128029167667,0.0393646739422089
S1_206123703,1,206123703,0,1,0.00474529185089467,0.0452543243185537
S1_206123724,1,206123724,0,1,6.70576502982503e-05,0.00410045181082491
S1_206123803,1,206123803,0,1,1.38339325950602,1.88686037519399
S1_206123847,1,206123847,0,1,0.709086683435014,0.874235895080556
S1_206123869,1,206123869,0,1,0.30652421773043,0.4393647874246
S1_206123871,1,206123871,0,1,0.521020973252455,0.878595531143912
S1_206123974,1,206123974,0,1,0.20446994657958,0.0421298150935066
S1_206124073,1,206124073,0,1,2.16118009626282,0.901684286834189
S1_206124271,1,206124271,0,1,0.278967774581303,0.149512988407514
S1_206155954,1,206155954,0,1,0.432417407519862,0.790485584584517
S1_206158423,1,206158423,0,1,0.386668545563518,0.726424606364969
S1_206158424,1,206158424,0,1,0.388609974899024,0.710317469482815
S1_206158430,1,206158430,0,1,0.356318772453827,0.122541540889228
S1_206158450,1,206158450,0,1,0.103885186690619,0.171559513813038
S1_206160430,1,206160430,0,1,0.998628351719483,1.41545717199102
S1_206160458,1,206160458,0,1,0.454017551262666,0.540265072850592
S1_206197780,1,206197780,0,1,0.738694003201432,0.803569248159772
S1_206197858,1,206197858,0,1,0.743397432383789,0.90756657076645
S1_206198513,1,206198513,0,1,1.13315977881417,0.92740064624106
S1_206305049,1,206305049,0,1,0.704052419349683,0.892051585733202
S1_206305059,1,206305059,0,1,0.234984398001076,0.486298484106795
S1_206305233,1,206305233,0,1,0.0225468849072166,0.0613226473795716
S1_206305281,1,206305281,0,1,1.65422297592243,1.5156281264713
S1_206305285,1,206305285,0,1,1.77670802945511,1.96468708385844
S1_206305784,1,206305784,0,1,0.179283820840549,0.321576838466048
S1_206308238,1,206308238,0,1,0.429363559426818,0.787361164895708
S1_206313113,1,206313113,0,1,0.566366143908538,0.221374415237267
S1_206313249,1,206313249,0,1,0.696716036883595,0.947353822204027
S1_206313276,1,206313276,0,1,0.903208075174642,1.20865783502548
S1_206314175,1,206314175,0,1,0.260878101074033,0.283081487848906
S1_206314178,1,206314178,0,1,0.222917046648886,0.222917046648886
S1_206315594,1,206315594,0,1,0.584706402362287,0.762620390307184
S1_206317411,1,206317411,0,1,0.204398125229669,0.277851703415186
S1_206317435,1,206317435,0,1,0.0986176603415139,0.27459391117208
S1_206324101,1,206324101,0,1,0.382266904157891,0.382266904157891
S1_206325100,1,206325100,0,1,0.239519345155029,0.0539140105118952
S1_206325132,1,206325132,0,1,0.28632308790542,0.525921931542629
S1_206325138,1,206325138,0,1,0.182814720603837,0.0416704823358619
S1_206329828,1,206329828,0,1,0.461185973594457,0.536032902240451
S1_206330040,1,206330040,0,1,0.14831503613227,0.269157062684681
S1_206339157,1,206339157,0,1,0.282184080030932,0.0616801700107368
S1_206339377,1,206339377,0,1,0.142765919274759,0.132058621249085
S1_206341448,1,206341448,0,1,1.89051171788582,2.30212459628365
S1_206424198,1,206424198,0,1,0.890869035203571,0.734731415766329
S1_206424272,1,206424272,0,1,0.216442829982177,0.132103004064128
S1_206424309,1,206424309,0,1,1.73263409750418,1.89400441536308
S1_206424444,1,206424444,0,1,0.0967837803461617,0.228166328395068
S1_206424526,1,206424526,0,1,0.87995462078836,1.10019012278996
S1_206429901,1,206429901,0,1,0.761403941249648,0.949874296525088
S1_206431930,1,206431930,0,1,1.3317932914362,1.48016226698274
S1_206432242,1,206432242,0,1,0.101171057540625,0.286218403703184
S1_206432245,1,206432245,0,1,0.93602452407265,1.38215988365415
S1_206432437,1,206432437,0,1,0.173069183683161,0.402714864158326
S1_206432597,1,206432597,0,1,0.413244368198802,0.0660264469108776
S1_206432625,1,206432625,0,1,1.19437755605962,1.35004517614384
S1_206432684,1,206432684,0,1,0.151950210472061,0.0180688216698986
S1_206432694,1,206432694,0,1,1.62799560278046,1.23936389450545
S1_206709832,1,206709832,0,1,0.988669131644368,1.25396672027262
S1_206709845,1,206709845,0,1,0.398792330015994,0.756315953934391
S1_206787612,1,206787612,0,1,0.054509438687666,0.206562343118905
S1_206789127,1,206789127,0,1,0.428838172510716,0.018702014213614
S1_206789561,1,206789561,0,1,1.47770150924574,1.47770150924574
S1_206859119,1,206859119,0,1,1.55181475445137,2.10569762529383
S1_206859427,1,206859427,0,1,1.93043168114456,1.82814566885613
S1_206876079,1,206876079,0,1,NA,NA
S1_207036285,1,207036285,0,1,0.000354108602420034,0.00554437674031251
S1_207036307,1,207036307,0,1,0.00940570051599874,0.000901952806891186
S1_207036342,1,207036342,0,1,NA,NA
S1_207037286,1,207037286,0,1,0.578915558127698,0.681650698071281
S1_207048243,1,207048243,0,1,0.685626762075824,1.02122027963055
S1_207055922,1,207055922,0,1,0.437181115812563,0.70477354390349
S1_207056453,1,207056453,0,1,1.61486181427947,2.13336059344401
S1_207133559,1,207133559,0,1,0.236906824268851,0.471251322413953
S1_207133601,1,207133601,0,1,0.16758399882193,0.360671314285647
S1_207176571,1,207176571,0,1,0.336739963064153,0.645298412689342
S1_207176611,1,207176611,0,1,0.525977651832726,0.853107835888139
S1_207176618,1,207176618,0,1,1.82443961455357,0.916298986552889
S1_207176975,1,207176975,0,1,0.854318303700691,1.29944522354943
S1_207177099,1,207177099,0,1,1.16714946434954,1.64705910044994
S1_207181248,1,207181248,0,1,0.370751882610653,0.516709506675469
S1_207181305,1,207181305,0,1,NA,NA
S1_207181545,1,207181545,0,1,1.10638483623797,1.10638483623797
S1_207181620,1,207181620,0,1,0.70316240635848,1.02027744236906
S1_207191051,1,207191051,0,1,1.59565774432094,2.12271843967883
S1_207274536,1,207274536,0,1,0.449221084975112,0.523262545019486
S1_207275513,1,207275513,0,1,0.250567380735542,0.287189848029127
S1_207320829,1,207320829,0,1,0.43048679547327,0.140616144078001
S1_207320851,1,207320851,0,1,0.0663986341320217,0.0396594576959306
S1_207320853,1,207320853,0,1,0.11703482334494,0.0419401413053145
S1_207320856,1,207320856,0,1,0.328606448801564,0.419858214022613
S1_207321592,1,207321592,0,1,0.00193691178846238,0.00193691178846238
S1_207321616,1,207321616,0,1,0.0602607624673654,0.00431520994873851
S1_207321826,1,207321826,0,1,0.0528011744273324,0.175709276954136
S1_207321853,1,207321853,0,1,0.0738536512169662,0.251261494788
S1_207371863,1,207371863,0,1,0.301679346316928,0.272658285099803
S1_207388013,1,207388013,0,1,0.176479350468573,0.176479350468573
S1_207390614,1,207390614,0,1,0.00276938396215854,0.0343564954599512
S1_207390650,1,207390650,0,1,0.604754956351053,1.02254982683752
S1_207390821,1,207390821,0,1,0.00468336997230453,0.0345498089646031
S1_207390865,1,207390865,0,1,0.639875780560825,0.248754140145659
S1_207390962,1,207390962,0,1,0.370581424271036,0.139965066711787
S1_207527611,1,207527611,0,1,0.834558568499547,0.0641265336987013
S1_207528281,1,207528281,0,1,0.266619712994437,0.0403397964248254
S1_207528317,1,207528317,0,1,0.496416046540496,0.827148459599757
S1_207528519,1,207528519,0,1,0.0553004710138267,0.209484109621463
S1_207528557,1,207528557,0,1,0.617972183621302,0.57178337032382
S1_207528558,1,207528558,0,1,0.0916280490812436,0.059784275359305
S1_207528561,1,207528561,0,1,0.239637979200593,0.256856115065408
S1_207528563,1,207528563,0,1,0.492100443981383,0.457925349356603
S1_207528564,1,207528564,0,1,0.899913350369974,0.531700927264478
S1_207528567,1,207528567,0,1,0.28489652643938,0.517516835962787
S1_207528570,1,207528570,0,1,0.480560018828265,0.507921290912973
S1_207528571,1,207528571,0,1,0.165410092584116,0.392690252384249
S1_207528674,1,207528674,0,1,0.0976044208961706,0.298871365167794
S1_207529183,1,207529183,0,1,0.182689447072973,0.182689447072973
S1_207529185,1,207529185,0,1,0.587512211995334,0.715648903649865
S1_207529191,1,207529191,0,1,0.734671140584755,0.786798683210941
S1_207529633,1,207529633,0,1,0.797902009683288,0.316811933211071
S1_207529642,1,207529642,0,1,0.546726684278544,0.406413021481011
S1_207531523,1,207531523,0,1,0.515887742400221,0.592200278849517
S1_207600263,1,207600263,0,1,0.11237998855166,0.305645296598276
S1_207602128,1,207602128,0,1,1.78303554777182,1.92890085433938
S1_207606087,1,207606087,0,1,0.218558117169427,0.135341822682956
S1_207689016,1,207689016,0,1,0.205434615149028,0.000834659684322983
S1_207708955,1,207708955,0,1,0.122312160598567,0.344251154178011
S1_207709390,1,207709390,0,1,0.0871846838462969,0.0366664978813102
S1_207713135,1,207713135,0,1,1.02141100211371,1.08574944899965
S1_207723855,1,207723855,0,1,0.407005548005798,0.407005548005798
S1_207726167,1,207726167,0,1,0.936697067333571,0.538445635068432
S1_207902713,1,207902713,0,1,0.200526855735461,0.200526855735461
S1_207905976,1,207905976,0,1,0.589843075910497,0.589843075910497
S1_208097421,1,208097421,0,1,0.90926636715025,1.38970825394188
S1_208097436,1,208097436,0,1,0.112439918811306,0.326176400404439
S1_208107175,1,208107175,0,1,0.716875046540331,1.09968782759045
S1_208112664,1,208112664,0,1,0.257613998159671,0.349536527179191
S1_208168657,1,208168657,0,1,0.116423459128335,0.116423459128335
S1_208168754,1,208168754,0,1,0.275333458275244,0.290689139419749
S1_208168999,1,208168999,0,1,0.301846392930638,0.301846392930638
S1_208247599,1,208247599,0,1,0.626797525247325,0.37432553265892
S1_208247644,1,208247644,0,1,0.428772577274551,0.0243699576944343
S1_208274865,1,208274865,0,1,0.077403997454415,0.228913826943112
S1_208275759,1,208275759,0,1,0.36400747598343,0.700040958463817
S1_208277862,1,208277862,0,1,0.528501484657663,0.868280889053788
S1_208277876,1,208277876,0,1,0.564287481006123,0.96983112106638
S1_208315774,1,208315774,0,1,3.81575561158672,0.420212180829212
S1_208315859,1,208315859,0,1,0.281961252982761,0.281961252982761
S1_208315860,1,208315860,0,1,0.243561223299325,0.537179760363556
S1_208315891,1,208315891,0,1,0.476960197428565,0.859933972870974
S1_208316063,1,208316063,0,1,0.457976833552654,0.83471118398084
S1_208431322,1,208431322,0,1,0.584496792280462,0.651121525721003
S1_208431345,1,208431345,0,1,0.287598268163077,0.602183327920224
S1_208431454,1,208431454,0,1,0.166917789582507,0.407317875411712
S1_208431558,1,208431558,0,1,0.285419643189191,0.587733245510309
S1_208435567,1,208435567,0,1,1.13394607840887,1.60532155811464
S1_208529197,1,208529197,0,1,0.461954067816936,0.179883881032599
S1_208529658,1,208529658,0,1,0.178785432825043,0.437279130985977
S1_208762507,1,208762507,0,1,0.838435692003854,0.307915021122507
S1_208762624,1,208762624,0,1,0.229408399166424,0.289527434173531
S1_208818174,1,208818174,0,1,0.40144766025957,0.759688660473971
S1_208818199,1,208818199,0,1,0.3568925903093,0.560393611156413
S1_208822076,1,208822076,0,1,0.651285820144258,0.903669929187737
S1_208822091,1,208822091,0,1,0.380346456843511,0.375500039043034
S1_208823048,1,208823048,0,1,0.419597749245254,0.386768380071843
S1_208823052,1,208823052,0,1,0.762456226106954,0.944872414272741
S1_208824729,1,208824729,0,1,0.135097026673786,0.130530645712021
S1_208825453,1,208825453,0,1,0.107132140666594,0.0426634726007625
S1_208825653,1,208825653,0,1,0.196532697370494,0.463956902410346
S1_208826196,1,208826196,0,1,0.361285064935819,0.587423401388824
S1_208827179,1,208827179,0,1,0.771684288475958,1.04412209420564
S1_208827547,1,208827547,0,1,0.277537074856542,0.309857776227594
S1_208965171,1,208965171,0,1,0.29560148897653,0.104994783545868
S1_208965963,1,208965963,0,1,0.472407822215207,0.157026771495984
S1_208965978,1,208965978,0,1,0.29754994858761,0.351835074859314
S1_208965996,1,208965996,0,1,1.70142471441691,1.70142471441691
S1_209091410,1,209091410,0,1,0.696733302220813,0.757605100483499
S1_209120152,1,209120152,0,1,1.48501336967131,1.48501336967131
S1_209126434,1,209126434,0,1,0.358455866043665,0.358455866043665
S1_209126439,1,209126439,0,1,0.0932195183878016,0.189264523402556
S1_209126451,1,209126451,0,1,0.344573216983476,0.381515787159815
S1_209126453,1,209126453,0,1,0.358455866043665,0.358455866043665
S1_209127881,1,209127881,0,1,0.371303391587522,0.371303391587522
S1_209180547,1,209180547,0,1,0.346174404580844,0.583028574384209
S1_209180613,1,209180613,0,1,0.259017562756579,0.174586360163832
S1_209180955,1,209180955,0,1,0.229989003942533,0.338362710284534
S1_209182100,1,209182100,0,1,0.397598297951089,0.752317469580013
S1_209234073,1,209234073,0,1,0.38813166912235,0.18136894145047
S1_209234778,1,209234778,0,1,0.0706664520345004,0.118814194032989
S1_209234791,1,209234791,0,1,0.358007085795895,0.231263580688853
S1_209306226,1,209306226,0,1,0.218042480990758,0.218042480990758
S1_209307038,1,209307038,0,1,0.123079114387124,0.286492812410542
S1_209354981,1,209354981,0,1,0.326720149052581,0.326720149052581
S1_209355569,1,209355569,0,1,0.296987555478602,0.345281969517751
S1_209527556,1,209527556,0,1,0.862356720892473,0.974772348831662
S1_209531877,1,209531877,0,1,0.245341958433078,0.245341958433078
S1_209639317,1,209639317,0,1,0.507743503539185,0.802475218808486
S1_209640180,1,209640180,0,1,2.43078593339519,3.08744574069076
S1_209656462,1,209656462,0,1,0.518086288264346,0.652250894842412
S1_209656546,1,209656546,0,1,1.23768788967056,1.23768788967056
S1_209789234,1,209789234,0,1,0.291211286503814,0.280130566462891
S1_209790179,1,209790179,0,1,0.262655218831999,0.566911014495284
S1_209790186,1,209790186,0,1,0.885758173793516,0.938554478001509
S1_209790211,1,209790211,0,1,2.09301599841831,2.41808252935182
S1_209790637,1,209790637,0,1,0.0607119043771901,0.0184482771692219
S1_209803349,1,209803349,0,1,0.73795795135976,1.12472322967231
S1_209803483,1,209803483,0,1,1.50764046083787,0.652225807661769
S1_209804209,1,209804209,0,1,0.0478328840932326,0.169813494550282
S1_209804232,1,209804232,0,1,2.80782314684273,3.44479281724514
S1_209819134,1,209819134,0,1,0.378841614174052,0.703612173297265
S1_209989267,1,209989267,0,1,0.30583216203775,0.627379786502833
S1_209989326,1,209989326,0,1,0.0130452774284975,0.0676031813850148
S1_210096515,1,210096515,0,1,0.174571128198072,0.157855024345476
S1_210096662,1,210096662,0,1,0.106993214476681,0.0238380771376721
S1_210096665,1,210096665,0,1,0.397723358616409,0.176263178216164
S1_210096708,1,210096708,0,1,0.633439393326618,0.996555575231433
S1_210096806,1,210096806,0,1,0.575335458281958,0.866118830258299
S1_210096899,1,210096899,0,1,0.551647207788224,0.822755240591527
S1_210137537,1,210137537,0,1,0.447338269458775,0.808918629584338
S1_210221141,1,210221141,0,1,NA,NA
S1_210221391,1,210221391,0,1,0.1757364571908,0.0999641788580118
S1_210463761,1,210463761,0,1,0.730877360204293,1.0326444491507
S1_210463764,1,210463764,0,1,0.269431581740033,0.362686228292637
S1_210463871,1,210463871,0,1,0.328955141562209,0.254369213219412
S1_210464967,1,210464967,0,1,0.35415294866004,0.446580326039223
S1_210465148,1,210465148,0,1,0.655784068849517,0.702853612557335
S1_210473174,1,210473174,0,1,0.521118225507526,0.521118225507526
S1_210483892,1,210483892,0,1,0.503277369493743,0.578479157542878
S1_210483894,1,210483894,0,1,0.759924834064843,0.955229789535436
S1_210483908,1,210483908,0,1,0.224818943546734,0.455868440722016
S1_210485455,1,210485455,0,1,0.288920305940653,0.435350099465588
S1_210485461,1,210485461,0,1,0.216200542883246,0.208859900625032
S1_210525053,1,210525053,0,1,0.312572483192807,0.335674214818539
S1_210594789,1,210594789,0,1,0.260128535643432,0.475603330566798
S1_210599522,1,210599522,0,1,1.32182489128051,1.32182489128051
S1_210599576,1,210599576,0,1,0.413139645683962,0.42854196908767
S1_210652400,1,210652400,0,1,0.375048052236824,0.718795832113567
S1_210663919,1,210663919,0,1,0.463861551755949,0.463861551755949
S1_210663967,1,210663967,0,1,0.945179145161199,0.945179145161199
S1_210666374,1,210666374,0,1,1.75994729269125,1.70710946233523
S1_210705382,1,210705382,0,1,1.56730262454269,1.76474665120062
S1_210705383,1,210705383,0,1,2.2726769900085,2.60232621959176
S1_210740933,1,210740933,0,1,1.17745380681303,1.35981701663876
S1_210741007,1,210741007,0,1,0.0230074351374209,0.125446348098294
S1_210741010,1,210741010,0,1,0.254791116887044,0.274108985080387
S1_210741020,1,210741020,0,1,0.314619408184046,0.314619408184046
S1_210741176,1,210741176,0,1,0.554717294826293,0.554717294826293
S1_210840203,1,210840203,0,1,0.281670971128409,0.576277591064095
S1_210846053,1,210846053,0,1,0.441010114583835,0.441010114583835
S1_210906251,1,210906251,0,1,0.294074238137926,0.0916684755483622
S1_211002104,1,211002104,0,1,0.419930160155276,0.783147249070902
S1_211005786,1,211005786,0,1,0.911950554565624,1.34474447544251
S1_211199835,1,211199835,0,1,0.770476902983114,0.344959484574185
S1_211199881,1,211199881,0,1,1.10210056304529,1.40718707865072
S1_211201762,1,211201762,0,1,0.476842609545291,0.420348078704871
S1_211201769,1,211201769,0,1,0.441400428560033,0.311858558857247
S1_211256461,1,211256461,0,1,0.139272184855102,0.273051308675839
S1_211256464,1,211256464,0,1,1.36288367224262,1.4560653724637
S1_211256542,1,211256542,0,1,0.76049441759557,1.20745246313357
S1_211257498,1,211257498,0,1,0.226089510420478,0.226089510420478
S1_211257805,1,211257805,0,1,0.737844216083478,0.719051393016006
S1_211257819,1,211257819,0,1,0.0886452696180063,0.0715110708713188
S1_211259550,1,211259550,0,1,NA,NA
S1_211259594,1,211259594,0,1,0.0682911039146016,0.240520976962217
S1_211259596,1,211259596,0,1,0.0682911039146016,0.240520976962217
S1_211259597,1,211259597,0,1,0.0636803999791674,0.0340742256950744
S1_211259793,1,211259793,0,1,0.816630101107983,1.21978114995657
S1_211260578,1,211260578,0,1,0.0431118076808467,0.109504457633791
S1_211261161,1,211261161,0,1,1.70870117071891,1.70870117071891
S1_211261382,1,211261382,0,1,0.253355579556541,0.253355579556541
S1_211263871,1,211263871,0,1,0.117528338806089,0.22161710936336
S1_211265131,1,211265131,0,1,0.194743072866604,0.0463843181393482
S1_211324077,1,211324077,0,1,0.267532112392927,0.0743520676845281
S1_211324104,1,211324104,0,1,0.26461184595663,0.0320311200740596
S1_211324255,1,211324255,0,1,0.306810215758542,0.148371384325574
S1_211325112,1,211325112,0,1,1.08421678356662,0.824859565424975
S1_211326114,1,211326114,0,1,0.0116749439601604,0.0625572548953312
S1_211331330,1,211331330,0,1,0.0566783408921073,0.0291640138703169
S1_211331369,1,211331369,0,1,0.411744926125922,0.276634684685518
S1_211331378,1,211331378,0,1,0.585633823540962,0.683457384550246
S1_211331413,1,211331413,0,1,0.169399994123719,0.256033343842452
S1_211331420,1,211331420,0,1,0.176199035908972,0.176199035908972
S1_211419431,1,211419431,0,1,0.0221031512824113,0.0964918444892348
S1_211419448,1,211419448,0,1,0.46370240206323,0.823434384737702
S1_211451813,1,211451813,0,1,0.83684753202625,0.779128837468854
S1_211451826,1,211451826,0,1,0.555363451956491,0.898850162026522
S1_211473986,1,211473986,0,1,0.609427555613898,0.0605394577785845
S1_211474007,1,211474007,0,1,0.288601365043107,0.0911705959914361
S1_211478559,1,211478559,0,1,0.0935472406586722,0.0892939796059017
S1_211520140,1,211520140,0,1,0.859746614305554,0.859746614305554
S1_211520485,1,211520485,0,1,0.0961634572288225,0.181418672295114
S1_211520854,1,211520854,0,1,0.123684743668833,0.092254687605177
S1_211520886,1,211520886,0,1,0.111293157189273,0.127352401227961
S1_211521990,1,211521990,0,1,0.394412970095638,0.394412970095638
S1_211522192,1,211522192,0,1,0.339070666878894,0.339070666878894
S1_211524579,1,211524579,0,1,0.0614586263304603,0.188839919369097
S1_211524611,1,211524611,0,1,0.0631079488471386,0.16046891381577
S1_211525444,1,211525444,0,1,1.22403413340963,1.42998737937464
S1_211525552,1,211525552,0,1,1.19410041360902,0.933104561576389
S1_211531610,1,211531610,0,1,0.253634808376037,0.112131624604227
S1_211532896,1,211532896,0,1,1.71373294202259,1.71373294202259
S1_211538176,1,211538176,0,1,0.262614786436635,0.0871309614270869
S1_211538290,1,211538290,0,1,0.425160118275445,0.3332482107965
S1_211540883,1,211540883,0,1,0.0435793473433545,0.0233442195777849
S1_211617511,1,211617511,0,1,0.629783081831416,0.588011161260472
S1_211617529,1,211617529,0,1,1.31546304823724,1.38590824703225
S1_211617612,1,211617612,0,1,0.939405269007314,1.25715544326602
S1_211621970,1,211621970,0,1,0.339439597821554,0.339439597821554
S1_211625011,1,211625011,0,1,0.0608123223797978,0.0608123223797978
S1_211673059,1,211673059,0,1,1.47117059159763,0.319791893438423
S1_211673062,1,211673062,0,1,0.456802994560423,0.59774052051902
S1_211673130,1,211673130,0,1,0.032650007836451,0.140242053620852
S1_211673147,1,211673147,0,1,0.0119419090403246,0.0673963063305516
S1_211894573,1,211894573,0,1,0.681774063700248,1.10302215068723
S1_211894592,1,211894592,0,1,1.06952281233142,1.06952281233142
S1_211894593,1,211894593,0,1,0.12439367383135,0.12439367383135
S1_211894598,1,211894598,0,1,0.0460988495914692,0.146582082263752
S1_212054586,1,212054586,0,1,0.679659214136647,0.570968366728507
S1_212054594,1,212054594,0,1,0.240018541034025,0.431202437897453
S1_212063693,1,212063693,0,1,0.669209094697534,0.771250574342489
S1_212063739,1,212063739,0,1,0.502768190384661,0.559430646414715
S1_212165791,1,212165791,0,1,0.406907147415408,0.623899450243178
S1_212166779,1,212166779,0,1,0.23765631006352,0.216043524513017
S1_212166863,1,212166863,0,1,0.52455459171331,0.105255566634995
S1_212167385,1,212167385,0,1,1.14156857739893,1.03521516780493
S1_212168078,1,212168078,0,1,0.740635267254627,0.852380233978259
S1_212192036,1,212192036,0,1,0.306427257511089,0.157952783832838
S1_212258950,1,212258950,0,1,0.0609823546176485,0.174916646120727
S1_212258984,1,212258984,0,1,0.503637478928879,0.503637478928879
S1_212258987,1,212258987,0,1,0.371182956116203,0.685000259965366
S1_212259423,1,212259423,0,1,0.0537412416430487,0.185838864170606
S1_212259499,1,212259499,0,1,0.0916484540590131,0.127856870359616
S1_212259765,1,212259765,0,1,0.272424475796858,0.282492085184106
S1_212297652,1,212297652,0,1,2.50621721929441,2.76126543375897
S1_212305460,1,212305460,0,1,0.421569686543422,0.0262303227913791
S1_212329262,1,212329262,0,1,1.11492102836283,1.11492102836283
S1_212353408,1,212353408,0,1,0.0405143890137647,0.133371282752205
S1_212353767,1,212353767,0,1,1.12014430409695,1.22364079729059
S1_212353797,1,212353797,0,1,1.02473575682517,1.13349335336007
S1_212353850,1,212353850,0,1,0.669875742512462,0.667195559941271
S1_212357889,1,212357889,0,1,1.03272582357927,0.49557297130864
S1_212358151,1,212358151,0,1,1.42288306776888,1.1662289167535
S1_212502296,1,212502296,0,1,0.478058563728909,0.478058563728909
S1_212522503,1,212522503,0,1,0.911774452226823,1.28339022613841
S1_212531891,1,212531891,0,1,0.592183864559366,0.0870703783300576
S1_212573498,1,212573498,0,1,0.409167062012927,0.640414910063172
S1_212573548,1,212573548,0,1,0.553170201935356,0.47606731618586
S1_212579112,1,212579112,0,1,0.466153949802389,0.829798599090066
S1_212579132,1,212579132,0,1,0.608545740373379,1.01503089335174
S1_212579338,1,212579338,0,1,0.274041957828709,0.274041957828709
S1_212579340,1,212579340,0,1,0.264900113816747,0.237733913413738
S1_212579344,1,212579344,0,1,0.261091271709977,0.221809992173969
S1_212579353,1,212579353,0,1,1.02296522158309,1.5044955711078
S1_212632634,1,212632634,0,1,0.358774183293784,0.358774183293784
S1_212632737,1,212632737,0,1,0.3871365158602,0.379627125809863
S1_212843909,1,212843909,0,1,0.80739512916655,0.229568452431122
S1_212843923,1,212843923,0,1,1.01994068751045,1.01994068751045
S1_212843930,1,212843930,0,1,0.0124011617971485,0.0124011617971485
S1_212843946,1,212843946,0,1,0.188891613586776,0.438734908980632
S1_212843967,1,212843967,0,1,0.256541526887531,0.30700553976817
S1_212843981,1,212843981,0,1,0.21391814632478,0.176223405745978
S1_212901696,1,212901696,0,1,0.0424753890170243,0.0744453146163031
S1_212902266,1,212902266,0,1,0.562477137585125,0.562477137585125
S1_212951968,1,212951968,0,1,1.27219905222511,1.27219905222511
S1_212952041,1,212952041,0,1,0.716704764616586,0.131475470139895
S1_212952325,1,212952325,0,1,0.336403703556156,0.133252345654778
S1_212982160,1,212982160,0,1,0.379901994100615,0.0395538595378285
S1_212983724,1,212983724,0,1,0.50680133196314,0.50680133196314
S1_212983760,1,212983760,0,1,0.377876429449456,0.372283210204305
S1_212983769,1,212983769,0,1,0.431100327950738,0.799901115389614
S1_212987290,1,212987290,0,1,0.394526446432604,0.441904691584278
S1_213093914,1,213093914,0,1,0.135243335971661,0.226543610560132
S1_213094006,1,213094006,0,1,0.239075351100466,0.526294797395096
S1_213094019,1,213094019,0,1,0.297276331431574,0.615510550213596
S1_213094027,1,213094027,0,1,0.412295296872276,0.763048935611285
S1_213094051,1,213094051,0,1,0.0346265134534133,0.161463018673042
S1_213094107,1,213094107,0,1,1.39511069960657,1.39511069960657
S1_213095772,1,213095772,0,1,0.203399252646121,0.189223016149179
S1_213097598,1,213097598,0,1,0.271186846489697,0.0270641135753082
S1_213097629,1,213097629,0,1,0.28369181235717,0.593489434829819
S1_213097631,1,213097631,0,1,0.528394549885888,0.713179204935273
S1_213130384,1,213130384,0,1,0.505655040652339,0.505655040652339
S1_213130386,1,213130386,0,1,0.441249288987331,0.441249288987331
S1_213153225,1,213153225,0,1,0.624258352977589,0.624258352977589
S1_213155497,1,213155497,0,1,1.19900942379321,1.68003435609905
S1_213155526,1,213155526,0,1,1.5468877727337,1.80579897946418
S1_213158340,1,213158340,0,1,0.641796899292876,0.67660372366015
S1_213158343,1,213158343,0,1,0.79768956706152,1.13764387278638
S1_213158374,1,213158374,0,1,0.654141947718711,0.0366792996230632
S1_213158430,1,213158430,0,1,0.236154135320934,0.236154135320934
S1_213158433,1,213158433,0,1,0.477999740231186,0.56355973911219
S1_213231136,1,213231136,0,1,0.0503388724005445,0.0359900437635885
S1_213231251,1,213231251,0,1,0.393927407932035,0.452576547637632
S1_213231268,1,213231268,0,1,0.332711724973441,0.485428489208705
S1_213232323,1,213232323,0,1,1.43186062046615,1.85999637162692
S1_213232464,1,213232464,0,1,0.352759847379112,0.101011519502688
S1_213232490,1,213232490,0,1,1.0131755417609,1.0131755417609
S1_213349839,1,213349839,0,1,0.266240214139864,0.106367812327928
S1_213360347,1,213360347,0,1,0.528422213750719,0.722847698995466
S1_213460018,1,213460018,0,1,2.42400596936536,2.15792918209601
S1_213536204,1,213536204,0,1,0.365179645196315,0.365179645196315
S1_213536304,1,213536304,0,1,0.358218874243587,0.696622373920665
S1_213536560,1,213536560,0,1,1.43614920433001,1.05172636809334
S1_213537821,1,213537821,0,1,0.0423776558686246,0.157914072728586
S1_213537822,1,213537822,0,1,0.27920938552157,0.391468092684624
S1_213538492,1,213538492,0,1,0.429965431328208,0.761936544353422
S1_213538604,1,213538604,0,1,0.173410238965492,0.14113784166019
S1_213581698,1,213581698,0,1,1.55129485196057,1.91225151282635
S1_213581749,1,213581749,0,1,0.617774018781807,0.773653437547617
S1_213654661,1,213654661,0,1,0.194480973155495,0.45204945727208
S1_213655562,1,213655562,0,1,0.079359579281896,0.153474645022667
S1_213917744,1,213917744,0,1,0.763322015877891,0.417346020536606
S1_214114034,1,214114034,0,1,0.150737387860186,0.150737387860186
S1_214114074,1,214114074,0,1,0.650283645931461,0.432720318241798
S1_214152618,1,214152618,0,1,0.241070589560386,0.208108847774438
S1_214152841,1,214152841,0,1,0.300026831960739,0.482253683292263
S1_214152963,1,214152963,0,1,0.0229651251330735,0.00552591788631686
S1_214152979,1,214152979,0,1,0.742826766111343,1.15646666358646
S1_214154424,1,214154424,0,1,0.555590743999787,0.350239055940814
S1_214154708,1,214154708,0,1,0.0377718871096873,0.11423471646616
S1_214154771,1,214154771,0,1,0.20760620372791,0.457726419427014
S1_214156465,1,214156465,0,1,0.573915946427689,0.436492934248938
S1_214156491,1,214156491,0,1,0.716670243996937,0.641890862523665
S1_214242451,1,214242451,0,1,0.141355819010875,0.369916006286499
S1_214242591,1,214242591,0,1,0.459237827311803,0.459237827311803
S1_214308303,1,214308303,0,1,0.614760054286415,0.541504111855627
S1_214308347,1,214308347,0,1,0.497079154324639,0.558458581386578
S1_214308373,1,214308373,0,1,0.284680866311103,0.598838570274858
S1_214308435,1,214308435,0,1,0.0178040996891781,0.102254124726982
S1_214308442,1,214308442,0,1,0.144647397262341,0.325040194798209
S1_214308454,1,214308454,0,1,0.183140992307106,0.363453981278511
S1_214413971,1,214413971,0,1,0.102695495470509,0.0177758001325766
S1_214414612,1,214414612,0,1,0.261392581250967,0.529772503581457
S1_214533845,1,214533845,0,1,0.379668186859483,0.118865497968617
S1_214533866,1,214533866,0,1,0.484932927527519,0.845268697498933
S1_214533918,1,214533918,0,1,0.722639359404744,0.852272897636213
S1_214533939,1,214533939,0,1,0.812722378655164,0.888990196950741
S1_214533985,1,214533985,0,1,0.500305635295513,0.885231770798121
S1_214649316,1,214649316,0,1,1.96120426565723,2.32584711219322
S1_214649481,1,214649481,0,1,1.31316360377347,1.64633285115257
S1_214676898,1,214676898,0,1,0.198179106397904,0.358037117830705
S1_214677015,1,214677015,0,1,0.339325381107573,0.633852644262097
S1_214677242,1,214677242,0,1,NA,NA
S1_214677319,1,214677319,0,1,0.389423041539189,0.59213935613579
S1_214719885,1,214719885,0,1,0.193383344510165,0.442014286939437
S1_214723689,1,214723689,0,1,1.04374807937384,1.04374807937384
S1_214725260,1,214725260,0,1,0.030260887474244,0.117444557167622
S1_214725320,1,214725320,0,1,0.431770851342032,0.557500586554198
S1_214725337,1,214725337,0,1,1.04107259068143,1.54589606938291
S1_214725368,1,214725368,0,1,0.520544286090555,0.915662046001381
S1_214725370,1,214725370,0,1,2.26088443528085,2.80999662879267
S1_214725632,1,214725632,0,1,0.083791376734806,0.269601907866561
S1_214725961,1,214725961,0,1,0.257519119931334,0.493070034617983
S1_214726244,1,214726244,0,1,0.0876974409780223,0.0942795822594454
S1_214780092,1,214780092,0,1,0.0695381314844795,0.224117936883793
S1_214781449,1,214781449,0,1,0.590919195970224,0.94805076951405
S1_214841735,1,214841735,0,1,0.0904918596813426,0.112490974896961
S1_214846461,1,214846461,0,1,0.253538776666587,0.527324135984191
S1_214928240,1,214928240,0,1,0.465224339205428,0.69702117462415
S1_214929456,1,214929456,0,1,0.420321389741395,0.470741332924251
S1_214979666,1,214979666,0,1,1.08255483113454,0.88398141333486
S1_214979687,1,214979687,0,1,0.443829889731994,0.404143792806838
S1_214979748,1,214979748,0,1,0.0830381040114924,0.269465774551893
S1_214979752,1,214979752,0,1,0.0860384521361001,0.25780087710975
S1_214979851,1,214979851,0,1,0.0547305110712548,0.0485897116782798
S1_214979858,1,214979858,0,1,0.525671511857194,0.53781875833843
S1_214979865,1,214979865,0,1,0.0034136699707292,0.0289996713184295
S1_214979871,1,214979871,0,1,0.0913552603979082,0.0435837959835209
S1_214979894,1,214979894,0,1,0.16699261787974,0.33889528201929
S1_214993077,1,214993077,0,1,0.973443784407771,0.973443784407771
S1_214993355,1,214993355,0,1,0.44363389349087,0.655456445786645
S1_215015060,1,215015060,0,1,1.24547965238709,1.76395182358861
S1_215092071,1,215092071,0,1,0.102700178848074,0.0144149896835744
S1_215092075,1,215092075,0,1,0.152662497777442,0.37909675738104
S1_215092196,1,215092196,0,1,0.793787446558009,0.85979363206852
S1_215092220,1,215092220,0,1,1.14831298184834,1.01322824764337
S1_215154799,1,215154799,0,1,1.52624314212796,1.9881263538248
S1_215206723,1,215206723,0,1,0.0475067360455619,0.0475067360455619
S1_215208894,1,215208894,0,1,0.186681015166537,0.450785149957233
S1_215330648,1,215330648,0,1,0.129514110422674,0.35688529278894
S1_215339792,1,215339792,0,1,0.0185814085216102,0.0601927154879154
S1_215339817,1,215339817,0,1,0.0117212836192936,0.00439430922711617
S1_215340599,1,215340599,0,1,0.224439009631514,0.410943627892489
S1_215340665,1,215340665,0,1,0.807783566355252,1.25016251901453
S1_215440692,1,215440692,0,1,0.0706151163095595,0.0706151163095595
S1_215440807,1,215440807,0,1,0.00872106134182894,0.0282827170667815
S1_215442884,1,215442884,0,1,0.964046376320483,0.964046376320483
S1_215443045,1,215443045,0,1,0.910252633360317,1.04425398258343
S1_215443085,1,215443085,0,1,0.528485340402476,0.827960898785833
S1_215443093,1,215443093,0,1,0.119997020438578,0.0117532770711676
S1_215444028,1,215444028,0,1,0.616240532178365,0.1372693738392
S1_215606769,1,215606769,0,1,0.0476316115784505,0.179433908634114
S1_215610681,1,215610681,0,1,0.370380291548041,0.701803635245388
S1_215611037,1,215611037,0,1,0.00984635943707308,0.0700197613732952
S1_215611278,1,215611278,0,1,0.757945485563189,0.628834780724361
S1_215611305,1,215611305,0,1,0.166162378692472,0.418056732494015
S1_215611638,1,215611638,0,1,0.0322255410853235,0.141962433326532
S1_215650841,1,215650841,0,1,0.404351302620158,0.380415305772701
S1_215671585,1,215671585,0,1,0.201220617117323,0.0771234671191342
S1_215671602,1,215671602,0,1,0.330364392668015,0.359153447538528
S1_215841996,1,215841996,0,1,0.0210069255640126,0.114335273983013
S1_215841997,1,215841997,0,1,0.0182693369384196,0.083025494452209
S1_215842025,1,215842025,0,1,0.131069914241155,0.0124454034779334
S1_215842036,1,215842036,0,1,0.330334851638722,0.600789630874077
S1_215842062,1,215842062,0,1,0.464372709864841,0.620164206399544
S1_215908072,1,215908072,0,1,0.0895011131875715,0.283412447735788
S1_215908122,1,215908122,0,1,0.079787132263182,0.251920914092351
S1_215908158,1,215908158,0,1,1.29215177510882,1.30107729266284
S1_215908168,1,215908168,0,1,0.0483264119674662,0.0605773498533508
S1_215908306,1,215908306,0,1,0.583385978508946,0.583385978508946
S1_215908461,1,215908461,0,1,0.0987961799681657,0.0309517388333828
S1_215908586,1,215908586,0,1,0.128667010631473,0.128667010631473
S1_215908760,1,215908760,0,1,0.283523855624047,0.16551420523541
S1_215908778,1,215908778,0,1,0.373331968758273,0.308501083964542
S1_215982352,1,215982352,0,1,0.165239299430188,0.225900368224168
S1_216149215,1,216149215,0,1,0.284024620685416,0.513802539896877
S1_216162465,1,216162465,0,1,0.332380962979948,0.332380962979948
S1_216163946,1,216163946,0,1,0.398780242924844,0.258364062559612
S1_216164042,1,216164042,0,1,0.579171042000582,0.00628728946907053
S1_216164093,1,216164093,0,1,0.691809594126968,0.69820594478224
S1_216164102,1,216164102,0,1,0.730124726523041,0.765343589758992
S1_216164321,1,216164321,0,1,0.440160030720754,0.304623627940435
S1_216164384,1,216164384,0,1,0.0396278392754687,0.164329919381943
S1_216164396,1,216164396,0,1,0.89497711756956,0.159090858704033
S1_216164609,1,216164609,0,1,1.71068705795457,1.93437057370831
S1_216164663,1,216164663,0,1,0.714065934833772,1.15185316408118
S1_216300189,1,216300189,0,1,0.460537727625508,0.753252565972435
S1_216300215,1,216300215,0,1,0.274424119340798,0.578313556249199
S1_216300640,1,216300640,0,1,0.0674237513413156,0.0652224670300992
S1_216300645,1,216300645,0,1,0.374776887160762,0.477393961108512
S1_216410181,1,216410181,0,1,0.156125573664512,0.00609372900342174
S1_216440975,1,216440975,0,1,0.387344198011407,0.718311258196688
S1_216442270,1,216442270,0,1,0.245393922542591,0.00754121605598029
S1_216451138,1,216451138,0,1,0.781091308920066,0.781091308920066
S1_216472019,1,216472019,0,1,0.322431025724911,0.606357260177732
S1_216580977,1,216580977,0,1,0.0681966278197273,0.0681966278197273
S1_216581275,1,216581275,0,1,0.746892132020629,0.53295864764462
S1_216581303,1,216581303,0,1,1.87239888225995,1.93257999258517
S1_216669199,1,216669199,0,1,0.490623756673447,0.420144553508935
S1_216684741,1,216684741,0,1,0.614193923867823,0.700583871095063
S1_216684777,1,216684777,0,1,1.75771140479849,2.34505910783319
S1_216691321,1,216691321,0,1,0.790442344463145,1.22577078678718
S1_216691364,1,216691364,0,1,0.101362392979538,0.110734890829028
S1_216691382,1,216691382,0,1,0.234455435474938,0.436142726974238
S1_216691402,1,216691402,0,1,0.155037493920674,0.278980997031893
S1_216692641,1,216692641,0,1,0.955536064519774,1.26014892491846
S1_216692661,1,216692661,0,1,1.61342103650719,1.92678032878099
S1_216694626,1,216694626,0,1,0.123814950968678,0.346517752343578
S1_216694700,1,216694700,0,1,1.13420040694785,1.46477932102943
S1_216695038,1,216695038,0,1,0.391072746313075,0.391072746313075
S1_216695049,1,216695049,0,1,0.0462442886088719,0.175954151599996
S1_216696172,1,216696172,0,1,0.080159994443827,0.262708384247956
S1_216696253,1,216696253,0,1,0.346035327665961,0.0627325852314259
S1_216696274,1,216696274,0,1,0.712593781707898,0.753497388854893
S1_216697706,1,216697706,0,1,0.653634678029111,0.653634678029111
S1_216697720,1,216697720,0,1,0.264303127326619,0.404247297194776
S1_216761583,1,216761583,0,1,0.674796360658198,1.09296750720431
S1_216761867,1,216761867,0,1,0.823562934197268,0.823562934197268
S1_216762571,1,216762571,0,1,0.0246468398327435,0.0231769875665391
S1_216762692,1,216762692,0,1,0.4122921827993,0.408014089878292
S1_216762723,1,216762723,0,1,0.347089382320931,0.543981733467604
S1_216762739,1,216762739,0,1,0.551076785152646,0.802072357304884
S1_216766114,1,216766114,0,1,0.296326976724341,0.038677076618375
S1_216766151,1,216766151,0,1,0.0107788226942918,0.0017920260989113
S1_216771601,1,216771601,0,1,0.172010555347236,0.192207355249031
S1_216929344,1,216929344,0,1,0.560725568641021,0.154270091538205
S1_216929368,1,216929368,0,1,0.263299826592824,0.212829956217869
S1_216929389,1,216929389,0,1,0.247795111794724,0.343511182163335
S1_216932346,1,216932346,0,1,0.20839279926198,0.425860582245061
S1_216932372,1,216932372,0,1,0.216637977206896,0.497889140380322
S1_217021887,1,217021887,0,1,0.230905812654529,0.500823008361421
S1_217023231,1,217023231,0,1,0.0418622495694385,0.165057425042221
S1_217042986,1,217042986,0,1,0.580835393171279,0.111714164476502
S1_217043021,1,217043021,0,1,0.138677447892665,0.138677447892665
S1_217113081,1,217113081,0,1,1.27001484497845,1.64254954525301
S1_217132101,1,217132101,0,1,0.290476284914834,0.344080463905882
S1_217132263,1,217132263,0,1,0.298640435359598,0.615523637352952
S1_217132264,1,217132264,0,1,0.044767770480471,0.168562887805682
S1_217134390,1,217134390,0,1,0.306722547566219,0.502825386056024
S1_217134410,1,217134410,0,1,0.927642118877313,1.39898746633982
S1_217134412,1,217134412,0,1,0.892365483519738,1.37103363332005
S1_217134432,1,217134432,0,1,0.661362489300676,0.983657409021578
S1_217179829,1,217179829,0,1,0.671153896696935,0.984167440576966
S1_217181467,1,217181467,0,1,0.566113294869391,0.566113294869391
S1_217181481,1,217181481,0,1,0.104421353567807,0.104421353567807
S1_217181483,1,217181483,0,1,1.01375053905283,1.15084109151384
S1_217181526,1,217181526,0,1,0.0286496591897447,0.0286496591897447
S1_217210023,1,217210023,0,1,0.0971546121220994,0.0971546121220994
S1_217210041,1,217210041,0,1,0.346316061535967,0.621173896202664
S1_217210483,1,217210483,0,1,0.403959913060381,0.736248322267318
S1_217210507,1,217210507,0,1,0.0635709757502887,0.0242236392534036
S1_217211144,1,217211144,0,1,0.0463484694314636,0.0691887932130121
S1_217211151,1,217211151,0,1,0.559068420705341,0.576646104837795
S1_217211236,1,217211236,0,1,0.306856141151015,0.306856141151015
S1_217211239,1,217211239,0,1,0.131999304422763,0.148949529909058
S1_217211250,1,217211250,0,1,0.118983898342098,0.118983898342098
S1_217211251,1,217211251,0,1,0.0976346299450534,0.0439324020113322
S1_217211380,1,217211380,0,1,0.144826389510157,0.368431029514905
S1_217211539,1,217211539,0,1,0.209929451765983,0.209929451765983
S1_217211576,1,217211576,0,1,0.259240770388885,0.245817716433276
S1_217212143,1,217212143,0,1,0.151517823886965,0.319581557969264
S1_217212201,1,217212201,0,1,0.565892806646396,0.390754752452075
S1_217212234,1,217212234,0,1,0.292454040402536,0.602651855693446
S1_217252363,1,217252363,0,1,0.766383124803372,0.666482411513132
S1_217252369,1,217252369,0,1,0.00617252740864809,0.00617252740864809
S1_217252472,1,217252472,0,1,0.698803700898245,1.05751412670421
S1_217252489,1,217252489,0,1,0.128699168156636,0.128699168156636
S1_217252567,1,217252567,0,1,0.51646682650101,0.7012802907854
S1_217273904,1,217273904,0,1,0.0880677225162461,0.159454997248168
S1_217274636,1,217274636,0,1,0.0264319292977627,0.125621289138317
S1_217274681,1,217274681,0,1,0.0299405696913064,0.147507463716644
S1_217274741,1,217274741,0,1,0.275764572684042,0.394441940226892
S1_217274777,1,217274777,0,1,1.91673238871181,0.844424142025305
S1_217280024,1,217280024,0,1,0.833490535461077,0.833490535461077
S1_217280123,1,217280123,0,1,0.618017104788915,0.693138187516642
S1_217280129,1,217280129,0,1,0.351366853961433,0.133659843368569
S1_217280279,1,217280279,0,1,0.004011129223895,0.004011129223895
S1_217280427,1,217280427,0,1,0.10728690429338,0.14672739349645
S1_217287977,1,217287977,0,1,0.0137834066157696,0.0948492020964436
S1_217287978,1,217287978,0,1,0.497564036602336,0.875331056743938
S1_217314772,1,217314772,0,1,0.0875233446103859,0.225155462153733
S1_217319064,1,217319064,0,1,1.90430450295526,2.02480479734181
S1_217319089,1,217319089,0,1,1.76437990707498,1.87028886859651
S1_217321406,1,217321406,0,1,0.863593382963776,0.863593382963776
S1_217348534,1,217348534,0,1,0.0193672907083832,0.0193672907083832
S1_217348684,1,217348684,0,1,0.0364693367778856,0.0964105679078787
S1_217348730,1,217348730,0,1,0.120082192492609,0.260850212450519
S1_217451428,1,217451428,0,1,0.719202485730728,0.719202485730728
S1_217451519,1,217451519,0,1,0.252162821078067,0.292741273733568
S1_217451530,1,217451530,0,1,0.149104980316116,0.26214285522876
S1_217522293,1,217522293,0,1,0.134070129589387,0.134070129589387
S1_217523490,1,217523490,0,1,0.289533569687204,0.604713952386805
S1_217529644,1,217529644,0,1,0.203369502521692,0.184822793840244
S1_217566546,1,217566546,0,1,0.636612840367856,0.981779035601375
S1_217585986,1,217585986,0,1,0.0521792957122985,0.176746662092459
S1_217586691,1,217586691,0,1,0.121425304036983,0.172271678486754
S1_217586747,1,217586747,0,1,0.203382299343493,0.47626095249573
S1_217587079,1,217587079,0,1,0.163703584421002,0.327427978353722
S1_217638907,1,217638907,0,1,0.644995037364142,0.760967503769366
S1_217638947,1,217638947,0,1,0.0232935080863191,0.0694189642774989
S1_217736061,1,217736061,0,1,0.350908060724615,0.588594171796095
S1_217780622,1,217780622,0,1,1.29241864379761,1.22069643788972
S1_217821564,1,217821564,0,1,0.229107366444849,0.372685389735977
S1_217832011,1,217832011,0,1,0.108378666969633,0.08614114500777
S1_217875175,1,217875175,0,1,0.04065887569002,0.175097990147219
S1_217875291,1,217875291,0,1,0.00707051098040221,0.00707051098040221
S1_217877319,1,217877319,0,1,1.84658635434577,2.13954081173798
S1_217892214,1,217892214,0,1,1.61399655702129,1.82804364646727
S1_217892239,1,217892239,0,1,0.884905242650185,0.97051726099692
S1_217897235,1,217897235,0,1,1.12530233183457,1.4752359770229
S1_217897288,1,217897288,0,1,1.50515606550175,1.50515606550175
S1_217897379,1,217897379,0,1,0.406151069740347,0.406151069740347
S1_217897414,1,217897414,0,1,0.373701229121011,0.373701229121011
S1_217933855,1,217933855,0,1,1.56991732174355,1.70904385712868
S1_217935033,1,217935033,0,1,2.1064160108186,2.1064160108186
S1_217935754,1,217935754,0,1,1.75376016731147,2.1560582413047
S1_217935787,1,217935787,0,1,0.57414512347171,0.971853563731946
S1_218286345,1,218286345,0,1,0.142710956390195,0.142710956390195
S1_218286546,1,218286546,0,1,0.0756977684769948,0.168818849933361
S1_218564327,1,218564327,0,1,0.898201503309626,0.936256032264763
S1_218565248,1,218565248,0,1,0.0681757173018566,0.233879357342077
S1_218599439,1,218599439,0,1,0.398625868408129,0.107305020259832
S1_218666700,1,218666700,0,1,0.0387337061572477,0.0387337061572477
S1_218666892,1,218666892,0,1,0.264633376655002,0.0880699722655387
S1_218666911,1,218666911,0,1,0.403610579171461,0.403610579171461
S1_218716973,1,218716973,0,1,0.699768459117523,0.699768459117523
S1_218775684,1,218775684,0,1,1.59902268866478,2.15048447314002
S1_218775739,1,218775739,0,1,0.341797028190799,0.578857021678091
S1_218775750,1,218775750,0,1,0.00839790599962197,0.0363520610624302
S1_218800962,1,218800962,0,1,0.313812304707011,0.419539169184611
S1_219064968,1,219064968,0,1,0.359614350772004,0.501261767989111
S1_219121253,1,219121253,0,1,0.668892668196335,1.07821480876176
S1_219231655,1,219231655,0,1,0.273271319001561,0.273271319001561
S1_219231674,1,219231674,0,1,0.617674622710232,0.617674622710232
S1_219232023,1,219232023,0,1,0.155895675145221,0.204091194206652
S1_219232416,1,219232416,0,1,0.782296543895875,1.20034475857057
S1_219232440,1,219232440,0,1,0.782296543895875,1.20034475857057
S1_219232669,1,219232669,0,1,1.06467629204217,1.53082593464998
S1_219232705,1,219232705,0,1,0.133995250454643,0.362569572544034
S1_219232778,1,219232778,0,1,0.693798315472445,1.12569182065045
S1_219232799,1,219232799,0,1,0.494679688427044,0.877840797432266
S1_219275899,1,219275899,0,1,0.94016245989245,0.855572481475102
S1_219371053,1,219371053,0,1,0.532631954518728,0.904962846031864
S1_219371468,1,219371468,0,1,0.85846483727293,1.19930141904282
S1_219374853,1,219374853,0,1,0.271582574474868,0.236632786757783
S1_219379659,1,219379659,0,1,0.0496703833688155,0.0758052475352431
S1_219379668,1,219379668,0,1,0.0670919201433372,0.0972469820267475
S1_219476069,1,219476069,0,1,0.202430843960174,0.215979555486336
S1_219568911,1,219568911,0,1,0.481137510493824,0.481137510493824
S1_219570269,1,219570269,0,1,0.146890172693877,0.146890172693877
S1_219606733,1,219606733,0,1,0.116337378545919,0.116337378545919
S1_219612077,1,219612077,0,1,0.307179294813106,0.629949836540444
S1_219719651,1,219719651,0,1,0.973368926122001,1.07878532791848
S1_219834939,1,219834939,0,1,0.446980766874133,0.233822391262729
S1_219900208,1,219900208,0,1,0.215244514283413,0.18808806095681
S1_219975899,1,219975899,0,1,1.24848420044406,1.20522983429922
S1_219975965,1,219975965,0,1,0.393227599411988,0.156754334788423
S1_220007703,1,220007703,0,1,0.0690199907490185,0.0477068614009302
S1_220008350,1,220008350,0,1,1.34190075777434,1.36220060052547
S1_220008539,1,220008539,0,1,1.02934761087259,1.27738090321865
S1_220057551,1,220057551,0,1,0.290006696001104,0.290006696001104
S1_220057566,1,220057566,0,1,0.168018604290698,0.305062692828271
S1_220058010,1,220058010,0,1,0.379286402693871,0.379286402693871
S1_220058577,1,220058577,0,1,0.122461704141865,0.335437297571557
S1_220058987,1,220058987,0,1,0.284924280696425,0.100165280734758
S1_220059129,1,220059129,0,1,0.0840682705731451,0.0749207307139707
S1_220059220,1,220059220,0,1,0.533930454805707,0.533930454805707
S1_220067760,1,220067760,0,1,0.633035399928789,0.817715571183772
S1_220075491,1,220075491,0,1,1.06499312291764,1.41104637843971
S1_220095770,1,220095770,0,1,0.618039212466508,0.271558905346804
S1_220096447,1,220096447,0,1,0.413281246450604,0.235070365715788
S1_220117797,1,220117797,0,1,1.36970079415218,1.07657305799531
S1_220117819,1,220117819,0,1,1.01277340374566,0.96966666417697
S1_220201757,1,220201757,0,1,1.17971542686431,1.17971542686431
S1_220317390,1,220317390,0,1,0.194058772565312,0.434163326075662
S1_220339308,1,220339308,0,1,0.64477355288042,0.366588029073668
S1_220365504,1,220365504,0,1,0.202450946435798,0.111554433460427
S1_220365517,1,220365517,0,1,0.917037983899225,0.983691786801012
S1_220372608,1,220372608,0,1,0.574778307480753,0.794708671235752
S1_220375238,1,220375238,0,1,0.393712228351166,0.232973109706235
S1_220375245,1,220375245,0,1,0.609144176325347,0.57553742286654
S1_220505455,1,220505455,0,1,0.146088215743302,0.146088215743302
S1_220505526,1,220505526,0,1,0.321794953849071,0.0065267127120296
S1_220524553,1,220524553,0,1,0.316209289521629,0.427787058178307
S1_220713590,1,220713590,0,1,0.0668404540351226,0.0997332659621082
S1_220785221,1,220785221,0,1,0.103890074101044,0.232993500696166
S1_220785288,1,220785288,0,1,0.175781819664859,0.175781819664859
S1_220788080,1,220788080,0,1,0.287751079140681,0.287751079140681
S1_220788098,1,220788098,0,1,0.137063270325252,0.13932343895962
S1_220788117,1,220788117,0,1,0.74056492629047,1.11355494933121
S1_220823746,1,220823746,0,1,0.453370478848298,0.792778997367252
S1_220823757,1,220823757,0,1,0.369969695187346,0.0561532553178953
S1_220823902,1,220823902,0,1,0.461717323126221,0.639142410921051
S1_220824008,1,220824008,0,1,1.32812002049615,1.32812002049615
S1_220827703,1,220827703,0,1,2.11436431971202,2.57104282628942
S1_220827838,1,220827838,0,1,0.795637236428595,1.18289023646755
S1_220848747,1,220848747,0,1,0.527351136291898,0.82013469200068
S1_220941497,1,220941497,0,1,0.749131024709628,1.05929887659758
S1_220941518,1,220941518,0,1,0.263457174052363,0.451129761331664
S1_221185844,1,221185844,0,1,1.08822378120392,1.08822378120392
S1_221185851,1,221185851,0,1,0.778571470273205,1.12390467211635
S1_221185884,1,221185884,0,1,1.39075667102207,1.79117705324248
S1_221187735,1,221187735,0,1,0.803557245395207,1.11230028998533
S1_221192614,1,221192614,0,1,0.0187178787890005,0.0187178787890005
S1_221192648,1,221192648,0,1,1.74340599090033,1.74340599090033
S1_221192656,1,221192656,0,1,1.5886781469942,1.5886781469942
S1_221241106,1,221241106,0,1,1.04160298011849,1.46193766876285
S1_221241110,1,221241110,0,1,0.584115935559084,0.909421284194795
S1_221369204,1,221369204,0,1,0.398444531512915,0.370497322477211
S1_221369860,1,221369860,0,1,0.378886796445685,0.378886796445685
S1_221369896,1,221369896,0,1,0.355765200267045,0.446548611656409
S1_221369897,1,221369897,0,1,0.44014239834041,0.588665613025133
S1_221381566,1,221381566,0,1,1.26375629828574,1.62999655923252
S1_221381620,1,221381620,0,1,0.697280279852109,0.942818565201036
S1_221441480,1,221441480,0,1,1.1957841106214,1.72452203008101
S1_221486255,1,221486255,0,1,0.028000157024269,0.028000157024269
S1_221486449,1,221486449,0,1,0.563610059417356,0.899149071358471
S1_221486514,1,221486514,0,1,1.36187596347048,1.91163962301052
S1_221486552,1,221486552,0,1,0.29675481526768,0.135113530663529
S1_221738938,1,221738938,0,1,0.465671019926916,0.529937488234049
S1_221741401,1,221741401,0,1,0.507704410727114,0.507704410727114
S1_221810663,1,221810663,0,1,0.524425298739659,0.234086227413249
S1_221945083,1,221945083,0,1,0.794695298513517,0.736340096435988
S1_222009214,1,222009214,0,1,0.495646066972374,0.62817823543319
S1_222133227,1,222133227,0,1,0.769017199971166,0.97839730961288
S1_222170032,1,222170032,0,1,0.401909439670356,0.19066965830703
S1_222170232,1,222170232,0,1,0.0527447851604197,0.206204085202643
S1_222204467,1,222204467,0,1,0.646601589870378,1.01481359497715
S1_222205490,1,222205490,0,1,0.423007557066788,0.789026970462739
S1_222300868,1,222300868,0,1,0.77128576422951,1.1006685926848
S1_222304755,1,222304755,0,1,0.946694499981011,1.43054775035597
S1_222398111,1,222398111,0,1,1.13505485543046,1.63828522392735
S1_222398113,1,222398113,0,1,0.580655186696771,0.990720140656913
S1_222398163,1,222398163,0,1,1.0598912038848,1.0598912038848
S1_222398175,1,222398175,0,1,0.159260558188819,0.159260558188819
S1_222398205,1,222398205,0,1,1.47922042200528,1.47922042200528
S1_222399038,1,222399038,0,1,1.19607747764046,1.19607747764046
S1_222399497,1,222399497,0,1,0.173619132520901,0.311399939373012
S1_222399545,1,222399545,0,1,1.31812607264997,1.31812607264997
S1_222399556,1,222399556,0,1,0.744925185737285,0.744925185737285
S1_222399560,1,222399560,0,1,0.743625827014933,0.743625827014933
S1_222399617,1,222399617,0,1,1.0712618343604,0.0101699166175666
S1_222400288,1,222400288,0,1,1.51711258410919,1.51711258410919
S1_222400394,1,222400394,0,1,0.328165687865837,0.416393079717071
S1_222400802,1,222400802,0,1,0.0231621129006826,0.108155543262202
S1_222400875,1,222400875,0,1,1.56168597901497,1.56168597901497
S1_222401619,1,222401619,0,1,0.331787627540095,0.615638629294275
S1_222403123,1,222403123,0,1,0.0850196551644901,0.178730585129992
S1_222403157,1,222403157,0,1,0.335335080335576,0.335335080335576
S1_222447410,1,222447410,0,1,0.103071055804867,0.114696859579365
S1_222450362,1,222450362,0,1,0.507323692026893,0.0278178091513937
S1_222450414,1,222450414,0,1,0.426361360247687,0.778715435785071
S1_222483675,1,222483675,0,1,0.559279956412959,0.951846074481199
S1_222544952,1,222544952,0,1,0.995978135503211,0.995978135503211
S1_222544986,1,222544986,0,1,0.712709220160468,0.712709220160468
S1_222544988,1,222544988,0,1,0.766285659425615,0.766285659425615
S1_222547628,1,222547628,0,1,1.15457816182434,1.48444198569929
S1_222550256,1,222550256,0,1,1.13494314669526,1.65461117547852
S1_222550310,1,222550310,0,1,0.687021344062139,0.127003548020462
S1_222591045,1,222591045,0,1,1.66219415088801,2.1562320450795
S1_222591119,1,222591119,0,1,0.309593795456555,0.602397081316961
S1_222599062,1,222599062,0,1,0.994487466314096,1.35087222580563
S1_222794706,1,222794706,0,1,1.51028709734798,1.35978335842871
S1_222955810,1,222955810,0,1,0.118973605605287,0.315478401377994
S1_222963663,1,222963663,0,1,0.821952373664265,0.821952373664265
S1_222963707,1,222963707,0,1,0.64216552828323,0.64216552828323
S1_222963756,1,222963756,0,1,0.81053847684976,1.23867503266152
S1_222976475,1,222976475,0,1,0.648181941457302,0.804021279149976
S1_222979802,1,222979802,0,1,0.0869945946628387,0.0460808718038966
S1_222980285,1,222980285,0,1,0.345132853148037,0.356928731413404
S1_222980376,1,222980376,0,1,0.0822844407618536,0.151131581315558
S1_222980504,1,222980504,0,1,0.630131052495597,1.00661586984044
S1_222980553,1,222980553,0,1,0.573581838356362,0.811888030076705
S1_222981221,1,222981221,0,1,0.789130892480796,1.07413824164501
S1_222983676,1,222983676,0,1,0.0328462259466079,0.11270804258909
S1_222983706,1,222983706,0,1,0.280000583801702,0.17211143419103
S1_222983711,1,222983711,0,1,0.0662084628279685,0.110072391078922
S1_223034709,1,223034709,0,1,0.108042310772123,0.224536252743773
S1_223034772,1,223034772,0,1,0.00569675031606565,0.0595643595279677
S1_223039800,1,223039800,0,1,0.471579242918903,0.240529159842853
S1_223162505,1,223162505,0,1,0.0200066493240885,0.11791510344974
S1_223162511,1,223162511,0,1,0.191051809626379,0.191051809626379
S1_223164685,1,223164685,0,1,0.181541213380123,0.334300022928941
S1_223214345,1,223214345,0,1,0.48736899778769,0.615162844602817
S1_223214393,1,223214393,0,1,0.170098614274562,0.343911719111527
S1_223216141,1,223216141,0,1,0.610530770808681,1.01259586221814
S1_223216143,1,223216143,0,1,0.660580083624808,1.09141062251936
S1_223312577,1,223312577,0,1,0.226915340351821,0.165527318636725
S1_223313544,1,223313544,0,1,0.270198393818277,0.055874886424563
S1_223313717,1,223313717,0,1,0.480351089662698,0.783877149783933
S1_223317166,1,223317166,0,1,1.29926933953826,1.29926933953826
S1_223318841,1,223318841,0,1,0.0893910579928902,0.158164747513245
S1_223400005,1,223400005,0,1,0.254946969019156,0.254946969019156
S1_223499912,1,223499912,0,1,0.00879478260330574,0.0117811962689835
S1_223499958,1,223499958,0,1,0.376084814470989,0.376084814470989
S1_223564947,1,223564947,0,1,0.0774050102056814,0.0129811495015776
S1_223566127,1,223566127,0,1,1.91600208692513,0.378047685483664
S1_223621448,1,223621448,0,1,0.924555867684678,0.924555867684678
S1_223626468,1,223626468,0,1,0.182826753594286,0.089499326539282
S1_223687804,1,223687804,0,1,0.0663617788194673,0.172416211938049
S1_223688064,1,223688064,0,1,0.87543278186639,0.750205888112161
S1_223688092,1,223688092,0,1,0.36185049478031,0.467626811667491
S1_223760141,1,223760141,0,1,0.640046492466846,0.631777156797525
S1_223760444,1,223760444,0,1,0.75381283860074,0.637726790507067
S1_223760517,1,223760517,0,1,0.22223385314275,0.428476271884074
S1_223760550,1,223760550,0,1,0.929132630705692,1.35153231457398
S1_223767644,1,223767644,0,1,0.683145837559267,0.967370566682666
S1_223768331,1,223768331,0,1,0.846537111821496,0.208130845006225
S1_223769693,1,223769693,0,1,0.0347560592318227,0.144352911186928
S1_223771084,1,223771084,0,1,0.153913322151576,0.213063784677075
S1_223771124,1,223771124,0,1,0.0764501026041125,0.160267168587463
S1_223772253,1,223772253,0,1,0.199302664348983,0.27622262546973
S1_223773357,1,223773357,0,1,0.0324001366223188,0.13170437387964
S1_223773415,1,223773415,0,1,0.360325500975302,0.162691898541873
S1_223773427,1,223773427,0,1,0.350925902743566,0.250315397162268
S1_223774022,1,223774022,0,1,0.51398612036605,0.382669168279818
S1_223774034,1,223774034,0,1,0.513986120366034,0.382669168279818
S1_223776710,1,223776710,0,1,0.0952565353265235,0.0671899195913951
S1_223777170,1,223777170,0,1,1.15415002456553,1.15415002456553
S1_223784890,1,223784890,0,1,0.94339719899935,0.94339719899935
S1_223784908,1,223784908,0,1,0.111283728649524,0.111283728649524
S1_223784953,1,223784953,0,1,0.345993306844573,0.345993306844573
S1_223785468,1,223785468,0,1,0.00531896396918068,0.040087301661751
S1_223785549,1,223785549,0,1,0.958229933868386,1.20100748825312
S1_223792440,1,223792440,0,1,0.380828435813649,0.490581438523643
S1_223794197,1,223794197,0,1,0.672468269372593,1.10162242461707
S1_223794214,1,223794214,0,1,0.162472427756567,0.383362786748562
S1_223794223,1,223794223,0,1,0.951179900102025,1.28159256457645
S1_223794228,1,223794228,0,1,0.413854085439262,0.400283190168553
S1_223822258,1,223822258,0,1,0.351946243278197,0.193718241915871
S1_223822337,1,223822337,0,1,0.593222008992822,0.854502898762847
S1_223825590,1,223825590,0,1,0.0956211974937198,0.0956211974937198
S1_223825891,1,223825891,0,1,1.52319960387884,0.162207104670804
S1_223825940,1,223825940,0,1,0.0613679082960485,0.213017983967866
S1_223826081,1,223826081,0,1,0.227886097394472,0.28818925906776
S1_223826179,1,223826179,0,1,0.216866956987539,0.216866956987539
S1_223929048,1,223929048,0,1,0.171462742900142,0.427139447099091
S1_223929124,1,223929124,0,1,0.337662708609363,0.337662708609363
S1_223972071,1,223972071,0,1,0.33310911117029,0.33310911117029
S1_224004031,1,224004031,0,1,0.191984538956771,0.422135284518868
S1_224024888,1,224024888,0,1,0.383181972321677,0.390342385008882
S1_224040394,1,224040394,0,1,0.327261427591209,0.585121067207621
S1_224068006,1,224068006,0,1,0.543884156445846,0.556841120446915
S1_224078273,1,224078273,0,1,0.519915250232174,0.519915250232174
S1_224083696,1,224083696,0,1,0.657210217422014,0.794955801293734
S1_224101680,1,224101680,0,1,0.786999157925447,1.18584424809349
S1_224101700,1,224101700,0,1,0.226131300388846,0.512635254275453
S1_224101705,1,224101705,0,1,0.315683518779132,0.614929884769904
S1_224102147,1,224102147,0,1,0.0367424421631783,0.0367424421631783
S1_224246581,1,224246581,0,1,0.00595297351420662,0.0175879095839202
S1_224246899,1,224246899,0,1,0.0597584432259291,0.11902250880612
S1_224247039,1,224247039,0,1,0.223307605379004,0.484999490498654
S1_224247388,1,224247388,0,1,0.165963870763546,0.00553967293495232
S1_224256329,1,224256329,0,1,0.0598466172029287,0.0598466172029287
S1_224256364,1,224256364,0,1,0.197113187618734,0.197113187618734
S1_224257853,1,224257853,0,1,0.388819400605341,0.730308217083409
S1_224372813,1,224372813,0,1,0.00276986030887796,0.0242255130003774
S1_224372819,1,224372819,0,1,0.0214622583109982,0.12113402933646
S1_224373193,1,224373193,0,1,0.480243085924532,0.315928205291499
S1_224378682,1,224378682,0,1,0.135084592732511,0.219723738616355
S1_224417798,1,224417798,0,1,0.805110090469022,1.0922226097353
S1_224417902,1,224417902,0,1,0.0611995095917016,0.185535112767978
S1_224420575,1,224420575,0,1,0.00281671643518244,0.0145843943337137
S1_224571597,1,224571597,0,1,0.137018087409426,0.248086967109257
S1_224627817,1,224627817,0,1,0.0314877748952662,0.14556801143408
S1_224627863,1,224627863,0,1,NA,NA
S1_224767466,1,224767466,0,1,0.486527375471548,0.353667226709102
S1_224767968,1,224767968,0,1,0.37266758839988,0.671707178909904
S1_224768456,1,224768456,0,1,0.39293621689925,0.731831367617039
S1_224769132,1,224769132,0,1,0.101033686063449,0.0307086036461484
S1_224769493,1,224769493,0,1,0.635294033522163,0.635294033522163
S1_224769496,1,224769496,0,1,0.440257984769339,0.440257984769339
S1_224769665,1,224769665,0,1,1.55987584514217,1.55987584514217
S1_224811551,1,224811551,0,1,0.236792592500759,0.236792592500759
S1_224811726,1,224811726,0,1,0.451740016075356,0.743378325343628
S1_224920858,1,224920858,0,1,0.2600539518258,0.2600539518258
S1_224920887,1,224920887,0,1,0.141806956667824,0.141806956667824
S1_224926031,1,224926031,0,1,0.403987239112783,0.403987239112783
S1_225032788,1,225032788,0,1,0.20611174195513,0.422850253501468
S1_225032989,1,225032989,0,1,0.594992248924635,0.570696449347467
S1_225033350,1,225033350,0,1,0.0356163839084211,0.154391242223973
S1_225033482,1,225033482,0,1,0.245561635283184,0.196959639050822
S1_225033503,1,225033503,0,1,0.458213904389928,0.804720756109321
S1_225037266,1,225037266,0,1,0.433429537143404,0.618721089977387
S1_225038092,1,225038092,0,1,0.48272436290114,0.449087874296896
S1_225039347,1,225039347,0,1,0.945841097327423,1.2941495960532
S1_225039370,1,225039370,0,1,1.23027053950527,1.2240560824613
S1_225040109,1,225040109,0,1,0.0751096094708395,0.227229836706817
S1_225040153,1,225040153,0,1,0.897825914245858,1.34342673617843
S1_225040165,1,225040165,0,1,0.105073247486953,0.289901428638426
S1_225040493,1,225040493,0,1,2.71766190234556,0.260336331741349
S1_225040499,1,225040499,0,1,0.667635566849822,0.843766189734531
S1_225040506,1,225040506,0,1,4.20263240529006,0.549731798723171
S1_225040550,1,225040550,0,1,0.0468948526391563,0.191528507613375
S1_225040581,1,225040581,0,1,0.424429335876365,0.286559851092434
S1_225041986,1,225041986,0,1,0.360063269813876,0.0576569082685117
S1_225044263,1,225044263,0,1,0.507613252597635,0.618209820171139
S1_225106465,1,225106465,0,1,0.10464030903875,0.0451342929092565
S1_225106479,1,225106479,0,1,0.20316043558638,0.20316043558638
S1_225109127,1,225109127,0,1,0.186835653488863,0.0216708251470217
S1_225109261,1,225109261,0,1,0.0594645237743704,0.102492260025585
S1_225109449,1,225109449,0,1,1.36031779088808,1.32162401814192
S1_225123069,1,225123069,0,1,0.86704983823265,1.03086597518474
S1_225132573,1,225132573,0,1,0.292400336731506,0.271861811121507
S1_225132600,1,225132600,0,1,0.559683125551682,0.559683125551682
S1_225135434,1,225135434,0,1,0.172573137072539,0.000447050917687777
S1_225135456,1,225135456,0,1,0.557649739961715,0.555035007390347
S1_225136542,1,225136542,0,1,0.167501842774364,0.133509242040481
S1_225136728,1,225136728,0,1,0.0509875644512877,0.0249352444616159
S1_225137458,1,225137458,0,1,0.0992751413768591,0.0444785612276124
S1_225496631,1,225496631,0,1,0.718089767873075,0.0479916209111416
S1_225496992,1,225496992,0,1,0.543566843870009,0.0915748298760376
S1_225575900,1,225575900,0,1,0.217584473538488,0.217584473538488
S1_225576132,1,225576132,0,1,0.560401041435558,0.959030584748194
S1_225576194,1,225576194,0,1,0.559385009030832,0.840425606418801
S1_225576224,1,225576224,0,1,0.269598125689898,0.0967773462996013
S1_225576295,1,225576295,0,1,0.0393050417246757,0.0393050417246757
S1_225576319,1,225576319,0,1,0.0548951114247617,0.207380073587418
S1_225576445,1,225576445,0,1,0.630729303713056,0.47062238416343
S1_225577365,1,225577365,0,1,0.348864544264042,0.185061491817736
S1_225577369,1,225577369,0,1,0.141152749207677,0.0984661173431463
S1_225577446,1,225577446,0,1,0.0733253394929646,0.0733253394929646
S1_225614588,1,225614588,0,1,0.0467070265474035,0.0612582156174432
S1_225622808,1,225622808,0,1,0.331240614680679,0.46931756522545
S1_225626299,1,225626299,0,1,1.20830226580105,1.59111477825359
S1_225626356,1,225626356,0,1,0.0798328293963966,0.0187929541654637
S1_225684431,1,225684431,0,1,0.523222809568153,0.523222809568153
S1_225684490,1,225684490,0,1,0.0465721827951249,0.0465721827951249
S1_225862329,1,225862329,0,1,0.0315420757059653,0.00198228042756253
S1_225868971,1,225868971,0,1,0.136666178602009,0.136666178602009
S1_225870635,1,225870635,0,1,0.224284009454708,0.178213164798232
S1_225870775,1,225870775,0,1,0.942402039596836,0.500209782097317
S1_225870777,1,225870777,0,1,1.15527970034368,0.553784148827193
S1_225871091,1,225871091,0,1,0.491688665274283,0.71968876570448
S1_225876651,1,225876651,0,1,0.420173862103702,0.572660809216606
S1_225876653,1,225876653,0,1,0.443950320278334,0.608203662647097
S1_225876695,1,225876695,0,1,0.472646439528874,0.704080440125143
S1_225877493,1,225877493,0,1,0.349875078612847,0.349875078612847
S1_225878148,1,225878148,0,1,0.354405584355735,0.0325309810816588
S1_225883445,1,225883445,0,1,0.229542052988524,0.229542052988524
S1_225928512,1,225928512,0,1,0.131181757423371,0.353943280450057
S1_225928514,1,225928514,0,1,0.243852122641332,0.50304209526179
S1_225976789,1,225976789,0,1,0.140671273221466,0.140671273221466
S1_226010549,1,226010549,0,1,0.323744958993111,0.420488690443969
S1_226035363,1,226035363,0,1,0.0858862939611127,0.141218483504425
S1_226171773,1,226171773,0,1,0.654045616067442,0.889120136750458
S1_226172831,1,226172831,0,1,0.368038494390362,0.701028188145526
S1_226176482,1,226176482,0,1,0.863007138250757,0.863007138250757
S1_226180375,1,226180375,0,1,0.115693202853098,0.127041158510494
S1_226180627,1,226180627,0,1,0.26293103908467,0.26293103908467
S1_226217496,1,226217496,0,1,0.362677460172498,0.685246769365393
S1_226218785,1,226218785,0,1,0.354360506328848,0.609096711198888
S1_226223226,1,226223226,0,1,0.685507100707342,0.76978586392611
S1_226237608,1,226237608,0,1,0.788736325262935,0.932684984006475
S1_226257614,1,226257614,0,1,0.56825421304639,0.56825421304639
S1_226257899,1,226257899,0,1,1.07710152249698,1.15275812075635
S1_226257990,1,226257990,0,1,0.0348736025923983,0.0348736025923983
S1_226258213,1,226258213,0,1,0.0575638196589929,0.0575638196589929
S1_226258258,1,226258258,0,1,0.204666793838402,0.204666793838402
S1_226273887,1,226273887,0,1,0.231234789361739,0.151113277333745
S1_226273978,1,226273978,0,1,0.0201672225668223,0.0900145060646376
S1_226273992,1,226273992,0,1,0.0380991428740421,0.168815419516253
S1_226277146,1,226277146,0,1,0.149069334789056,0.38770866440626
S1_226312360,1,226312360,0,1,0.704525065428018,0.704525065428018
S1_226312433,1,226312433,0,1,0.497303642801736,0.725476532454261
S1_226312457,1,226312457,0,1,0.411106179372415,0.609174353841935
S1_226316247,1,226316247,0,1,0.453542593501225,0.436000601201182
S1_226322548,1,226322548,0,1,0.152285014742209,0.183673873821625
S1_226456564,1,226456564,0,1,0.431957147688138,0.431957147688138
S1_226456910,1,226456910,0,1,0.300751285616074,0.301604028221579
S1_226456940,1,226456940,0,1,0.0763195648001952,0.221996893534202
S1_226539364,1,226539364,0,1,0.0672747515508113,0.11281879062814
S1_226768287,1,226768287,0,1,NA,NA
S1_226775508,1,226775508,0,1,0.297666423527979,0.25452962404518
S1_226775546,1,226775546,0,1,1.64932692888588,0.214709988905452
S1_226921019,1,226921019,0,1,0.0387008649763057,0.0723497251934648
S1_226921025,1,226921025,0,1,0.258069306156143,0.327900308073845
S1_226922951,1,226922951,0,1,0.111920447142659,0.117369387649248
S1_226929082,1,226929082,0,1,0.390566051924158,0.188621716543853
S1_226929129,1,226929129,0,1,0.0163764556465311,0.0287674882253489
S1_227065249,1,227065249,0,1,0.522849321785885,0.237762911326269
S1_227241027,1,227241027,0,1,0.797859570259176,1.02247579842056
S1_227241100,1,227241100,0,1,0.203107050065568,0.357864770360965
S1_227251021,1,227251021,0,1,0.011675176407009,0.0777433924463777
S1_227251027,1,227251027,0,1,0.0293236280191101,0.145752546208764
S1_227253816,1,227253816,0,1,0.0562144907284608,0.139887816213247
S1_227255159,1,227255159,0,1,0.309705315011512,0.554922441836843
S1_227452236,1,227452236,0,1,0.00299843787112189,0.00299843787112189
S1_227510275,1,227510275,0,1,0.988204075456078,0.48917218607484
S1_227510296,1,227510296,0,1,1.04569345605554,0.435695640115199
S1_227535313,1,227535313,0,1,0.811904627178167,0.634274131829751
S1_227594076,1,227594076,0,1,0.456812921930505,0.70879217893215
S1_227594313,1,227594313,0,1,0.703318570570981,0.703318570570981
S1_227643375,1,227643375,0,1,0.3015480897317,0.220696252054597
S1_227643378,1,227643378,0,1,0.335687093495044,0.404823512522834
S1_227643409,1,227643409,0,1,0.244186075295248,0.392601209700606
S1_227738564,1,227738564,0,1,0.177835977253563,0.177835977253563
S1_227745717,1,227745717,0,1,0.0295126938819094,0.0613318698399233
S1_227785944,1,227785944,0,1,0.00382939357927799,0.00382939357927799
S1_227833142,1,227833142,0,1,0.21218885554756,0.47450788111619
S1_227834897,1,227834897,0,1,0.402858409144978,0.326013366151324
S1_227930002,1,227930002,0,1,0.396306218055852,0.753392723012149
S1_228006548,1,228006548,0,1,0.176510188729536,0.221604241312998
S1_228006619,1,228006619,0,1,0.246196281643058,0.295265045684937
S1_228013406,1,228013406,0,1,0.493651871861033,0.542426930973434
S1_228019718,1,228019718,0,1,0.264180417858329,0.246792829445003
S1_228019866,1,228019866,0,1,0.162148783565178,0.0224187925145047
S1_228019995,1,228019995,0,1,0.355760708874046,0.224308872749132
S1_228020075,1,228020075,0,1,0.161974596202448,0.274874826011132
S1_228020148,1,228020148,0,1,0.124015112531704,0.322654031788422
S1_228021931,1,228021931,0,1,0.51654812627421,0.688881017319266
S1_228050511,1,228050511,0,1,0.253184294249463,0.204389540945213
S1_228053764,1,228053764,0,1,0.206891650892216,0.0360429360290181
S1_228056852,1,228056852,0,1,0.232214132414725,0.482526569698936
S1_228056857,1,228056857,0,1,0.213159966871476,0.293726326210016
S1_228057073,1,228057073,0,1,0.333246913381032,0.663727482973726
S1_228057174,1,228057174,0,1,0.0534624614092634,0.0534624614092634
S1_228057261,1,228057261,0,1,0.280352916694935,0.586712794830386
S1_228148001,1,228148001,0,1,0.367331513099711,0.476073734089664
S1_228148424,1,228148424,0,1,0.0486480445572958,0.0369776391043562
S1_228253830,1,228253830,0,1,0.273222195234055,0.456302512259579
S1_228255108,1,228255108,0,1,0.106916187314942,0.0955716660348485
S1_228258010,1,228258010,0,1,0.0244463046243253,0.0366478685419685
S1_228273767,1,228273767,0,1,1.72048127394398,1.27627681648319
S1_228317896,1,228317896,0,1,0.076712082531759,0.201085566193362
S1_228318031,1,228318031,0,1,0.810933892359657,0.810933892359657
S1_228318036,1,228318036,0,1,0.829521500708878,0.991259126805486
S1_228318152,1,228318152,0,1,0.0599977945563608,0.120190848349712
S1_228396199,1,228396199,0,1,0.0208172955437114,0.0208172955437114
S1_228396239,1,228396239,0,1,0.171121525381731,0.171121525381731
S1_228396276,1,228396276,0,1,0.0452653619960281,0.0103573173534623
S1_228396298,1,228396298,0,1,0.209818429163259,0.409170365706059
S1_228396306,1,228396306,0,1,0.519020665111678,0.519020665111678
S1_228403617,1,228403617,0,1,0.702667693361425,0.961924360767842
S1_228403656,1,228403656,0,1,0.418533944490057,0.760209868436422
S1_228404330,1,228404330,0,1,0.753835769494419,0.940847876914472
S1_228415652,1,228415652,0,1,0.100490549579331,0.204433324789215
S1_228415881,1,228415881,0,1,0.18469515514182,0.129802225490285
S1_228416829,1,228416829,0,1,0.167608487104592,0.074100332084545
S1_228417143,1,228417143,0,1,0.815933946685633,1.11775443166555
S1_228417174,1,228417174,0,1,0.23485211451731,0.521437818471935
S1_228555362,1,228555362,0,1,0.0726455790254459,0.162033035045154
S1_228555669,1,228555669,0,1,0.152767166939637,0.0106748616517102
S1_228557441,1,228557441,0,1,0.217198707140512,0.144881269784677
S1_228561825,1,228561825,0,1,0.779100748126797,0.779100748126797
S1_228565561,1,228565561,0,1,0.113935379135483,0.113935379135483
S1_228565594,1,228565594,0,1,0.0324770122265549,0.0773990347822251
S1_228565627,1,228565627,0,1,0.0867488552403567,0.0867488552403567
S1_228643724,1,228643724,0,1,0.250375283613279,0.542759752700301
S1_228644213,1,228644213,0,1,0.216299633604623,0.478697391837596
S1_228644251,1,228644251,0,1,0.173174457090164,0.428648073734287
S1_228664950,1,228664950,0,1,0.199284747290409,0.407758047496407
S1_228664991,1,228664991,0,1,0.188789854655824,0.01893381843474
S1_228664993,1,228664993,0,1,0.0995123556460038,0.29934332493038
S1_228665049,1,228665049,0,1,0.137572667513837,0.368426138656311
S1_228665432,1,228665432,0,1,1.31516022985622,1.59297242083562
S1_228665446,1,228665446,0,1,0.365972174838297,0.568508717379134
S1_228665920,1,228665920,0,1,0.747880619261176,1.14339752305383
S1_228665956,1,228665956,0,1,0.608129525467742,0.998627306064153
S1_228665983,1,228665983,0,1,0.11044643495796,0.0191979705508403
S1_228720091,1,228720091,0,1,0.118544636745664,0.0708856345582261
S1_228720129,1,228720129,0,1,0.118544636745664,0.0708856345582261
S1_228747872,1,228747872,0,1,0.301375566261782,0.019141748568417
S1_228748195,1,228748195,0,1,0.288622344568001,0.288622344568001
S1_228756221,1,228756221,0,1,0.0628945427350335,0.15762835720198
S1_228756222,1,228756222,0,1,0.358713370320159,0.00533073984462593
S1_228880387,1,228880387,0,1,0.235227050579722,0.523452552761158
S1_229066748,1,229066748,0,1,0.367623494285758,0.367623494285758
S1_229066754,1,229066754,0,1,0.252341192852715,0.066016539145983
S1_229073366,1,229073366,0,1,1.06220206629336,0.806882685157971
S1_229111277,1,229111277,0,1,0.346917836870985,0.0540065803320515
S1_229114261,1,229114261,0,1,0.329498677615785,0.140388345915129
S1_229186960,1,229186960,0,1,0.264802520452798,0.570080262873981
S1_229187089,1,229187089,0,1,0.558894782081571,0.95175974342207
S1_229190853,1,229190853,0,1,0.604739680228266,0.134666528109617
S1_229190874,1,229190874,0,1,0.315127074739893,0.349653034801641
S1_229190907,1,229190907,0,1,0.22641188695752,0.0991572125118924
S1_229205598,1,229205598,0,1,0.424306182389923,0.424306182389923
S1_229205880,1,229205880,0,1,1.5357934741661,2.09970946147799
S1_229206133,1,229206133,0,1,0.0916936096905598,0.198892741953969
S1_229206221,1,229206221,0,1,0.227817858073543,0.479895595591232
S1_229206262,1,229206262,0,1,0.047474948133016,0.0247658465101006
S1_229206263,1,229206263,0,1,0.385924495918263,0.0342237752440045
S1_229206651,1,229206651,0,1,0.00905510187340317,0.0654715723917626
S1_229206695,1,229206695,0,1,0.0773352916231472,0.193431141843662
S1_229359349,1,229359349,0,1,0.170801789208248,0.113003957285491
S1_229482334,1,229482334,0,1,0.107626709542318,0.0602128357988707
S1_229482367,1,229482367,0,1,0.0847048749164842,0.0847048749164842
S1_229495307,1,229495307,0,1,0.674385761691553,0.494342218465569
S1_229572793,1,229572793,0,1,0.112560133268948,0.041393630342031
S1_229572806,1,229572806,0,1,0.118872053006331,0.052168374637844
S1_229603348,1,229603348,0,1,0.0682801042027258,0.184286280415677
S1_229603363,1,229603363,0,1,0.193663205833106,0.281931927777062
S1_229603615,1,229603615,0,1,0.118162073701664,0.321783074595751
S1_229613705,1,229613705,0,1,0.300863483002038,0.216013057259253
S1_229707639,1,229707639,0,1,0.217587296167757,0.497669847402678
S1_229707686,1,229707686,0,1,0.323562187558947,0.0736443395621766
S1_229707709,1,229707709,0,1,0.683860791686567,0.251300526731786
S1_229707717,1,229707717,0,1,0.461295377231395,0.321462747643868
S1_229707766,1,229707766,0,1,0.00333102051003704,0.0333996895193845
S1_229707816,1,229707816,0,1,0.815580383784578,0.0166872530448711
S1_229712415,1,229712415,0,1,0.481729109129238,0.695347534980454
S1_229714249,1,229714249,0,1,0.193580982950311,0.462161684587151
S1_229753295,1,229753295,0,1,0.964317768815559,1.04712652000369
S1_229849287,1,229849287,0,1,0.843529151289601,0.752762523056453
S1_229856330,1,229856330,0,1,0.0727298269665021,0.169740336007939
S1_229864983,1,229864983,0,1,0.226053455650062,0.323106002667079
S1_229865007,1,229865007,0,1,0.236118370816915,0.397964026081197
S1_229898718,1,229898718,0,1,1.77541629618938,2.24577440255653
S1_229898788,1,229898788,0,1,0.0187198715172448,0.0739288599249068
S1_229900399,1,229900399,0,1,0.782631615124673,0.872988329990173
S1_229995904,1,229995904,0,1,0.200253004982504,0.0813020411704573
S1_230012821,1,230012821,0,1,0.169029896763923,0.17910268270951
S1_230014870,1,230014870,0,1,0.092029874193993,0.18161556850884
S1_230014933,1,230014933,0,1,0.0763624132740544,0.0763624132740544
S1_230178588,1,230178588,0,1,0.574759387148252,0.859490447386431
S1_230179799,1,230179799,0,1,0.140810955817772,0.140810955817772
S1_230180118,1,230180118,0,1,0.853705619832534,1.28969240206087
S1_230182312,1,230182312,0,1,0.19057975357923,0.403754757990432
S1_230186447,1,230186447,0,1,0.748548308084926,0.748548308084926
S1_230187527,1,230187527,0,1,0.622349188568686,0.57143404360762
S1_230190045,1,230190045,0,1,0.727404937323453,0.727404937323453
S1_230200801,1,230200801,0,1,0.214303751262734,0.214303751262734
S1_230200823,1,230200823,0,1,0.0705074062057519,0.0705074062057519
S1_230212526,1,230212526,0,1,0.0120799604566117,0.00668938489665839
S1_230212549,1,230212549,0,1,0.392217876545814,0.530394182492329
S1_230366795,1,230366795,0,1,0.0622730703646914,0.0481444051417813
S1_230372799,1,230372799,0,1,0.22237912381868,0.13195272555009
S1_230372883,1,230372883,0,1,0.287793311914326,0.548662796601426
S1_230537545,1,230537545,0,1,0.527208791347317,0.640255124043997
S1_230546148,1,230546148,0,1,0.955960113672594,0.955960113672594
S1_230546183,1,230546183,0,1,0.351736693817523,0.317403660393672
S1_230622403,1,230622403,0,1,0.395285395733573,0.48487682879116
S1_230623747,1,230623747,0,1,0.134395353959947,0.12215079971036
S1_230718333,1,230718333,0,1,0.884277268341773,0.884277268341773
S1_230720299,1,230720299,0,1,0.572234693819267,0.820588809114439
S1_230791746,1,230791746,0,1,0.737102137357473,1.10489223124485
S1_230793364,1,230793364,0,1,0.304261381169971,0.304261381169971
S1_230797791,1,230797791,0,1,0.127028395912375,0.0624797025025156
S1_230826937,1,230826937,0,1,0.143422176392054,0.0732146613358534
S1_230826970,1,230826970,0,1,0.670004939139076,0.588658820285807
S1_230827028,1,230827028,0,1,0.319398327129583,0.200334327980423
S1_230834493,1,230834493,0,1,0.144952291566934,0.144952291566934
S1_230879514,1,230879514,0,1,0.144637326525399,0.144637326525399
S1_230879672,1,230879672,0,1,0.506146090612431,0.795065241574224
S1_230879834,1,230879834,0,1,0.31592415914802,0.365985844517681
S1_230882407,1,230882407,0,1,0.115584636415487,0.115584636415487
S1_230886997,1,230886997,0,1,0.044370994817556,0.0269228406928076
S1_230887153,1,230887153,0,1,0.881316664676728,0.244881042882392
S1_230922038,1,230922038,0,1,0.812522088639457,1.24105922528783
S1_230922043,1,230922043,0,1,1.04788609242295,1.21700853491743
S1_230924105,1,230924105,0,1,0.0645995060382549,0.219333896878058
S1_230924113,1,230924113,0,1,0.0507022764192728,0.0496719334445492
S1_230924138,1,230924138,0,1,0.493220612788126,0.363888373949293
S1_230924143,1,230924143,0,1,0.044070874470225,0.044070874470225
S1_230924171,1,230924171,0,1,0.890414455695262,1.03444205561903
S1_230924177,1,230924177,0,1,0.564860163813763,0.260265131659906
S1_230924178,1,230924178,0,1,0.138183420247187,0.369565696069242
S1_230936622,1,230936622,0,1,0.900651825619579,1.36443806609052
S1_230954124,1,230954124,0,1,0.339548561793022,0.170358440857459
S1_230954126,1,230954126,0,1,0.0104670537742302,0.0104670537742302
S1_230954137,1,230954137,0,1,0.470954076855203,0.441066712490312
S1_230957046,1,230957046,0,1,0.390380759909888,0.699718882967283
S1_230957049,1,230957049,0,1,0.458123573418919,0.804695286041677
S1_230957070,1,230957070,0,1,0.356931063288666,0.146124771578412
S1_231182578,1,231182578,0,1,0.13666193437012,0.154792032379867
S1_231182654,1,231182654,0,1,0.987471707447152,0.51063437011856
S1_231182682,1,231182682,0,1,0.889713056902497,0.324306935194169
S1_231183378,1,231183378,0,1,0.353267053224429,0.553560213408857
S1_231183429,1,231183429,0,1,0.279760444696687,0.565125075636629
S1_231185143,1,231185143,0,1,0.582621465843477,0.553171153765256
S1_231185625,1,231185625,0,1,0.592354681753133,0.843998137626103
S1_231186162,1,231186162,0,1,0.156666545250615,0.156666545250615
S1_231186210,1,231186210,0,1,1.47757270606361,1.55937313666294
S1_231186265,1,231186265,0,1,1.65881925153885,0.598542495076252
S1_231277843,1,231277843,0,1,0.156683066099524,0.386320903218491
S1_231277868,1,231277868,0,1,1.2982548199683,1.5957749776548
S1_231278756,1,231278756,0,1,0.0835578984590951,0.0835578984590951
S1_231278895,1,231278895,0,1,2.04090113254891,2.53313025860172
S1_231279259,1,231279259,0,1,0.147090369785994,0.174934051256183
S1_231279283,1,231279283,0,1,1.46127251537798,1.98168593911993
S1_231279327,1,231279327,0,1,0.328952578461038,0.398144041696964
S1_231390048,1,231390048,0,1,1.35924557853702,1.90170803400215
S1_231491122,1,231491122,0,1,0.462997485681264,0.769577692352452
S1_231703905,1,231703905,0,1,0.254817202695111,0.135503742453922
S1_231704071,1,231704071,0,1,0.696396053964958,1.12299080358621
S1_231704221,1,231704221,0,1,0.129051163829246,0.129051163829246
S1_231708367,1,231708367,0,1,0.0279098804803608,0.0180111219227023
S1_232180667,1,232180667,0,1,0.3386119847252,0.3386119847252
S1_232273794,1,232273794,0,1,0.0488634614292019,0.0815533983612746
S1_232310831,1,232310831,0,1,1.83938875266944,0.211025577932581
S1_232310832,1,232310832,0,1,2.41567597690153,1.02735865649543
S1_232337178,1,232337178,0,1,NA,NA
S1_232337201,1,232337201,0,1,0.341218885930394,0.0371842298799524
S1_232404504,1,232404504,0,1,0.0784961412261071,0.203652569646904
S1_232404928,1,232404928,0,1,0.249788633454153,0.0281620650276219
S1_232405019,1,232405019,0,1,0.216499138830325,0.201579274959195
S1_232510320,1,232510320,0,1,1.36434857402329,1.36434857402329
S1_232513586,1,232513586,0,1,0.50570137720933,0.737496478551243
S1_232514054,1,232514054,0,1,1.3160531593717,1.3732989378895
S1_232514066,1,232514066,0,1,0.127018321186117,0.327700780147629
S1_232514119,1,232514119,0,1,0.833932497663877,0.209941212267039
S1_232514958,1,232514958,0,1,0.109225799161754,0.281474042898808
S1_232514995,1,232514995,0,1,1.24257666396041,1.77424432937824
S1_232519040,1,232519040,0,1,0.118321552600849,0.241711385476647
S1_232519063,1,232519063,0,1,0.215181133969759,0.215181133969759
S1_232521067,1,232521067,0,1,0.00650583033090613,0.0633912579824834
S1_232521152,1,232521152,0,1,0.30310383954056,0.152083322912741
S1_232527825,1,232527825,0,1,0.27758835799875,0.0604480573792179
S1_232527834,1,232527834,0,1,0.221991125395901,0.333332799885417
S1_232528649,1,232528649,0,1,0.201021475393018,0.319786194108039
S1_232528651,1,232528651,0,1,0.11962779391031,0.336230614097979
S1_232528683,1,232528683,0,1,1.54705022986665,0.484619446228802
S1_232528689,1,232528689,0,1,0.708145853194052,0.00110910347387087
S1_232529157,1,232529157,0,1,0.140562970464003,0.125304372712562
S1_232529163,1,232529163,0,1,0.608722073780675,1.02766738294889
S1_232529312,1,232529312,0,1,0.0230073258819098,0.00117022920484307
S1_232529484,1,232529484,0,1,0.483195373336139,0.671145607930987
S1_232529508,1,232529508,0,1,0.0237696662948058,0.037062308599596
S1_232529882,1,232529882,0,1,0.798046229353427,0.903159828883727
S1_232530199,1,232530199,0,1,1.55883780146367,2.086123608084
S1_232648505,1,232648505,0,1,0.103685154787101,0.103685154787101
S1_232648518,1,232648518,0,1,0.113652827429679,0.255727295196911
S1_232648667,1,232648667,0,1,0.0378843978026164,0.165412467751191
S1_232648668,1,232648668,0,1,0.178947000661814,0.377468608241558
S1_232648701,1,232648701,0,1,0.266872739039699,0.570582713982563
S1_232654850,1,232654850,0,1,0.177090222635178,0.0978161505475825
S1_232655090,1,232655090,0,1,0.104974654617875,0.301889084610533
S1_232655108,1,232655108,0,1,0.0707566597814158,0.241519873347502
S1_232655475,1,232655475,0,1,0.0823074928361371,0.0823074928361371
S1_232742077,1,232742077,0,1,0.513303717999199,0.485021179916197
S1_232742134,1,232742134,0,1,0.0770427565172087,0.157344886790216
S1_232742338,1,232742338,0,1,0.198139467898669,0.116950926237294
S1_232743985,1,232743985,0,1,0.484732633751717,0.684503600505895
S1_232744072,1,232744072,0,1,0.296200282744444,0.366910230901144
S1_232744596,1,232744596,0,1,0.68853360736196,0.929034965208175
S1_232836301,1,232836301,0,1,1.41846385470819,1.41846385470819
S1_232836685,1,232836685,0,1,0.209248329743243,0.0258562113611998
S1_232838345,1,232838345,0,1,0.00874536206827872,0.0267571746725353
S1_232918386,1,232918386,0,1,0.419842431269964,0.419842431269964
S1_232918409,1,232918409,0,1,0.183300142644305,0.442628966872095
S1_232918461,1,232918461,0,1,0.77663704744943,0.578675539866103
S1_232952178,1,232952178,0,1,0.310603473748538,0.291872046535908
S1_233189170,1,233189170,0,1,0.260633805984313,0.559573920724235
S1_233207555,1,233207555,0,1,0.186513430548712,0.014913030944978
S1_233231557,1,233231557,0,1,1.07234681283713,1.18747829577661
S1_233296251,1,233296251,0,1,0.779637903088719,0.788252585290877
S1_233331174,1,233331174,0,1,0.133576410912823,0.356540612357597
S1_233396844,1,233396844,0,1,0.369425397630783,0.369425397630783
S1_233446022,1,233446022,0,1,2.08600480011359,2.45701713813884
S1_233446043,1,233446043,0,1,1.05157693485288,1.34707481618033
S1_233449687,1,233449687,0,1,0.174905539795347,0.350356178117094
S1_233455445,1,233455445,0,1,0.0818681082375761,0.0818681082375761
S1_233455577,1,233455577,0,1,0.000330981236163006,0.00649759784905525
S1_233455673,1,233455673,0,1,0.206803822973052,0.386172469262601
S1_233456960,1,233456960,0,1,0.0566367343934902,0.208412141426481
S1_233457143,1,233457143,0,1,0.836934578544968,0.836934578544968
S1_233457297,1,233457297,0,1,0.135739047402835,0.318378752943397
S1_233457383,1,233457383,0,1,0.502294825442036,0.678539081905386
S1_233457670,1,233457670,0,1,0.875717972544359,0.804344792933188
S1_233457674,1,233457674,0,1,0.280264288175363,0.117632447495949
S1_233458057,1,233458057,0,1,0.496197199575434,0.754829378406787
S1_233458085,1,233458085,0,1,0.0767971244395933,0.197139012560159
S1_233545801,1,233545801,0,1,0.287849817431723,0.54267273798988
S1_233555652,1,233555652,0,1,1.37319148443171,1.37319148443171
S1_233555673,1,233555673,0,1,0.98587060365412,0.40097115461311
S1_233555719,1,233555719,0,1,0.0883919379514561,0.18666294057917
S1_233556390,1,233556390,0,1,0.249533155854354,0.318518150022947
S1_233556593,1,233556593,0,1,0.572172249225879,0.474481789124773
S1_233556595,1,233556595,0,1,0.581958187715275,0.717722561721434
S1_233577931,1,233577931,0,1,0.0408101135836001,0.104474140454698
S1_233633174,1,233633174,0,1,0.206734080249379,0.453734458691938
S1_233814106,1,233814106,0,1,1.01126815559958,1.46675352799966
S1_233815573,1,233815573,0,1,0.893576607143653,0.210291900773087
S1_233815674,1,233815674,0,1,0.295245978777344,0.180741240857105
S1_233826248,1,233826248,0,1,0.142378836370084,0.117817019383838
S1_233892246,1,233892246,0,1,0.0753065802262179,0.0753065802262179
S1_233894829,1,233894829,0,1,NA,NA
S1_234121630,1,234121630,0,1,0.0772690250660965,0.174052229494089
S1_234146104,1,234146104,0,1,0.857109656640531,1.32494871126789
S1_234146226,1,234146226,0,1,0.624312732296165,1.04700593490465
S1_234218365,1,234218365,0,1,0.47578248811387,0.718604126872255
S1_234218433,1,234218433,0,1,0.293083687683064,0.204651078470696
S1_234219142,1,234219142,0,1,0.641434636169855,0.0337745580413006
S1_234219152,1,234219152,0,1,0.880135591110441,0.149334312665828
S1_234219176,1,234219176,0,1,0.778115941068202,0.196733695636761
S1_234221885,1,234221885,0,1,0.13884117118841,0.359706009211527
S1_234254741,1,234254741,0,1,0.963259212100765,0.815988942135069
S1_234258359,1,234258359,0,1,0.212743072166782,0.119649738013038
S1_234258394,1,234258394,0,1,1.038839769337,1.038839769337
S1_234258406,1,234258406,0,1,0.435925212444439,0.792619463509733
S1_234260766,1,234260766,0,1,0.184961021579574,0.0546577204985531
S1_234260808,1,234260808,0,1,0.209568560910543,0.209568560910543
S1_234260851,1,234260851,0,1,0.612393846427924,0.0235258394820436
S1_234260996,1,234260996,0,1,0.00602208429105969,0.0614164056873823
S1_234261886,1,234261886,0,1,0.0354856808704984,0.149814508894524
S1_234261946,1,234261946,0,1,0.0568710298611703,0.215382622269483
S1_234262219,1,234262219,0,1,0.388109339098834,0.388109339098834
S1_234263482,1,234263482,0,1,1.51035609025312,0.018765859637126
S1_234263512,1,234263512,0,1,0.60164334199321,0.0761189931579981
S1_234274351,1,234274351,0,1,0.558959973123654,0.558959973123654
S1_234311399,1,234311399,0,1,0.194228938074745,0.444886018673301
S1_234740606,1,234740606,0,1,0.265235115886352,0.0729025887066584
S1_234740608,1,234740608,0,1,0.188817589101482,0.445061925017231
S1_234770959,1,234770959,0,1,0.665779163736753,1.05197962817524
S1_234771064,1,234771064,0,1,3.83942784761478,0.256910271808922
S1_234771219,1,234771219,0,1,0.738408020385321,0.807239108175479
S1_234771977,1,234771977,0,1,0.199282434846103,0.163322675822516
S1_234786777,1,234786777,0,1,0.276888826376007,0.276888826376007
S1_234787174,1,234787174,0,1,0.0217270179675547,0.116700733373362
S1_234825910,1,234825910,0,1,0.752965185990856,0.318893688214323
S1_234826561,1,234826561,0,1,0.14325823802902,0.0658267386264045
S1_234900774,1,234900774,0,1,0.123886725838453,0.198625372804364
S1_234900823,1,234900823,0,1,1.48755945969154,0.503415737811605
S1_234901506,1,234901506,0,1,0.536785618792664,0.399832303288469
S1_234903763,1,234903763,0,1,0.0336814443667168,0.0336814443667168
S1_234910984,1,234910984,0,1,0.0834242595816571,0.169483478423083
S1_234931662,1,234931662,0,1,0.992017763350594,1.26033559933128
S1_234931693,1,234931693,0,1,0.118893958963843,0.118893958963843
S1_234965905,1,234965905,0,1,0.371683861627823,0.299374283873849
S1_234966022,1,234966022,0,1,0.0354101467267556,0.10481335104289
S1_235026051,1,235026051,0,1,0.232887197330172,0.120037757420833
S1_235033108,1,235033108,0,1,0.161025062073709,0.161025062073709
S1_235033125,1,235033125,0,1,1.07054320982704,1.2574470642612
S1_235365775,1,235365775,0,1,0.277775129350499,0.576272978889379
S1_235441530,1,235441530,0,1,0.108920396747687,0.242922050315699
S1_235441582,1,235441582,0,1,0.208174555140973,0.0109586665519685
S1_235441603,1,235441603,0,1,0.26106625822781,0.332643964642396
S1_235441655,1,235441655,0,1,0.957548640199312,0.957548640199312
S1_235441674,1,235441674,0,1,0.276089829574783,0.334367376497479
S1_235489935,1,235489935,0,1,0.34706455830751,0.307434128447921
S1_235489969,1,235489969,0,1,0.264247108558642,0.264247108558642
S1_235490171,1,235490171,0,1,0.994678624210979,1.13685953221412
S1_235490186,1,235490186,0,1,0.902619898351376,1.0182213440143
S1_235490772,1,235490772,0,1,0.195351830170806,0.171337045434826
S1_235569939,1,235569939,0,1,0.000898927887637508,0.0227853435004163
S1_235569955,1,235569955,0,1,0.0302607768706304,0.0550795520577053
S1_235569965,1,235569965,0,1,0.069182715041632,0.194723159861104
S1_235581472,1,235581472,0,1,0.322729295064042,0.328712517034056
S1_235581509,1,235581509,0,1,0.258643426594956,0.271694317359769
S1_235646545,1,235646545,0,1,0.311482043183544,0.0429112171743668
S1_235646611,1,235646611,0,1,0.210762253195152,0.474542031638523
S1_235647768,1,235647768,0,1,0.211371410993863,0.211371410993863
S1_235651978,1,235651978,0,1,0.383602229464719,0.331729854062847
S1_235667303,1,235667303,0,1,0.579948456897682,0.271949614840668
S1_235668472,1,235668472,0,1,0.16505478772025,0.416821422829624
S1_235668569,1,235668569,0,1,0.345731184065638,0.234464519079085
S1_235704761,1,235704761,0,1,0.523737188359833,0.498030599361671
S1_235814963,1,235814963,0,1,0.859324770334879,1.32915865630118
S1_235834041,1,235834041,0,1,0.262390553106652,0.262390553106652
S1_235864778,1,235864778,0,1,0.164563043824744,0.41170014742851
S1_235909625,1,235909625,0,1,0.227899398175049,0.499384462704444
S1_235909653,1,235909653,0,1,0.047703080275791,0.0381146566299231
S1_235974965,1,235974965,0,1,0.314965404153836,0.0979488801738482
S1_235975814,1,235975814,0,1,0.231671795308139,0.231671795308139
S1_235975904,1,235975904,0,1,0.130330263491371,0.291513746548116
S1_235976387,1,235976387,0,1,0.536785331863312,0.934858508138136
S1_235976554,1,235976554,0,1,0.162012932826449,0.236425348259905
S1_235980761,1,235980761,0,1,0.437679927599918,0.437679927599918
S1_235980847,1,235980847,0,1,0.163449388978984,0.410881497567354
S1_235980873,1,235980873,0,1,0.817875205685754,0.360977296342394
S1_236156321,1,236156321,0,1,0.190990231143835,0.0529987078486089
S1_236156647,1,236156647,0,1,1.59879874688322,1.79143019154004
S1_236231435,1,236231435,0,1,0.34303445484211,0.660963062121103
S1_236232377,1,236232377,0,1,0.0779456959191202,0.145658434956686
S1_236232402,1,236232402,0,1,1.04333812291791,0.0450255318075656
S1_236236807,1,236236807,0,1,0.048150572808506,0.142696995314854
S1_236237646,1,236237646,0,1,0.908863585256108,1.29272217317051
S1_236240821,1,236240821,0,1,0.126060345505873,0.0510596285306689
S1_236241606,1,236241606,0,1,1.05933462785748,0.38071638755326
S1_236241614,1,236241614,0,1,0.326992316151523,0.232734937785834
S1_236242000,1,236242000,0,1,0.209611086552789,0.13140632975886
S1_236291198,1,236291198,0,1,0.0932849664663061,0.0932849664663061
S1_236291385,1,236291385,0,1,0.0153096037870153,0.0153096037870153
S1_236292100,1,236292100,0,1,0.150318353302221,0.326370153180998
S1_236292117,1,236292117,0,1,0.196164234515758,0.412674250861847
S1_236292254,1,236292254,0,1,0.40370125434991,0.394587062845021
S1_236571473,1,236571473,0,1,0.525269000845406,0.525269000845406
S1_236572812,1,236572812,0,1,0.099199016981549,0.226642937813896
S1_236779996,1,236779996,0,1,0.460635898718707,0.722046267276938
S1_236782150,1,236782150,0,1,0.356141042842371,0.459769549512554
S1_236782276,1,236782276,0,1,0.340423064568132,0.245218249498956
S1_236789446,1,236789446,0,1,1.70349557663586,0.029994179723048
S1_236790003,1,236790003,0,1,0.199588903004899,0.199588903004899
S1_236790230,1,236790230,0,1,0.0200642630252202,0.0076001083577062
S1_236790565,1,236790565,0,1,0.252550077967272,0.289833466153654
S1_236790761,1,236790761,0,1,0.151346281007443,0.370443272134133
S1_236902311,1,236902311,0,1,0.575222319005357,0.401155928114983
S1_236902312,1,236902312,0,1,0.394720429518325,0.129061253477085
S1_236902330,1,236902330,0,1,0.197494815153005,0.152956500723931
S1_236903079,1,236903079,0,1,0.0192586173238657,0.0510580543176407
S1_236903080,1,236903080,0,1,0.0615814227501222,0.200318682415741
S1_236916133,1,236916133,0,1,0.265775300759496,0.355924588827771
S1_236922170,1,236922170,0,1,0.137528187075267,0.370435644579586
S1_236922373,1,236922373,0,1,0.199753321230663,0.470473885735487
S1_236951129,1,236951129,0,1,0.0393901835845881,0.0393901835845881
S1_236951260,1,236951260,0,1,0.871549753637335,1.15338615861289
S1_236953174,1,236953174,0,1,0.45604210832131,0.596431260572274
S1_236953184,1,236953184,0,1,0.426562320379204,0.537357581198354
S1_236979284,1,236979284,0,1,0.400496215492184,0.312278943907061
S1_237050306,1,237050306,0,1,0.718174528708757,0.410315201434933
S1_237050311,1,237050311,0,1,0.443321261340199,0.33995293619262
S1_237050414,1,237050414,0,1,0.21255049383908,0.21255049383908
S1_237055565,1,237055565,0,1,0.262129142005287,0.262129142005287
S1_237055662,1,237055662,0,1,1.20758306754973,1.20758306754973
S1_237055677,1,237055677,0,1,0.0573087037953355,0.0573087037953355
S1_237055877,1,237055877,0,1,0.244462790812828,0.132293361095468
S1_237087628,1,237087628,0,1,0.212048874160472,0.00992165422644076
S1_237087767,1,237087767,0,1,0.490030111953946,0.138240619594853
S1_237092092,1,237092092,0,1,0.115556522923053,0.308136072274985
S1_237092101,1,237092101,0,1,0.0579658053487295,0.176053779619586
S1_237177946,1,237177946,0,1,0.00407523529108035,0.00407523529108035
S1_237177969,1,237177969,0,1,1.06928806114094,1.40532908796176
S1_237178674,1,237178674,0,1,0.644586118527988,0.854952778382373
S1_237182832,1,237182832,0,1,0.202990710579069,0.420973825291736
S1_237183096,1,237183096,0,1,0.967773755362132,1.45869049038699
S1_237183259,1,237183259,0,1,0.187281821634689,0.021194900850312
S1_237183373,1,237183373,0,1,0.00165085243135036,0.0130765199793295
S1_237458252,1,237458252,0,1,0.486964667193644,0.229896803049731
S1_237459428,1,237459428,0,1,0.769322730845596,0.0443037077219313
S1_237459460,1,237459460,0,1,0.19684054412798,0.267005368025682
S1_237461685,1,237461685,0,1,0.945169175807938,0.0446442808368242
S1_237461712,1,237461712,0,1,0.994598899638581,0.299342219655968
S1_237462035,1,237462035,0,1,0.00108012835759171,0.0250698695492352
S1_237489403,1,237489403,0,1,0.0195425965681956,0.0785995940822124
S1_237562304,1,237562304,0,1,0.00989834966436119,0.0637482995121021
S1_237583673,1,237583673,0,1,0.222135460942189,0.433286335203671
S1_237583852,1,237583852,0,1,0.00495049256427271,0.0498438843135118
S1_237583882,1,237583882,0,1,0.124304119869508,0.124304119869508
S1_237606955,1,237606955,0,1,0.2665108623087,0.126616226845323
S1_237607536,1,237607536,0,1,0.0894426156810131,0.275490768555651
S1_237607828,1,237607828,0,1,0.371696240469693,0.431151760251689
S1_237607838,1,237607838,0,1,0.164869715677324,0.174672357045865
S1_237607867,1,237607867,0,1,0.400592890448091,0.276530117435206
S1_237658904,1,237658904,0,1,0.695685847796017,1.08426178916575
S1_237735647,1,237735647,0,1,0.0270675584560202,0.137823953145024
S1_237742892,1,237742892,0,1,1.28193582370235,0.812646194621452
S1_237843104,1,237843104,0,1,0.0545593008128444,0.101319892042377
S1_237888659,1,237888659,0,1,0.454399367964041,0.454399367964041
S1_237955982,1,237955982,0,1,0.419146838062833,0.0451451711662298
S1_237955987,1,237955987,0,1,0.29118794399254,0.170408667633338
S1_237956005,1,237956005,0,1,0.307393687998004,0.214934728540498
S1_237958150,1,237958150,0,1,0.0553553915350123,0.104644236314342
S1_237958155,1,237958155,0,1,0.300719609234744,0.573299296945729
S1_237958163,1,237958163,0,1,0.355962538128818,0.640659429622951
S1_237958195,1,237958195,0,1,0.610210015161212,0.582737629600863
S1_237958329,1,237958329,0,1,0.633004871091165,0.633004871091165
S1_237958356,1,237958356,0,1,0.0417347597752286,0.071770232948205
S1_237958372,1,237958372,0,1,0.363628012919914,0.363628012919914
S1_237959034,1,237959034,0,1,0.273047143473287,0.273047143473287
S1_237959983,1,237959983,0,1,0.988385285360482,1.30956691969106
S1_237960024,1,237960024,0,1,0.109757107460797,0.243140959128208
S1_237960036,1,237960036,0,1,0.0714775163317529,0.0642011211793774
S1_237960044,1,237960044,0,1,0.339258442130734,0.0448963179529371
S1_237961596,1,237961596,0,1,0.0512341307328014,0.0512341307328014
S1_237964354,1,237964354,0,1,0.0828042183799014,0.197006061773655
S1_237964418,1,237964418,0,1,0.38631943372055,0.227412535683203
S1_237964467,1,237964467,0,1,0.048050607103293,0.0568172309142788
S1_237964738,1,237964738,0,1,0.374752980595594,0.542329164221338
S1_237964820,1,237964820,0,1,0.0208719224018832,0.0208719224018832
S1_237965170,1,237965170,0,1,0.661274105635902,0.95454028924566
S1_237965276,1,237965276,0,1,0.0929100432276541,0.101057106274089
S1_237965327,1,237965327,0,1,0.361565116219387,0.361565116219387
S1_237965510,1,237965510,0,1,0.716838158062711,0.479642502659085
S1_237965730,1,237965730,0,1,0.0969505997881517,0.203661551807053
S1_237966275,1,237966275,0,1,0.0425287159567654,0.0425287159567654
S1_238243085,1,238243085,0,1,0.0914002286451822,0.258202034788255
S1_238325353,1,238325353,0,1,0.0770482087617437,0.256800927570326
S1_238464323,1,238464323,0,1,0.297698373018895,0.401396123617683
S1_238464454,1,238464454,0,1,0.00923993397465852,0.0518995303113013
S1_238464461,1,238464461,0,1,0.521983255176942,0.639493784352651
S1_238465542,1,238465542,0,1,0.834156661678117,1.03846191512117
S1_238465572,1,238465572,0,1,0.878635157695794,1.24707594870747
S1_238465656,1,238465656,0,1,0.939092808411739,1.15556763030792
S1_238466431,1,238466431,0,1,0.187274557934685,0.00227751481100885
S1_238565492,1,238565492,0,1,0.571936568130947,0.517048889002328
S1_238567085,1,238567085,0,1,0.32797044481532,0.32797044481532
S1_238750994,1,238750994,0,1,0.452308135874574,0.532758680296245
S1_238752374,1,238752374,0,1,0.317327944271019,0.234549061815826
S1_238813417,1,238813417,0,1,0.0920422867180588,0.280951674520999
S1_238813447,1,238813447,0,1,0.158803652516018,0.0043171278965686
S1_238813465,1,238813465,0,1,0.169461811160804,0.292629583140451
S1_238813548,1,238813548,0,1,0.470355480066178,0.285654845663946
S1_238813580,1,238813580,0,1,0.609812866750789,0.0552651794262658
S1_238818026,1,238818026,0,1,0.511824315935681,0.80017325393472
S1_238818089,1,238818089,0,1,0.0542147527719235,0.208479713899633
S1_238818332,1,238818332,0,1,0.0332355520671089,0.0332355520671089
S1_238818340,1,238818340,0,1,0.288072450513325,0.168892429690624
S1_238818366,1,238818366,0,1,0.26301980931575,0.122486085611367
S1_239117185,1,239117185,0,1,0.191388740485187,0.448257475913916
S1_239207772,1,239207772,0,1,0.967877368082042,0.967877368082042
S1_239208645,1,239208645,0,1,0.301513658823908,0.609110091516015
S1_239208697,1,239208697,0,1,0.121547379456324,0.303510263309129
S1_239208777,1,239208777,0,1,0.5092606516773,0.780415130611296
S1_239208917,1,239208917,0,1,0.409559325032845,0.409559325032845
S1_239208979,1,239208979,0,1,0.136651322579642,0.136651322579642
S1_239209090,1,239209090,0,1,0.398288129833691,0.557710935409285
S1_239209116,1,239209116,0,1,0.229019939395318,0.25826833069295
S1_239209152,1,239209152,0,1,0.211258300451411,0.36672584921022
S1_239209168,1,239209168,0,1,0.00969443175550264,0.0105576770697984
S1_239209579,1,239209579,0,1,0.0621916595147971,0.212137123133901
S1_239298638,1,239298638,0,1,0.356036047861468,0.0965562761173278
S1_239405048,1,239405048,0,1,0.351444981502478,0.510574592102734
S1_239440616,1,239440616,0,1,0.438028735550301,0.600212180961687
S1_239609266,1,239609266,0,1,0.181300495817257,0.418922238208247
S1_239612164,1,239612164,0,1,0.518498223956014,0.602303371118469
S1_239612560,1,239612560,0,1,0.0853280818307574,0.272172908157297
S1_239612643,1,239612643,0,1,0.277317232154584,0.0391333657083499
S1_239612660,1,239612660,0,1,0.265609894141898,0.0682264793597712
S1_239612718,1,239612718,0,1,0.253877989133549,0.395186793777846
S1_239618589,1,239618589,0,1,0.205529043007958,0.262216758792312
S1_239681417,1,239681417,0,1,0.297845410736844,0.581628358621724
S1_239681492,1,239681492,0,1,1.5236834742403,0.509121179252703
S1_239681510,1,239681510,0,1,0.381311248219208,0.36500074538994
S1_239681521,1,239681521,0,1,0.224056887431992,0.151908061489753
S1_239829467,1,239829467,0,1,0.133623744662271,0.358157006607751
S1_239896987,1,239896987,0,1,0.689421654592221,0.689421654592221
S1_240039023,1,240039023,0,1,0.345679110219013,0.00497072432516585
S1_240039371,1,240039371,0,1,0.700256267354955,0.700256267354955
S1_240039468,1,240039468,0,1,0.185114186093836,0.0100833693114721
S1_240039489,1,240039489,0,1,0.446028137730782,0.446028137730782
S1_240039526,1,240039526,0,1,0.356433437242565,0.398300011144252
S1_240039874,1,240039874,0,1,0.650159660504994,0.890771137025648
S1_240040106,1,240040106,0,1,0.362886667297741,0.379929220432105
S1_240040632,1,240040632,0,1,0.317186255813561,0.317186255813561
S1_240091619,1,240091619,0,1,0.215869781492138,0.0569681253201518
S1_240091628,1,240091628,0,1,0.129781315635809,0.0502735242506435
S1_240113889,1,240113889,0,1,0.244089570662178,0.135613986837031
S1_240114214,1,240114214,0,1,0.326980898537113,0.0549806896046193
S1_240143287,1,240143287,0,1,0.335153008806181,0.395954397113324
S1_240146219,1,240146219,0,1,0.155779369616218,0.378905422964359
S1_240146323,1,240146323,0,1,0.0023339768486333,0.00959601161307915
S1_240237119,1,240237119,0,1,0.332921430151321,0.332921430151321
S1_240245748,1,240245748,0,1,0.285942594687639,0.407869697859847
S1_240274814,1,240274814,0,1,1.06102892093167,1.38957651283625
S1_240282172,1,240282172,0,1,0.459594668775114,0.459594668775114
S1_240379835,1,240379835,0,1,0.790400062129383,0.218923415609719
S1_240379892,1,240379892,0,1,1.04722224128284,0.484823900841724
S1_240380750,1,240380750,0,1,0.453021592464865,0.0129306169311838
S1_240381074,1,240381074,0,1,0.00478515809446506,0.0542618377281354
S1_240383373,1,240383373,0,1,0.259736572069184,0.452479041471491
S1_240383555,1,240383555,0,1,0.0546802649046274,0.166878205011639
S1_240383716,1,240383716,0,1,0.445052080775494,0.761501194636583
S1_240398556,1,240398556,0,1,0.61838315668932,0.636199930021025
S1_240467718,1,240467718,0,1,0.408583259471569,0.525282049629778
S1_240467764,1,240467764,0,1,0.146248717494962,0.100123883722768
S1_240468477,1,240468477,0,1,0.456379729305965,0.725379380519809
S1_240468487,1,240468487,0,1,0.249201570484452,0.306343855342504
S1_240468637,1,240468637,0,1,0.0941164881565082,0.274305243807057
S1_240468732,1,240468732,0,1,1.11085903739513,0.0927394720860938
S1_240468805,1,240468805,0,1,0.0480734526791112,0.15643419820421
S1_240469015,1,240469015,0,1,0.476531127232854,0.65814693761613
S1_240483292,1,240483292,0,1,0.54713647951166,0.843366632007574
S1_240486342,1,240486342,0,1,0.533042778220872,0.533042778220872
S1_240493511,1,240493511,0,1,0.559023734276962,0.79968404652121
S1_240495001,1,240495001,0,1,0.141960035771124,0.207444560827094
S1_240669079,1,240669079,0,1,0.895398507300989,0.489302229289915
S1_240669140,1,240669140,0,1,0.146148338074786,0.146148338074786
S1_240686282,1,240686282,0,1,1.33620700195396,1.75660848708681
S1_240688438,1,240688438,0,1,0.244656774898575,0.143203476504622
S1_240716473,1,240716473,0,1,1.50172792013131,0.406025120406345
S1_240756902,1,240756902,0,1,0.0568481707056556,0.0250892446820681
S1_240765322,1,240765322,0,1,0.0794960842789825,0.135651688861967
S1_240765370,1,240765370,0,1,0.0625168399977686,0.088586319221832
S1_240765377,1,240765377,0,1,0.0126107298669927,0.00959478506820612
S1_240766848,1,240766848,0,1,0.440596845657864,0.550209052340495
S1_240766861,1,240766861,0,1,0.484863332665526,0.385657273149932
S1_240825820,1,240825820,0,1,0.380158916822248,0.380158916822248
S1_240825853,1,240825853,0,1,0.362806874580858,0.362806874580858
S1_240864820,1,240864820,0,1,0.0124794370253866,0.0124794370253866
S1_240864844,1,240864844,0,1,0.0363060289492812,0.0363060289492812
S1_240864850,1,240864850,0,1,1.56292687073209,0.587590132327856
S1_240866223,1,240866223,0,1,0.456693830327021,0.456693830327021
S1_240866245,1,240866245,0,1,0.985445946471724,0.985445946471724
S1_240866726,1,240866726,0,1,0.116740330001046,0.116740330001046
S1_240893350,1,240893350,0,1,0.275700531962552,0.289755858123939
S1_240893351,1,240893351,0,1,0.408078566530553,0.170608012873922
S1_240964647,1,240964647,0,1,0.620431061708106,0.752666462870246
S1_240964720,1,240964720,0,1,1.69484813094329,2.17167077644868
S1_240972041,1,240972041,0,1,0.209307006451086,0.165715436226592
S1_240972047,1,240972047,0,1,0.200840206266113,0.145878076810265
S1_241219252,1,241219252,0,1,1.03506607504172,0.981391961970898
S1_241219259,1,241219259,0,1,0.490940436166908,0.841527686346575
S1_241219304,1,241219304,0,1,0.0517140667841972,0.0834914053707106
S1_241219313,1,241219313,0,1,0.627807121079532,0.954999916164638
S1_241219416,1,241219416,0,1,1.33335342307499,1.33335342307499
S1_241261303,1,241261303,0,1,0.0391408677991533,0.149670239870655
S1_241261307,1,241261307,0,1,0.0282000935046595,0.118169886531771
S1_241261353,1,241261353,0,1,0.328098945178763,0.252750499290559
S1_241261378,1,241261378,0,1,0.252371228036405,0.539143649284493
S1_241261410,1,241261410,0,1,0.233985289338797,0.377543179962495
S1_241268716,1,241268716,0,1,1.27893583939728,0.184693080088244
S1_241269420,1,241269420,0,1,0.166617601606512,0.0166849394013199
S1_241269904,1,241269904,0,1,0.457389468498073,0.4477130249382
S1_241299022,1,241299022,0,1,0.11134442254047,0.11134442254047
S1_241358854,1,241358854,0,1,0.424387886561511,0.331733104667644
S1_241372222,1,241372222,0,1,0.639915376673961,0.639915376673961
S1_241372228,1,241372228,0,1,0.282695467991242,0.342040846972892
S1_241372340,1,241372340,0,1,0.295915192142829,0.295915192142829
S1_241372590,1,241372590,0,1,0.0452509125836172,3.52530052581882e-05
S1_241372597,1,241372597,0,1,0.223946932178296,0.509122241081824
S1_241372723,1,241372723,0,1,0.0254887044718356,0.120326247149942
S1_241392603,1,241392603,0,1,0.165373566543003,0.208572181709899
S1_241471417,1,241471417,0,1,0.265137174310633,0.0430697341212762
S1_241481541,1,241481541,0,1,0.114402018199898,0.30194980798249
S1_241481550,1,241481550,0,1,0.28735817878368,0.290325988539694
S1_241481582,1,241481582,0,1,0.131710561397427,0.11018457296799
S1_241506888,1,241506888,0,1,0.589271928327154,0.677081814857055
S1_241508722,1,241508722,0,1,0.043864980286441,0.0586144602098875
S1_241508742,1,241508742,0,1,0.373142204510837,0.373142204510837
S1_241553453,1,241553453,0,1,0.0743098075197735,0.249661710683373
S1_241553526,1,241553526,0,1,0.0209734391707619,0.103827138870469
S1_241763428,1,241763428,0,1,0.114822981357406,0.114822981357406
S1_241764171,1,241764171,0,1,0.663824979617697,0.845662924576262
S1_241795956,1,241795956,0,1,0.00972313605503835,0.0750375300588287
S1_242057606,1,242057606,0,1,1.17106788475868,0.641784547314039
S1_242057612,1,242057612,0,1,0.495465087007972,0.812248706653046
S1_242079483,1,242079483,0,1,0.0588710459065673,0.117661640375409
S1_242079511,1,242079511,0,1,0.463664346696667,0.295617370662689
S1_242081544,1,242081544,0,1,0.227872117633908,0.316157443670707
S1_242141216,1,242141216,0,1,0.656305663144117,0.531665063254582
S1_242148892,1,242148892,0,1,0.152968938064174,0.184066796859824
S1_242159322,1,242159322,0,1,0.0749813575791712,0.121342615037381
S1_242214794,1,242214794,0,1,0.164461228986239,0.0710554436556977
S1_242393478,1,242393478,0,1,0.432950502041428,0.432950502041428
S1_242395405,1,242395405,0,1,0.186655492914077,0.000233608936503055
S1_242395691,1,242395691,0,1,1.7550408176062,0.35916582375149
S1_242439068,1,242439068,0,1,0.227888493226429,0.0573009905600432
S1_242443163,1,242443163,0,1,0.167523719023701,0.209388560714811
S1_242493266,1,242493266,0,1,0.794178774754303,1.24680412747031
S1_242501726,1,242501726,0,1,0.512344234349248,0.237282358650022
S1_242503270,1,242503270,0,1,0.0671867224240415,0.223442138309231
S1_242541794,1,242541794,0,1,0.232403399929919,0.483991019390606
S1_242541843,1,242541843,0,1,0.52253399800072,0.52253399800072
S1_242541926,1,242541926,0,1,0.293634778595797,0.251195763711032
S1_242541929,1,242541929,0,1,0.456027146847179,0.47727335580599
S1_242541949,1,242541949,0,1,0.368776860637093,0.102252045900432
S1_242541970,1,242541970,0,1,0.536754179004852,0.358169137755799
S1_242581063,1,242581063,0,1,0.366725404236293,0.710062382422105
S1_242581078,1,242581078,0,1,0.331722279864051,0.660534741689969
S1_242708856,1,242708856,0,1,0.0193049227030332,0.111648520626294
S1_242708951,1,242708951,0,1,0.631538827904189,0.424631536561758
S1_242708985,1,242708985,0,1,0.421394626653588,0.550632858247767
S1_242709486,1,242709486,0,1,0.110105675104339,0.288633415394918
S1_242709576,1,242709576,0,1,0.223141455208162,0.0280223953436694
S1_242710158,1,242710158,0,1,0.391044823508031,0.720571835748524
S1_242710175,1,242710175,0,1,0.860395606849857,0.760933241454887
S1_242710584,1,242710584,0,1,0.426420735251657,0.765443202346492
S1_242710587,1,242710587,0,1,0.13328068285279,0.363488566624366
S1_242771767,1,242771767,0,1,0.254702418000251,0.368184784334041
S1_242802173,1,242802173,0,1,0.667806304458701,0.851846554374864
S1_243020258,1,243020258,0,1,0.197065373655955,0.438080623412928
S1_243020312,1,243020312,0,1,0.541659282979255,0.83658223029103
S1_243020339,1,243020339,0,1,0.607294280236443,0.922971575334915
S1_243020355,1,243020355,0,1,1.1183760034961,1.37622646417762
S1_243058722,1,243058722,0,1,0.0581646712726741,0.179979631612322
S1_243125886,1,243125886,0,1,0.238263972258436,0.00717932356398414
S1_243127738,1,243127738,0,1,0.00982970564522506,0.00982970564522506
S1_243128726,1,243128726,0,1,0.264035383301429,0.251587961105512
S1_243217390,1,243217390,0,1,0.543750334778935,0.940735696640858
S1_243217507,1,243217507,0,1,1.08167744970155,1.08167744970155
S1_243462783,1,243462783,0,1,0.409279534767121,0.266414703580613
S1_243462888,1,243462888,0,1,0.0292707615016917,0.0165287388196269
S1_243484954,1,243484954,0,1,0.0380640779843811,0.15507272932421
S1_243484955,1,243484955,0,1,0.356951369826641,0.11269697631678
S1_243653723,1,243653723,0,1,0.0229228834208948,0.0226698633207309
S1_243699527,1,243699527,0,1,0.107539169349348,0.150315256244225
S1_243699560,1,243699560,0,1,0.132879909605686,0.132879909605686
S1_243699570,1,243699570,0,1,0.235433964005712,0.235433964005712
S1_243734958,1,243734958,0,1,0.0577836594941187,0.110943329694977
S1_243735046,1,243735046,0,1,0.390429813621127,0.744815628505087
S1_243766825,1,243766825,0,1,1.33088265873657,1.69699884500202
S1_243813536,1,243813536,0,1,0.381620124671979,0.302244121991335
S1_243814407,1,243814407,0,1,0.0236920794747009,0.130194962542907
S1_243814500,1,243814500,0,1,0.668706658233859,0.663749490846959
S1_243814588,1,243814588,0,1,0.0390104353578244,0.0760342445749106
S1_243820213,1,243820213,0,1,0.258669075472953,0.474471777187063
S1_243820294,1,243820294,0,1,0.332164097986302,0.251700937550788
S1_243991777,1,243991777,0,1,0.778880293149172,0.87348835664339
S1_244070711,1,244070711,0,1,0.0310091448812605,0.0843842932031627
S1_244119805,1,244119805,0,1,0.0524373694136009,0.000276487594837386
S1_244119883,1,244119883,0,1,0.343371536709839,0.578231969245462
S1_244119907,1,244119907,0,1,1.72902937847721,1.26715389870689
S1_244158107,1,244158107,0,1,0.205156658091678,0.0585498457578918
S1_244433411,1,244433411,0,1,0.269334308048823,0.0778742061298841
S1_244468664,1,244468664,0,1,0.27559694514043,0.00467341147324072
S1_244469276,1,244469276,0,1,0.215519327770975,0.387077622212635
S1_244472591,1,244472591,0,1,0.389894120072492,0.741901249005419
S1_244472614,1,244472614,0,1,0.344590596655596,0.584843891684069
S1_244514436,1,244514436,0,1,0.160687338918851,0.335273468703543
S1_244514574,1,244514574,0,1,0.925446230982415,0.925446230982415
S1_244514623,1,244514623,0,1,1.90983100308794,1.08470818244847
S1_244514935,1,244514935,0,1,0.073206976892686,0.073206976892686
S1_244544659,1,244544659,0,1,0.830136093419085,1.22909509837113
S1_244559407,1,244559407,0,1,0.135453505660147,0.124173706448051
S1_244559471,1,244559471,0,1,0.150110413289092,0.150110413289092
S1_244559599,1,244559599,0,1,0.315752283030816,0.115669465520198
S1_244559622,1,244559622,0,1,0.278288542359619,0.0544007526055196
S1_244559715,1,244559715,0,1,0.227627513625206,0.227627513625206
S1_244559983,1,244559983,0,1,0.19756288629092,0.363098684468045
S1_244597362,1,244597362,0,1,0.0131652711360669,0.0367226010330068
S1_244597401,1,244597401,0,1,0.345798559064633,0.323810977989377
S1_244637067,1,244637067,0,1,0.764310809200115,0.764310809200115
S1_244748873,1,244748873,0,1,0.0493997554336191,0.126383219405265
S1_244749105,1,244749105,0,1,0.167750147204035,0.369390034294948
S1_244757452,1,244757452,0,1,0.278589549486757,0.0905617014896351
S1_244757639,1,244757639,0,1,1.36383992068453,1.47321035505967
S1_244757936,1,244757936,0,1,0.212985187908362,0.145426061181899
S1_244758788,1,244758788,0,1,0.742941331513665,1.17311731046408
S1_244825879,1,244825879,0,1,0.0357052627907955,0.0357052627907955
S1_244834281,1,244834281,0,1,0.0218113935291337,0.0805054569109777
S1_244834295,1,244834295,0,1,0.0486016313827854,0.192234793463225
S1_244834411,1,244834411,0,1,0.673006807098168,1.00961308786409
S1_244834434,1,244834434,0,1,0.809346724856335,1.17690611003128
S1_244977934,1,244977934,0,1,0.0165740431948924,0.103353022501745
S1_244978469,1,244978469,0,1,0.418684206355371,0.502171883068442
S1_245035242,1,245035242,0,1,0.0349232926991445,0.162280763463407
S1_245035387,1,245035387,0,1,0.404399399839788,0.434118175105285
S1_245039759,1,245039759,0,1,0.0679495394768355,0.0878370626719476
S1_245280552,1,245280552,0,1,0.220110794810674,0.0347202587658967
S1_245310763,1,245310763,0,1,0.261511903517171,0.55901353077216
S1_245310841,1,245310841,0,1,0.402441065858071,0.402441065858071
S1_245311288,1,245311288,0,1,2.85864950785306,2.85864950785306
S1_245312845,1,245312845,0,1,0.12349732268959,0.196481150551757
S1_245312848,1,245312848,0,1,0.194956851005959,0.39745304978552
S1_245483499,1,245483499,0,1,0.468647498005618,0.752657972437247
S1_245490923,1,245490923,0,1,0.0938361008306434,0.0962372353810713
S1_245524234,1,245524234,0,1,0.249425994809262,0.547430482246077
S1_245524253,1,245524253,0,1,1.37289863814578,1.89766251141614
S1_245697470,1,245697470,0,1,0.0598275381237838,0.0583469215125845
S1_245697841,1,245697841,0,1,0.245569587153697,0.474222795492508
S1_245697867,1,245697867,0,1,0.0516254541559557,0.0932710915992841
S1_245697883,1,245697883,0,1,0.128357474158443,0.301319293345209
S1_245697887,1,245697887,0,1,0.0117013867762981,0.0117013867762981
S1_245697929,1,245697929,0,1,0.451083453508222,0.451083453508222
S1_245698219,1,245698219,0,1,0.152080557189852,0.105046299494083
S1_245740948,1,245740948,0,1,0.0516454291378281,0.185075710916545
S1_245740981,1,245740981,0,1,0.152839260763534,0.362017230118831
S1_245744998,1,245744998,0,1,0.138237756311657,0.00766755525950413
S1_245745042,1,245745042,0,1,0.2279732037885,0.331377308780323
S1_245745052,1,245745052,0,1,0.170059738486442,0.195851062152446
S1_245791409,1,245791409,0,1,0.172634013707586,0.221555246760732
S1_245791523,1,245791523,0,1,1.19609457790124,1.64022966059429
S1_245870594,1,245870594,0,1,0.0205266944246084,0.112772324990642
S1_245873077,1,245873077,0,1,0.0104332897538002,0.0104332897538002
S1_245873170,1,245873170,0,1,0.217107195807228,0.109680569266963
S1_245873298,1,245873298,0,1,0.12460327170288,0.243164125692275
S1_245904820,1,245904820,0,1,0.439064251451446,0.47775532329988
S1_245904853,1,245904853,0,1,0.381093172683582,0.378780349236389
S1_245955778,1,245955778,0,1,0.154429834144829,0.154429834144829
S1_246031791,1,246031791,0,1,1.6376409157762,1.67959132665954
S1_246031807,1,246031807,0,1,0.0323547800360993,0.102145125922379
S1_246184611,1,246184611,0,1,0.0083006994578337,0.0228036279865845
S1_246184612,1,246184612,0,1,0.00204861425728048,0.0168705597159239
S1_246201134,1,246201134,0,1,0.216824752644592,0.0932819404763141
S1_246201153,1,246201153,0,1,0.2059743189053,0.00715691725012805
S1_246201214,1,246201214,0,1,0.140235938895762,0.0473695437584071
S1_246201234,1,246201234,0,1,0.206231788345194,0.206231788345194
S1_246201260,1,246201260,0,1,0.0492838608284828,0.117205915401397
S1_246201344,1,246201344,0,1,2.10824477871229,1.51195922703709
S1_246201393,1,246201393,0,1,0.0980005414886953,0.184605987585758
S1_246204992,1,246204992,0,1,0.10957133001246,0.319523047286643
S1_246219088,1,246219088,0,1,0.286506764434324,0.0188660230332732
S1_246219331,1,246219331,0,1,0.281270809849369,0.086893974344233
S1_246219334,1,246219334,0,1,0.290847546128329,0.0874984991603957
S1_246219746,1,246219746,0,1,0.00268993592535203,0.0381828523341149
S1_246349252,1,246349252,0,1,0.55849246551244,0.55849246551244
S1_246354956,1,246354956,0,1,0.156724526541757,0.156724526541757
S1_246354977,1,246354977,0,1,0.0215583248547597,0.0215583248547597
S1_246407604,1,246407604,0,1,0.344211821480082,0.627603478719446
S1_246408472,1,246408472,0,1,0.112253524370191,0.189323477657445
S1_246408546,1,246408546,0,1,0.043360067752281,0.0173357999823402
S1_246409151,1,246409151,0,1,0.357642042711312,0.127148839513337
S1_246409971,1,246409971,0,1,0.357839135376435,0.15666708543034
S1_246414763,1,246414763,0,1,1.63201331659715,0.60088654023313
S1_246414783,1,246414783,0,1,0.192848488334453,0.105612853150526
S1_246414790,1,246414790,0,1,0.523726541691089,0.551367813474877
S1_246414808,1,246414808,0,1,0.450326988451657,0.450326988451657
S1_246415441,1,246415441,0,1,0.483491567758872,0.568350290075927
S1_246415477,1,246415477,0,1,1.14561955401424,1.61230587104868
S1_246415515,1,246415515,0,1,0.900075791551385,1.31515831459092
S1_246464213,1,246464213,0,1,0.241320961491618,0.516452853710991
S1_246464542,1,246464542,0,1,0.387512041938528,0.222749478907056
S1_246464557,1,246464557,0,1,0.486141842990897,0.341277695196858
S1_246469817,1,246469817,0,1,0.469949554921214,0.150783508951024
S1_246469847,1,246469847,0,1,0.33798685532155,0.0291238591833266
S1_246472209,1,246472209,0,1,0.0055322907378089,0.00128267268632261
S1_246472231,1,246472231,0,1,0.135172630371237,0.12556202699363
S1_246479491,1,246479491,0,1,0.199835638227675,0.145090618691648
S1_246479509,1,246479509,0,1,0.0685209097733538,0.1203622818617
S1_246479963,1,246479963,0,1,0.107580124789021,0.282336599571395
S1_246540318,1,246540318,0,1,0.0496740755515711,0.193776941394856
S1_246540730,1,246540730,0,1,0.490040275313202,0.0871917179069202
S1_246540802,1,246540802,0,1,0.13260263112782,0.297318759086441
S1_246540813,1,246540813,0,1,0.0980689198884195,0.236609166782527
S1_246546943,1,246546943,0,1,0.273327523840987,0.128519139683653
S1_246546951,1,246546951,0,1,0.460744510213861,0.180021444628031
S1_246547056,1,246547056,0,1,0.0813162381380404,0.194992550205228
S1_246547058,1,246547058,0,1,0.194305578503192,0.463666604406964
S1_246547233,1,246547233,0,1,0.276869442336153,0.267219243852778
S1_246547272,1,246547272,0,1,0.275510062730123,0.572608034200678
S1_246657855,1,246657855,0,1,0.780157906229452,0.781170434577462
S1_246663778,1,246663778,0,1,0.829890657954172,1.10798980703836
S1_246680671,1,246680671,0,1,0.568422557345214,0.683467480305418
S1_246680690,1,246680690,0,1,0.26463639538892,0.0149893641014915
S1_246685129,1,246685129,0,1,0.0480235748995479,0.137157278074944
S1_246685180,1,246685180,0,1,0.261756781879109,0.261756781879109
S1_246708751,1,246708751,0,1,0.0821031397705073,0.229677878841503
S1_246708763,1,246708763,0,1,0.143141979906593,0.0460130150010311
S1_246709380,1,246709380,0,1,0.0671352493830999,0.100211213789262
S1_246722326,1,246722326,0,1,0.379725531538217,0.574097441696171
S1_246723389,1,246723389,0,1,0.250362800983766,0.519619427311787
S1_247202711,1,247202711,0,1,0.120109468398631,0.120109468398631
S1_247419009,1,247419009,0,1,0.893881792484978,1.3163443006996
S1_247549247,1,247549247,0,1,0.120327701192857,0.248545164838651
S1_247621611,1,247621611,0,1,1.53390444438872,1.53390444438872
S1_247625630,1,247625630,0,1,0.345195396095108,0.0193876454703233
S1_247627151,1,247627151,0,1,0.150794309238203,0.346001655526363
S1_247627340,1,247627340,0,1,1.2710813928856,1.35309745825562
S1_247629083,1,247629083,0,1,0.498936452834546,0.0918854249485178
S1_247629101,1,247629101,0,1,0.600772053535759,0.844486725518139
S1_247630822,1,247630822,0,1,0.47338322122562,0.58503026912184
S1_247944956,1,247944956,0,1,0.41123859983276,0.503696947198163
S1_248119593,1,248119593,0,1,0.068881466652762,0.140667504124753
S1_248119607,1,248119607,0,1,0.0340642686147549,0.0661655492363355
S1_248120257,1,248120257,0,1,0.252350528595511,0.38392589524267
S1_248141666,1,248141666,0,1,0.0971160077831501,0.0971160077831501
S1_248141674,1,248141674,0,1,0.300375932301875,0.300375932301875
S1_248141692,1,248141692,0,1,1.53339304159353,1.53339304159353
S1_248141779,1,248141779,0,1,NA,NA
S1_248141877,1,248141877,0,1,0.493542245277023,0.243079234164907
S1_248141923,1,248141923,0,1,0.31185366617441,0.616522210892746
S1_248149401,1,248149401,0,1,0.040168566086853,0.0977674153267164
S1_248152048,1,248152048,0,1,0.185974201172793,0.00548028378685871
S1_248286801,1,248286801,0,1,0.721175989136411,0.890581716720609
S1_248287573,1,248287573,0,1,0.899260614764965,1.10165617502041
S1_248287728,1,248287728,0,1,0.121284720317631,0.323145591426733
S1_248287758,1,248287758,0,1,0.622091171550789,0.777811491778883
S1_248322324,1,248322324,0,1,0.207846726866515,0.249441230674764
S1_248327034,1,248327034,0,1,0.496400653643358,0.354292499530978
S1_248422334,1,248422334,0,1,0.643158214700516,1.01674225463318
S1_248422356,1,248422356,0,1,0.104392216979176,0.0553967717905044
S1_248422862,1,248422862,0,1,0.459483173272239,0.726160188529958
S1_248422873,1,248422873,0,1,0.202334136996888,0.47533424798147
S1_248423260,1,248423260,0,1,0.0780524986580325,0.113170035446612
S1_248446609,1,248446609,0,1,0.634494109727151,0.78745432388062
S1_248446665,1,248446665,0,1,0.0283832126326966,0.00537095731923258
S1_248461540,1,248461540,0,1,NA,NA
S1_248461595,1,248461595,0,1,0.399110912833305,0.236886983817924
S1_248461597,1,248461597,0,1,0.32984132292491,0.448514628322441
S1_248595048,1,248595048,0,1,0.210717801200042,0.0455637313954841
S1_248595090,1,248595090,0,1,0.0974432218102953,0.238895225522411
S1_248595158,1,248595158,0,1,0.687137817257859,0.687137817257859
S1_248596019,1,248596019,0,1,0.520689420794724,0.155497699667418
S1_248614047,1,248614047,0,1,0.0680540651694006,0.0767086761382207
S1_248615581,1,248615581,0,1,0.165457074978132,0.417520063219536
S1_248615621,1,248615621,0,1,0.125892959156977,0.346264891397809
S1_248615699,1,248615699,0,1,0.323929334612668,0.248604161840084
S1_248615794,1,248615794,0,1,0.00394063488073017,0.0393108879399889
S1_248674884,1,248674884,0,1,0.233319720239609,0.483297928927432
S1_248695521,1,248695521,0,1,0.0424219032942001,0.163403799276546
S1_248695534,1,248695534,0,1,0.0871861419626829,0.0912532509710103
S1_248695726,1,248695726,0,1,0.984170738197195,1.47926231768674
S1_248733548,1,248733548,0,1,1.76869069298949,2.349390651722
S1_248735475,1,248735475,0,1,0.251644524723448,0.549052848048667
S1_248735581,1,248735581,0,1,0.219352260736265,0.124812170386587
S1_248736463,1,248736463,0,1,0.785852764638486,0.505442664413596
S1_248738069,1,248738069,0,1,0.0780939378947549,0.210659636787926
S1_248738113,1,248738113,0,1,0.04442155926707,0.0965776606691334
S1_248738115,1,248738115,0,1,0.835022147156551,0.446113011994257
S1_248738423,1,248738423,0,1,0.426842472599903,0.678471437747361
S1_248744029,1,248744029,0,1,0.0641305213145879,0.149744437709036
S1_248744037,1,248744037,0,1,0.740908674774505,0.0491965213801525
S1_248744040,1,248744040,0,1,0.33627983816523,0.396441682160487
S1_248750866,1,248750866,0,1,1.13695013387554,1.65119145074952
S1_248751867,1,248751867,0,1,0.157369582739874,0.355013011370647
S1_248753348,1,248753348,0,1,0.260957411751614,0.0788483045888131
S1_248753382,1,248753382,0,1,0.551498315372779,0.125320213752143
S1_248855440,1,248855440,0,1,0.233966623495004,0.233966623495004
S1_249063618,1,249063618,0,1,0.6674969206727,0.677704174247255
S1_249063678,1,249063678,0,1,0.118826162134702,0.311460046690321
S1_249067723,1,249067723,0,1,0.352385755508954,0.615700067596389
S1_249102034,1,249102034,0,1,0.831189688888842,1.07718711987967
S1_249176510,1,249176510,0,1,0.461606157613713,0.461606157613713
S1_249176513,1,249176513,0,1,0.622547043029457,0.539369087445308
S1_249176741,1,249176741,0,1,0.296704498833613,0.566809268427627
S1_249239810,1,249239810,0,1,0.0791191581112441,0.0251165783050121
S1_249239818,1,249239818,0,1,0.0880501212601608,0.111747429893104
S1_249307380,1,249307380,0,1,0.0386104878601649,0.0343549771829485
S1_249310844,1,249310844,0,1,0.284913849846868,0.593634630204114
S1_249310848,1,249310848,0,1,0.269596775812966,0.518811223113822
S1_249311461,1,249311461,0,1,1.54001401851513,1.54001401851513
S1_249319725,1,249319725,0,1,0.260954133915882,0.457318040716296
S1_249319740,1,249319740,0,1,0.000145084231866618,0.00904978965180723
S1_249319755,1,249319755,0,1,0.206318704091548,0.437428372230483
S1_249409379,1,249409379,0,1,0.0400454568451196,0.153467616974275
S1_249409410,1,249409410,0,1,0.0209962974643725,0.119911225066017
S1_249409620,1,249409620,0,1,0.626312211368962,0.849649711576175
S1_249418186,1,249418186,0,1,0.478685494347713,0.8501937566717
S1_249419690,1,249419690,0,1,0.421816665456782,0.0186432805621255
S1_249419717,1,249419717,0,1,0.400162057598716,0.359144253862578
S1_249420935,1,249420935,0,1,1.42600947844907,1.98468726701349
S1_249434599,1,249434599,0,1,0.935135551056175,1.30411252259412
S1_249436819,1,249436819,0,1,0.312436762988238,0.636996603656477
S1_249454404,1,249454404,0,1,0.0861021047415353,0.0861021047415353
S1_249454407,1,249454407,0,1,0.57877339692899,0.57877339692899
S1_249454408,1,249454408,0,1,0.0253378993748132,0.0253378993748132
S1_249496827,1,249496827,0,1,0.369313015299484,0.704837203727078
S1_249496836,1,249496836,0,1,0.913408439922969,1.37201498477986
S1_249497372,1,249497372,0,1,0.0850852174039785,0.274403411208915
S1_249497471,1,249497471,0,1,0.53108682328643,0.320377510548375
S1_249505293,1,249505293,0,1,0.200398289049978,0.0260898024893074
S1_249505327,1,249505327,0,1,0.113290850156542,0.227591740979085
S1_249505355,1,249505355,0,1,0.0369279882706988,0.117017785840063
S1_249505404,1,249505404,0,1,0.265067716827501,0.407400224279606
S1_249530860,1,249530860,0,1,0.695776926284189,0.695776926284189
S1_249537365,1,249537365,0,1,0.620657171025134,0.183134634245619
S1_249537785,1,249537785,0,1,0.0160513989507874,0.0160513989507874
S1_249537851,1,249537851,0,1,0.111297782561393,0.299478762577245
S1_249548138,1,249548138,0,1,0.237203330442777,0.0995783995518975
S1_249580390,1,249580390,0,1,0.330456955285192,0.330456955285192
S1_250062895,1,250062895,0,1,0.0411140411667187,0.0731222491294389
S1_250062938,1,250062938,0,1,1.03424983879166,1.48086466489297
S1_250062987,1,250062987,0,1,0.00693630252326755,0.00291475233143777
S1_250067116,1,250067116,0,1,0.160871024035212,0.11575795554991
S1_250078208,1,250078208,0,1,0.0495491406426726,0.0762623697131996
S1_250089457,1,250089457,0,1,1.02337783613138,0.901877189212366
S1_250091509,1,250091509,0,1,0.539268709432844,0.435013716065392
S1_250092204,1,250092204,0,1,0.40199613362432,0.761163949537674
S1_250092548,1,250092548,0,1,0.885781984001296,1.01437545438518
S1_250093643,1,250093643,0,1,0.0916613745344224,0.208302044975272
S1_250095285,1,250095285,0,1,0.30957754762581,0.30957754762581
S1_250188527,1,250188527,0,1,1.0020583787215,1.38698151410304
S1_250188537,1,250188537,0,1,0.0526331825095874,0.183087390649267
S1_250188569,1,250188569,0,1,0.323847249418575,0.605991975028145
S1_250188601,1,250188601,0,1,0.234538650862621,0.446747970223767
S1_250295973,1,250295973,0,1,0.0839672251686993,0.247786178532382
S1_250301375,1,250301375,0,1,0.0925351366775718,0.236232035655957
S1_250301396,1,250301396,0,1,0.326429404476096,0.350925802000744
S1_250301400,1,250301400,0,1,0.0426937879773441,0.166153433894745
S1_250301412,1,250301412,0,1,0.00100042118485438,0.0108057468010199
S1_250316808,1,250316808,0,1,0.61158920671977,0.669974733826208
S1_250318848,1,250318848,0,1,0.294309378481494,0.611020390583469
S1_250320827,1,250320827,0,1,0.140177226663939,0.301516548016992
S1_250330137,1,250330137,0,1,0.018876491333194,0.0936244891319554
S1_250330261,1,250330261,0,1,0.201489671511302,0.43760401227759
S1_250428869,1,250428869,0,1,0.35687286025057,0.695707004405592
S1_250440215,1,250440215,0,1,0.66294129117793,1.06747763550264
S1_250863408,1,250863408,0,1,0.0514707298531389,0.203027067070506
S1_250863655,1,250863655,0,1,0.194441800066703,0.168376025987387
S1_250863736,1,250863736,0,1,0.529336260863591,0.763178272679711
S1_250867800,1,250867800,0,1,0.347598475171909,0.628004772139317
S1_250888032,1,250888032,0,1,0.212646615677946,0.212646615677946
S1_250888057,1,250888057,0,1,0.11411879493852,0.154866412504079
S1_250888325,1,250888325,0,1,0.390329097195237,0.233339159798542
S1_250891272,1,250891272,0,1,0.0644813681242057,0.0892749221646447
S1_250891312,1,250891312,0,1,0.0705703239262973,0.204278989109917
S1_250893896,1,250893896,0,1,0.061230156987827,0.119031880249007
S1_250894340,1,250894340,0,1,0.516078144766003,0.909878574974825
S1_250894640,1,250894640,0,1,0.0774044315601417,0.180984419716339
S1_250894661,1,250894661,0,1,NA,0.568839639149189
S1_250895974,1,250895974,0,1,0.0317683909039363,0.142317536218145
S1_250896011,1,250896011,0,1,0.530084125048612,0.330923778009808
S1_250896024,1,250896024,0,1,0.0904643548604562,0.259185605706448
S1_250896072,1,250896072,0,1,0.0229273074802532,0.0195023677338926
S1_250906453,1,250906453,0,1,0.043931502203867,0.112697359472481
S1_250906665,1,250906665,0,1,0.341177795685873,0.0951795340543519
S1_250912325,1,250912325,0,1,0.267176673974753,0.267176673974753
S1_250912427,1,250912427,0,1,0.0466059711815365,0.150482464665905
S1_250912429,1,250912429,0,1,1.68870035635525,2.01871210452389
S1_250912433,1,250912433,0,1,0.0899416927714368,0.088922672251382
S1_250912465,1,250912465,0,1,0.12184808399605,0.142650557278464
S1_250913256,1,250913256,0,1,0.083638303634524,0.268379460042422
S1_250923454,1,250923454,0,1,0.790901163580882,1.23347264545037
S1_250923472,1,250923472,0,1,0.00374329945868806,0.00374329945868806
S1_251039081,1,251039081,0,1,0.281094568095188,0.232086564643929
S1_251039891,1,251039891,0,1,0.0482711642535438,0.0652758423997168
S1_251041447,1,251041447,0,1,0.0387633184155358,0.169893174775724
S1_251041463,1,251041463,0,1,0.0526097580425725,0.0684958858801332
S1_251041468,1,251041468,0,1,0.231085726089847,0.216491375110474
S1_251041522,1,251041522,0,1,0.303111538457139,0.13520531797304
S1_251041531,1,251041531,0,1,0.512409208305409,0.50939090163635
S1_251041588,1,251041588,0,1,0.347842871682789,0.439651532934709
S1_251079344,1,251079344,0,1,0.0869089891759856,0.135794250588611
S1_251079356,1,251079356,0,1,0.21612832539035,0.277187989842431
S1_251088784,1,251088784,0,1,0.0675663595656392,0.177465822426303
S1_251088804,1,251088804,0,1,0.520656187633264,0.868434928585875
S1_251096883,1,251096883,0,1,0.96070509057427,0.96070509057427
S1_251102703,1,251102703,0,1,1.18725890548156,1.18725890548156
S1_251102861,1,251102861,0,1,0.176948029841865,0.247280244889412
S1_251103140,1,251103140,0,1,0.583105098220583,0.858400556855117
S1_251103143,1,251103143,0,1,0.287905491656272,0.567966506961838
S1_251103188,1,251103188,0,1,0.290561162057559,0.0765065626560506
S1_251103220,1,251103220,0,1,0.0248413433596456,0.114826642918247
S1_251103253,1,251103253,0,1,0.0493347114669852,0.0467132106201109
S1_251103288,1,251103288,0,1,0.261956286336222,0.232407476298125
S1_251103307,1,251103307,0,1,0.190161084997953,0.0571154671860749
S1_251103319,1,251103319,0,1,2.78909635417363,2.78909635417363
S1_251103511,1,251103511,0,1,0.423310327580021,0.276973630754996
S1_251103550,1,251103550,0,1,0.0870698623257621,0.265597207999512
S1_251109833,1,251109833,0,1,0.159161654118649,0.313519893692881
S1_251112677,1,251112677,0,1,0.799896759856658,0.799896759856658
S1_251113116,1,251113116,0,1,0.00723981219671246,0.0308692442534852
S1_251113471,1,251113471,0,1,0.660032210486331,0.905653760072717
S1_251113497,1,251113497,0,1,0.148164180254012,0.30840997565266
S1_251113528,1,251113528,0,1,0.0594097900057109,0.19716273155865
S1_251113665,1,251113665,0,1,0.460842240027204,0.694150292655009
S1_251113833,1,251113833,0,1,0.177409042585918,0.41591026112154
S1_251114089,1,251114089,0,1,0.0833355004644433,0.267984130810842
S1_251156168,1,251156168,0,1,0.563928217951198,0.968609964362353
S1_251157145,1,251157145,0,1,0.862168765582329,1.33545348850984
S1_251157171,1,251157171,0,1,0.743206723024352,1.18592215313732
S1_251157175,1,251157175,0,1,1.2419885956219,1.77743526964332
S1_251158179,1,251158179,0,1,0.289926978703022,0.606071614764701
S1_251171515,1,251171515,0,1,0.0706996609220575,0.245379136458781
S1_251172506,1,251172506,0,1,0.0757396847106441,0.236828699801847
S1_251172520,1,251172520,0,1,0.0788571878605913,0.186284045727521
S1_251172535,1,251172535,0,1,0.0458149966013178,0.177349220617137
S1_251286107,1,251286107,0,1,0.309802550812433,0.311261456301459
S1_251286157,1,251286157,0,1,0.502865247106646,0.502865247106646
S1_251379169,1,251379169,0,1,0.589039985867631,0.407477498806597
S1_251379189,1,251379189,0,1,0.260874018095108,0.533676689893461
S1_251379203,1,251379203,0,1,0.267098434356463,0.00596317505493872
S1_251440540,1,251440540,0,1,0.177909511648538,0.370270130460216
S1_251620530,1,251620530,0,1,0.0181712446336816,0.0769523096100714
S1_251620575,1,251620575,0,1,0.216515182988994,0.494769642648235
S1_251621674,1,251621674,0,1,0.0102031611445302,0.0818302225901843
S1_251621686,1,251621686,0,1,0.196842824504804,0.147238221442773
S1_251693143,1,251693143,0,1,0.114449755777479,0.257361360218593
S1_251711070,1,251711070,0,1,0.102748755846567,0.0378661215067684
S1_251711098,1,251711098,0,1,0.332117712023145,0.332117712023145
S1_251712050,1,251712050,0,1,0.0449283127626555,0.0465136426775134
S1_251712062,1,251712062,0,1,0.00493202069044817,0.0538252990014741
S1_251712071,1,251712071,0,1,0.0063515301579367,0.0499316466071163
S1_251713731,1,251713731,0,1,0.158467254984762,0.0929433212395885
S1_251731616,1,251731616,0,1,0.14526556897721,0.0973037349932628
S1_251733459,1,251733459,0,1,0.330129128662676,0.149013930347638
S1_251734750,1,251734750,0,1,0.265395287323554,0.00442033018288814
S1_251734905,1,251734905,0,1,0.000404345290509482,0.0121495781158521
S1_251982980,1,251982980,0,1,0.115932293239663,0.118135177570857
S1_251987386,1,251987386,0,1,0.154830432515883,0.399885256503514
S1_251987405,1,251987405,0,1,0.109141012907498,0.296357729769709
S1_251992250,1,251992250,0,1,0.312373988084396,0.225069412064338
S1_251994417,1,251994417,0,1,0.35040250851714,0.54656669829067
S1_251994451,1,251994451,0,1,0.180463782098267,0.28384545496998
S1_251994461,1,251994461,0,1,0.10187838530801,0.0546633995260789
S1_251995265,1,251995265,0,1,0.400232368452478,0.162799474613785
S1_251995289,1,251995289,0,1,0.23611210695227,0.438692117424263
S1_252140942,1,252140942,0,1,0.126791768796709,0.00896661575681178
S1_252140989,1,252140989,0,1,1.14711734794483,0.490124791875246
S1_252141282,1,252141282,0,1,0.0991638868319963,0.301184199559932
S1_252165426,1,252165426,0,1,0.0098081425820144,0.0774977724648722
S1_252165435,1,252165435,0,1,0.12687247750011,0.329898315662387
S1_252165438,1,252165438,0,1,0.249275950143057,0.313764166334802
S1_252256984,1,252256984,0,1,0.0615307649334479,0.0479957381715871
S1_252257041,1,252257041,0,1,0.0060675651611268,0.0354907087611854
S1_252259779,1,252259779,0,1,0.822786412937087,1.05876855779942
S1_252321415,1,252321415,0,1,0.256741906071335,0.0243696850984658
S1_252321503,1,252321503,0,1,0.442561351242475,0.678657368035974
S1_252339077,1,252339077,0,1,0.000514261815297608,0.000514261815297608
S1_252339113,1,252339113,0,1,2.09232608089562,2.72151551540554
S1_252339158,1,252339158,0,1,0.213720627787754,0.483675805615936
S1_252374502,1,252374502,0,1,0.0490104053027326,0.0343183179002256
S1_252374530,1,252374530,0,1,1.8470106154054,2.44460029249035
S1_252374656,1,252374656,0,1,0.183701976546422,0.183701976546422
S1_252374873,1,252374873,0,1,1.51935337871126,1.51935337871126
S1_252374951,1,252374951,0,1,0.0786239483196041,0.16084801607365
S1_252375804,1,252375804,0,1,0.0944981184910439,0.243730402524574
S1_252375819,1,252375819,0,1,0.26504011983891,0.26504011983891
S1_252377334,1,252377334,0,1,0.0891209686570889,0.0891209686570889
S1_252377691,1,252377691,0,1,0.171294148591187,0.402122424757781
S1_252378051,1,252378051,0,1,1.152895413167,1.48296233698914
S1_252453064,1,252453064,0,1,0.39606488330215,0.556304781134227
S1_252453246,1,252453246,0,1,1.84270676786306,2.2315758933313
S1_252523134,1,252523134,0,1,0.263849762348497,0.229985268517693
S1_252533168,1,252533168,0,1,1.23627458390252,1.62561753063965
S1_252631376,1,252631376,0,1,0.404428124086642,0.724014292771831
S1_252631380,1,252631380,0,1,0.4974460232001,0.816186116877815
S1_252631391,1,252631391,0,1,0.230250492086912,0.291136746546123
S1_252632476,1,252632476,0,1,0.188695219059804,0.40078275251575
S1_252632562,1,252632562,0,1,0.119008854798107,0.290813976636282
S1_252632642,1,252632642,0,1,0.229746386907557,0.470024263218197
S1_252632712,1,252632712,0,1,0.0273979952449118,0.121313018256203
S1_252789362,1,252789362,0,1,0.245054792373475,0.48447679140845
S1_252789365,1,252789365,0,1,0.0548977149544921,0.0971487988201398
S1_252789368,1,252789368,0,1,0.0654279026818043,0.136122691958032
S1_252789382,1,252789382,0,1,0.0714291216207013,0.153952632119033
S1_252805102,1,252805102,0,1,0.331965820067959,0.499034424534934
S1_252807689,1,252807689,0,1,0.596044653068205,0.596044653068205
S1_252807709,1,252807709,0,1,0.0155769300807901,0.102530262373928
S1_252926461,1,252926461,0,1,0.22042104867229,0.409683475400492
S1_252932028,1,252932028,0,1,0.302378150887661,0.551014450399797
S1_252932036,1,252932036,0,1,0.874946465994811,0.476703498634642
S1_253010265,1,253010265,0,1,0.143091896961491,0.252511461963193
S1_253010925,1,253010925,0,1,0.477817194822812,0.477817194822812
S1_253012132,1,253012132,0,1,0.0874528940355249,0.147121721578353
S1_253012180,1,253012180,0,1,0.0739141392836113,0.0664866310381401
S1_253013511,1,253013511,0,1,0.299623146036492,0.60777682829447
S1_253063600,1,253063600,0,1,0.166680246631075,0.356684754266869
S1_253108783,1,253108783,0,1,0.110435896979335,0.206941898027631
S1_253108791,1,253108791,0,1,0.470552444793756,0.470552444793756
S1_253108830,1,253108830,0,1,0.710408391966677,1.12556147082999
S1_253133237,1,253133237,0,1,0.0104375285061159,0.0215709001935079
S1_253133757,1,253133757,0,1,0.240121622857979,0.26707567912007
S1_253133811,1,253133811,0,1,0.190826811287482,0.253735553825023
S1_253133846,1,253133846,0,1,0.386024509692851,0.610649211977895
S1_253133871,1,253133871,0,1,0.287281022527154,0.0457558023159831
S1_253133913,1,253133913,0,1,0.660698651091661,1.00021943571517
S1_253133969,1,253133969,0,1,0.822515086418554,0.852248054830579
S1_253135163,1,253135163,0,1,0.278941857107898,0.0788484078238146
S1_253135198,1,253135198,0,1,0.0702946900144471,0.178878852066305
S1_253135468,1,253135468,0,1,0.120134400543551,0.127454502812854
S1_253135488,1,253135488,0,1,0.389772303278354,0.705910400102597
S1_253135544,1,253135544,0,1,0.321406693500725,0.581897711588523
S1_253149309,1,253149309,0,1,0.751199584303751,1.20061884261442
S1_253151544,1,253151544,0,1,0.0499080850765662,0.198805340668626
S1_253151565,1,253151565,0,1,0.0779784210974983,0.227851123458944
S1_253154507,1,253154507,0,1,0.369256892899094,0.715247377142249
S1_253154531,1,253154531,0,1,0.168720807540952,0.11247421653815
S1_253154536,1,253154536,0,1,0.0675728813474262,0.0532280642823822
S1_253160443,1,253160443,0,1,1.44352825676511,1.83269351974373
S1_253160457,1,253160457,0,1,0.0599243657926405,0.118998555237134
S1_253160469,1,253160469,0,1,0.172142686494636,0.333771044799633
S1_253269479,1,253269479,0,1,0.137427912373973,0.0515079321241358
S1_253269519,1,253269519,0,1,0.817278895218673,0.00146862043077708
S1_253271973,1,253271973,0,1,0.345678411232572,0.0159580977901603
S1_253272108,1,253272108,0,1,0.415766587002323,0.144884180543657
S1_253273695,1,253273695,0,1,0.00918801723715426,0.0205135790871785
S1_253273736,1,253273736,0,1,0.0316616633314366,0.118657671983996
S1_253273748,1,253273748,0,1,0.144077055991198,0.35737344660895
S1_253274493,1,253274493,0,1,0.362400739221409,0.13401306720878
S1_253274569,1,253274569,0,1,0.010611564430891,0.078460378351161
S1_253276731,1,253276731,0,1,0.0870849308681659,0.16155364904326
S1_253276749,1,253276749,0,1,0.471735549991904,0.766764483181029
S1_253300607,1,253300607,0,1,0.290632661739804,0.217112860533632
S1_253303025,1,253303025,0,1,0.369479518234418,0.049454177899966
S1_253303237,1,253303237,0,1,0.00511249293907173,0.0478051958864949
S1_253303250,1,253303250,0,1,0.827185303370145,1.10667960710987
S1_253303326,1,253303326,0,1,0.194114488123377,0.360919081808576
S1_253303703,1,253303703,0,1,0.228532555420763,0.0464324926813688
S1_253308015,1,253308015,0,1,0.1552123862382,0.302533710939959
S1_253314526,1,253314526,0,1,0.34129683673568,0.062854458331877
S1_253315522,1,253315522,0,1,0.125271238614895,0.343437743916584
S1_253315642,1,253315642,0,1,0.22184788901893,0.22184788901893
S1_253375187,1,253375187,0,1,0.361227256062311,0.130401076486252
S1_253375201,1,253375201,0,1,0.352083610809363,0.0496807708084462
S1_253378345,1,253378345,0,1,0.0365972498660977,0.15038142934029
S1_253381270,1,253381270,0,1,0.0545365487872967,0.0068985403420045
S1_253386844,1,253386844,0,1,0.0239195826692736,0.125245496073025
S1_253388950,1,253388950,0,1,NA,NA
S1_253391071,1,253391071,0,1,0.0807801539046973,0.257864934961096
S1_253493820,1,253493820,0,1,0.0263970348720072,0.116993971430956
S1_253507823,1,253507823,0,1,0.492867578287662,0.811424281130545
S1_253510302,1,253510302,0,1,0.835558869553604,1.24641121197063
S1_253510681,1,253510681,0,1,0.0105047004870806,0.0708081139085918
S1_253513275,1,253513275,0,1,0.422086214417275,0.0335362803316126
S1_253513305,1,253513305,0,1,0.164864330540606,0.019083800343902
S1_253607709,1,253607709,0,1,0.0535661439935677,0.20676532155291
S1_253607725,1,253607725,0,1,0.278089626707807,0.101423028017802
S1_253607742,1,253607742,0,1,0.0561165578459866,0.138094958067761
S1_253650772,1,253650772,0,1,0.4371763640948,0.666670198317555
S1_253656437,1,253656437,0,1,0.171744048801607,0.426642730378562
S1_253719150,1,253719150,0,1,0.248445623531957,0.0401248310547095
S1_253719662,1,253719662,0,1,0.286260132651861,0.3219542988636
S1_253719722,1,253719722,0,1,0.244518416063821,0.491596669158155
S1_253719732,1,253719732,0,1,0.380350122315447,0.160254834984773
S1_253720139,1,253720139,0,1,0.217559944896922,0.359679298838225
S1_253720241,1,253720241,0,1,0.0417091626669089,0.0841116117350966
S1_253720260,1,253720260,0,1,0.186586098139479,0.0273314242832417
S1_253768401,1,253768401,0,1,0.0325491978402803,0.0668549840550756
S1_253768488,1,253768488,0,1,0.92256822897314,1.17533416799441
S1_253776907,1,253776907,0,1,0.106667834375223,0.274709679661791
S1_253776947,1,253776947,0,1,0.180673073651524,0.344493039433346
S1_253777696,1,253777696,0,1,0.227427023767664,0.227427023767664
S1_253798663,1,253798663,0,1,0.202263216482343,0.137697246523222
S1_253798667,1,253798667,0,1,0.0556298857655857,0.0556298857655857
S1_253798755,1,253798755,0,1,0.522799031322424,0.747422942638204
S1_253798778,1,253798778,0,1,0.315015394253951,0.0812124345630654
S1_253798799,1,253798799,0,1,0.505291481936152,0.042383743885779
S1_253798853,1,253798853,0,1,0.318318110122566,0.0256148840141771
S1_253894088,1,253894088,0,1,0.671042390054667,1.10014290488808
S1_253894214,1,253894214,0,1,0.464813561625396,0.0223479893022083
S1_253901998,1,253901998,0,1,0.441768543754884,0.311075441620286
S1_253908118,1,253908118,0,1,1.01811603653505,1.29689246607109
S1_253908144,1,253908144,0,1,0.942277725575339,1.2074666039031
S1_253908837,1,253908837,0,1,0.367494397943678,0.172674890704746
S1_253908863,1,253908863,0,1,0.35505861124155,0.159728084556384
S1_253911776,1,253911776,0,1,0.37975302724525,0.259339556372035
S1_253911797,1,253911797,0,1,0.456481292789411,0.824409750889338
S1_253911848,1,253911848,0,1,0.500737927759846,0.500737927759846
S1_253914095,1,253914095,0,1,0.749374151805146,0.0271791197082074
S1_253914109,1,253914109,0,1,0.158707612083787,0.332462114738585
S1_253914111,1,253914111,0,1,0.0968947112779174,0.214264411751372
S1_253948921,1,253948921,0,1,0.930737008001989,1.21502124136172
S1_254244895,1,254244895,0,1,0.106479655893397,0.314285483382495
S1_254244931,1,254244931,0,1,0.0659391515381729,0.205702947742073
S1_254245987,1,254245987,0,1,0.26508364048002,0.0917914833141242
S1_254246017,1,254246017,0,1,0.299038763509975,0.480025805268157
S1_254246023,1,254246023,0,1,0.123905437081836,0.0242880748767832
S1_254247028,1,254247028,0,1,0.0431346656944145,0.0900199869292245
S1_254251503,1,254251503,0,1,0.946943186931567,0.946943186931567
S1_254401263,1,254401263,0,1,0.601500987390395,0.294921592688774
S1_254402074,1,254402074,0,1,0.0478217055392326,0.090505681489605
S1_254402163,1,254402163,0,1,0.611794527650581,0.693559517360502
S1_254468245,1,254468245,0,1,0.510967444346761,0.0363318746331555
S1_254468512,1,254468512,0,1,0.417207462612099,0.722378481080888
S1_254468551,1,254468551,0,1,0.558673107657428,0.87393087292297
S1_254530380,1,254530380,0,1,0.359996086264506,0.700724606039222
S1_254534586,1,254534586,0,1,0.0901972362868719,0.274817256205562
S1_254559406,1,254559406,0,1,0.0117963488772981,0.0117963488772981
S1_254559797,1,254559797,0,1,0.376404275213144,0.682050072298253
S1_254559835,1,254559835,0,1,0.0756192920143328,0.0756192920143328
S1_254560081,1,254560081,0,1,0.467760806452294,0.378841938305133
S1_254560116,1,254560116,0,1,0.689137288790533,0.622065940827904
S1_254560188,1,254560188,0,1,0.356305310475352,0.278481367165421
S1_254560849,1,254560849,0,1,0.261473957619882,0.564712951519361
S1_254561043,1,254561043,0,1,0.570560696715672,0.570560696715672
S1_254561092,1,254561092,0,1,0.18452711057597,0.0743792445448053
S1_254670261,1,254670261,0,1,0.186976127369204,0.334381920502541
S1_254670291,1,254670291,0,1,0.513861127713865,0.646371732404968
S1_254670299,1,254670299,0,1,0.460678215260092,0.58271080205098
S1_254688998,1,254688998,0,1,0.267724494233606,0.554471644860687
S1_254689016,1,254689016,0,1,0.446824781895126,0.810077113551489
S1_254689689,1,254689689,0,1,0.0605322300549081,0.179942034016367
S1_254689702,1,254689702,0,1,0.420097255994876,0.388053750996846
S1_254689768,1,254689768,0,1,0.125642117356987,0.0914348110863092
S1_254749493,1,254749493,0,1,0.0434187226380188,0.0434187226380188
S1_254749582,1,254749582,0,1,1.70156725895001,0.498803290168643
S1_254749887,1,254749887,0,1,0.667592107173209,0.309911906255634
S1_254749902,1,254749902,0,1,0.601632372666096,0.200466662637026
S1_254797743,1,254797743,0,1,0.0124003736912878,0.0252775724008888
S1_254797938,1,254797938,0,1,0.534668753166957,0.0170916080206593
S1_254800072,1,254800072,0,1,0.202127818605915,0.416360275111347
S1_254800219,1,254800219,0,1,0.00799262524378643,0.0641261929401051
S1_254802945,1,254802945,0,1,0.925238811373682,0.0256190804052878
S1_254890377,1,254890377,0,1,NA,NA
S1_254981595,1,254981595,0,1,0.220785429372401,0.0599284053803824
S1_254981598,1,254981598,0,1,0.219915888868502,0.0558569442558861
S1_254988174,1,254988174,0,1,0.558798890625838,0.204600835511952
S1_255089284,1,255089284,0,1,1.07747257436013,1.10732299378218
S1_255089325,1,255089325,0,1,0.0390585404038031,0.169196774819993
S1_255154167,1,255154167,0,1,0.482577206601325,0.839554962994168
S1_255253556,1,255253556,0,1,0.16760600424531,0.184415759524412
S1_255253576,1,255253576,0,1,0.272663224906963,0.330988697843044
S1_255255418,1,255255418,0,1,0.657159643514118,0.657159643514118
S1_255317651,1,255317651,0,1,0.0589848976765937,0.193052384974818
S1_255325030,1,255325030,0,1,0.326618839550435,0.2959346212876
S1_255325121,1,255325121,0,1,0.249077448565454,0.51082035734774
S1_255325249,1,255325249,0,1,0.0365139767903021,0.0871892405385305
S1_255325255,1,255325255,0,1,0.0345190389120642,0.0345190389120642
S1_255325312,1,255325312,0,1,0.0181760677239603,0.100690894184138
S1_255325453,1,255325453,0,1,0.203115982564726,0.393624591362357
S1_255330971,1,255330971,0,1,1.51858763111121,1.51858763111121
S1_255330972,1,255330972,0,1,0.101509796473501,0.101509796473501
S1_255512622,1,255512622,0,1,0.365441182086914,0.628010868727363
S1_255545020,1,255545020,0,1,0.0434998841031298,0.110087388368287
S1_255545029,1,255545029,0,1,0.873831502668818,0.0694637721835556
S1_255545945,1,255545945,0,1,0.430982210980673,0.798803168885949
S1_255638105,1,255638105,0,1,0.496168448193834,0.496168448193834
S1_255705812,1,255705812,0,1,0.356540690975165,0.356540690975165
S1_255724194,1,255724194,0,1,0.0603135107488738,0.150784536377698
S1_255742505,1,255742505,0,1,0.408192524432872,0.248511179791346
S1_255742544,1,255742544,0,1,0.307115840262647,0.112901362030026
S1_255742547,1,255742547,0,1,0.526810449982457,0.481451703660843
S1_255744460,1,255744460,0,1,0.0667715159150883,0.171483401333149
S1_255744504,1,255744504,0,1,0.162733218593866,0.358344775225612
S1_256071939,1,256071939,0,1,0.653087787615961,0.653087787615961
S1_256071970,1,256071970,0,1,0.378544643234642,0.718638096110364
S1_256084086,1,256084086,0,1,1.00363001163294,1.37152932612424
S1_256286278,1,256286278,0,1,0.164487987340579,0.382147673495107
S1_256286626,1,256286626,0,1,0.301961630576671,0.0723302690873682
S1_256306087,1,256306087,0,1,0.557731214052634,0.457859954671759
S1_256338151,1,256338151,0,1,0.0262119476802427,0.0669353316203271
S1_256369687,1,256369687,0,1,0.246014739134077,0.246014739134077
S1_256434611,1,256434611,0,1,0.304260862262964,0.304260862262964
S1_256482839,1,256482839,0,1,0.520992234995666,0.520992234995666
S1_256483900,1,256483900,0,1,1.40006782608035,0.839507736128521
S1_256490847,1,256490847,0,1,0.326320222829097,0.59915587891511
S1_256490856,1,256490856,0,1,0.526709144991683,0.867172931074308
S1_256513738,1,256513738,0,1,0.428317655599699,0.29658630814441
S1_256513834,1,256513834,0,1,0.593729906746678,0.136151554662433
S1_256514017,1,256514017,0,1,0.0613266009144659,0.131907177836046
S1_256514018,1,256514018,0,1,0.316534062749348,0.633691560313038
S1_256514201,1,256514201,0,1,1.2001480423832,1.48286893042984
S1_256519363,1,256519363,0,1,0.38029058017354,0.38029058017354
S1_256572817,1,256572817,0,1,0.286761910450437,0.286761910450437
S1_256661775,1,256661775,0,1,0.493430937552871,0.351834025538873
S1_256662354,1,256662354,0,1,0.106656294364574,0.106656294364574
S1_256662395,1,256662395,0,1,0.332200208528655,0.332200208528655
S1_256662921,1,256662921,0,1,0.0776667549605778,0.128767707893455
S1_256662956,1,256662956,0,1,0.0295186712063289,0.0809421374341423
S1_256663728,1,256663728,0,1,0.549937523436745,0.458308892351078
S1_256663730,1,256663730,0,1,0.399381692592282,0.645075066141561
S1_256663742,1,256663742,0,1,0.290111773638525,0.317576610231105
S1_256663763,1,256663763,0,1,0.0530636902118106,0.163973850456131
S1_256663863,1,256663863,0,1,0.291728782052949,0.141397657036745
S1_256663874,1,256663874,0,1,0.270742742183919,0.0919131802040547
S1_256669820,1,256669820,0,1,0.221812070499453,0.157216806350755
S1_256692784,1,256692784,0,1,0.0610055278326837,0.138501439724606
S1_256692818,1,256692818,0,1,0.182888831864185,0.442812306264367
S1_256693138,1,256693138,0,1,1.40743030969803,1.71926246614873
S1_256693205,1,256693205,0,1,0.619005035386551,0.535994152150996
S1_256693312,1,256693312,0,1,0.646869100347134,0.654675216462271
S1_256798192,1,256798192,0,1,0.634477495339291,0.634477495339291
S1_256798206,1,256798206,0,1,1.60592854230031,1.95377037839295
S1_256822273,1,256822273,0,1,0.222950815704098,0.451143117217165
S1_256825393,1,256825393,0,1,0.503139482264103,0.573086741373077
S1_256937485,1,256937485,0,1,0.462010652309799,0.127725365057224
S1_256938399,1,256938399,0,1,0.0557332126729569,0.145137785746067
S1_256939501,1,256939501,0,1,0.320657064568787,0.229558987977946
S1_256939529,1,256939529,0,1,0.584089202094139,0.928780903021058
S1_256982457,1,256982457,0,1,0.101873776352446,0.270340920639756
S1_257000361,1,257000361,0,1,0.185165167217382,0.175058568600273
S1_257000368,1,257000368,0,1,0.16300308715269,0.132389859038489
S1_257144671,1,257144671,0,1,0.105035003873519,0.221639527865213
S1_257181202,1,257181202,0,1,0.464800590401449,0.06721111954974
S1_257184410,1,257184410,0,1,0.0589243298035319,0.160729423931227
S1_257184492,1,257184492,0,1,0.0965358996715796,0.0304907918292244
S1_257184525,1,257184525,0,1,0.0241404136568855,0.0369135688315538
S1_257184576,1,257184576,0,1,0.172194143856684,0.0789162710283482
S1_257184592,1,257184592,0,1,0.0825126370642254,0.117194102117545
S1_257186818,1,257186818,0,1,1.08953741998553,0.92830421981157
S1_257186836,1,257186836,0,1,0.00561618482981916,0.0073252850770656
S1_257186929,1,257186929,0,1,0.148714296461749,0.365633164750039
S1_257189262,1,257189262,0,1,0.739365714331607,0.739365714331607
S1_257214217,1,257214217,0,1,0.224308947255049,0.0771273730442323
S1_257214234,1,257214234,0,1,0.100481270957796,0.116898617799536
S1_257214394,1,257214394,0,1,0.526976375270217,0.71079720331355
S1_257219040,1,257219040,0,1,0.0139315374540383,0.0867595670715185
S1_257317053,1,257317053,0,1,0.10642766892349,0.211324951087082
S1_257327590,1,257327590,0,1,0.164802605710451,0.164802605710451
S1_257327670,1,257327670,0,1,1.10823606280855,1.59424620509171
S1_257327856,1,257327856,0,1,0.0313941311970763,0.062989547533429
S1_257404625,1,257404625,0,1,1.0419590178968,1.4813623329075
S1_257406767,1,257406767,0,1,0.460000178576489,0.0867935367490232
S1_257453635,1,257453635,0,1,0.410613162299239,0.351432637045519
S1_257488916,1,257488916,0,1,0.126449550619191,0.126449550619191
S1_257577812,1,257577812,0,1,0.222749622529974,0.345206155272248
S1_257736340,1,257736340,0,1,0.291271931075903,0.239462273410426
S1_257736897,1,257736897,0,1,0.00663532477794705,0.0307354472211889
S1_257736917,1,257736917,0,1,0.521798710274948,0.159011468703634
S1_257736983,1,257736983,0,1,0.504893681879366,0.169262848423377
S1_257737100,1,257737100,0,1,0.221251460904422,0.174745356253595
S1_257738522,1,257738522,0,1,0.596674074040152,0.596674074040152
S1_257791616,1,257791616,0,1,0.088652042589458,0.0645532174748174
S1_257792377,1,257792377,0,1,0.199145224987565,0.106006628169499
S1_257792870,1,257792870,0,1,0.279718129133243,0.32257923350179
S1_257795901,1,257795901,0,1,0.167045264072871,0.167045264072871
S1_257799216,1,257799216,0,1,0.337554443650619,0.156374929779112
S1_257809630,1,257809630,0,1,0.88025567059116,0.204315547984084
S1_257809700,1,257809700,0,1,0.149333322521148,0.364925045172067
S1_257809741,1,257809741,0,1,0.222790017484039,0.469803958199817
S1_257811812,1,257811812,0,1,0.325614062340415,0.446040376612832
S1_257811843,1,257811843,0,1,0.390274418787635,0.390274418787635
S1_257811872,1,257811872,0,1,0.0469653469193885,0.0247001285755534
S1_257875719,1,257875719,0,1,0.3013408299053,0.574491893054828
S1_257875934,1,257875934,0,1,0.205340971907511,0.28554359321101
S1_257939641,1,257939641,0,1,0.217729026072097,0.329252424829403
S1_257947400,1,257947400,0,1,1.75293033040187,1.75293033040187
S1_257951868,1,257951868,0,1,0.0994448576823419,0.192822059686083
S1_257952437,1,257952437,0,1,0.365836568483443,0.425974832320575
S1_257972121,1,257972121,0,1,0.0364975854981102,0.0364975854981102
S1_257972254,1,257972254,0,1,0.032868877175442,0.134198653386379
S1_257972369,1,257972369,0,1,0.16640043003038,0.16640043003038
S1_257972509,1,257972509,0,1,0.36503044750215,0.36503044750215
S1_257972513,1,257972513,0,1,0.308329096735088,0.308329096735088
S1_257972578,1,257972578,0,1,0.0537853741427197,0.153582163845822
S1_257972668,1,257972668,0,1,0.0363703877897407,0.0892150450719744
S1_257972790,1,257972790,0,1,0.395849018075474,0.698273977092407
S1_257972799,1,257972799,0,1,0.295533595198563,0.562655086805122
S1_257972837,1,257972837,0,1,0.348452443440377,0.623419185629377
S1_257972858,1,257972858,0,1,1.28389993993078,1.28389993993078
S1_257972883,1,257972883,0,1,0.277374279789583,0.296355869876832
S1_257972946,1,257972946,0,1,0.105785652745236,0.233799948787034
S1_257973052,1,257973052,0,1,0.0858530569065862,0.0858530569065862
S1_257973089,1,257973089,0,1,0.368137598311252,0.534680782918233
S1_257973164,1,257973164,0,1,0.459819054211333,0.495610613750962
S1_257973255,1,257973255,0,1,0.769527672987032,1.10537471307859
S1_257973360,1,257973360,0,1,0.48406909273715,0.543554513859585
S1_257973395,1,257973395,0,1,1.56189483821394,1.55900737202194
S1_258046047,1,258046047,0,1,1.25417964886409,1.25417964886409
S1_258046337,1,258046337,0,1,0.272044763781996,0.562381319776495
S1_258046370,1,258046370,0,1,0.147113290822578,0.109649664401192
S1_258046781,1,258046781,0,1,0.0623683071048289,0.161676832404321
S1_258046790,1,258046790,0,1,0.0690065978050844,0.177164764113647
S1_258046870,1,258046870,0,1,0.444655961485245,0.763793374328896
S1_258047503,1,258047503,0,1,0.693776959283874,0.693776959283874
S1_258047678,1,258047678,0,1,0.325386861942997,0.325386861942997
S1_258047702,1,258047702,0,1,0.297138750896771,0.588685797239684
S1_258094149,1,258094149,0,1,0.00276906842122264,0.0358142890963883
S1_258353232,1,258353232,0,1,0.0644086222761841,0.130246310755085
S1_258353234,1,258353234,0,1,0.0504291874179397,0.0996652488740676
S1_258364594,1,258364594,0,1,0.148859409551065,0.105831413853335
S1_258369765,1,258369765,0,1,0.16642817374702,0.22955229272086
S1_258383890,1,258383890,0,1,0.648209048674547,1.03838116865132
S1_258386855,1,258386855,0,1,0.132457879247373,0.276550823016204
S1_258387379,1,258387379,0,1,0.406105007028716,0.40414468715483
S1_258387391,1,258387391,0,1,0.384388352251688,0.384388352251688
S1_258387721,1,258387721,0,1,1.90787695478826,1.26532118520663
S1_258388681,1,258388681,0,1,0.244845231259435,0.285191751980617
S1_258436578,1,258436578,0,1,0.276565911048318,0.412589104752846
S1_258437390,1,258437390,0,1,0.121680024902589,0.169616467382739
S1_258441125,1,258441125,0,1,0.0982066314264144,0.0438364537629106
S1_258441145,1,258441145,0,1,0.0988942160504338,0.287686908065947
S1_258441208,1,258441208,0,1,0.338079722084289,0.673160707382582
S1_258441270,1,258441270,0,1,0.549889252910296,0.000663309312305375
S1_258441318,1,258441318,0,1,0.0717294192299624,0.146292250295533
S1_258441440,1,258441440,0,1,0.161597713393835,0.0138815833220376
S1_258441447,1,258441447,0,1,0.521223581422133,0.374415749543891
S1_258442582,1,258442582,0,1,0.804515482825095,0.98463824257708
S1_258442732,1,258442732,0,1,0.178728980715987,0.389853959287333
S1_258448301,1,258448301,0,1,0.257638683015293,0.524435859538939
S1_258448441,1,258448441,0,1,0.518194088140702,0.534508108392704
S1_258448442,1,258448442,0,1,0.391578293360032,0.391578293360032
S1_258520959,1,258520959,0,1,0.055038591163899,0.074069760151748
S1_258520975,1,258520975,0,1,0.0783618142820459,0.0398432495002841
S1_258521539,1,258521539,0,1,0.10550456962483,0.0129827390231213
S1_258521625,1,258521625,0,1,0.924909362322785,0.924909362322785
S1_258521647,1,258521647,0,1,0.323251086256565,0.0684507456748663
S1_258553528,1,258553528,0,1,0.272314135372135,0.0980138678597296
S1_258602297,1,258602297,0,1,0.115503312234874,0.284445563208409
S1_258602319,1,258602319,0,1,0.0651288021458086,0.179253476674833
S1_258651627,1,258651627,0,1,0.00779739802307626,0.0684254335003243
S1_258655437,1,258655437,0,1,0.0305319172104949,0.122010467882117
S1_258656167,1,258656167,0,1,0.761319754769819,0.761319754769819
S1_258656307,1,258656307,0,1,0.179084762115468,0.383799068294256
S1_258656604,1,258656604,0,1,0.788049825411686,0.568675240411218
S1_258657748,1,258657748,0,1,2.16944719960739,2.52644777842081
S1_258657815,1,258657815,0,1,0.477651960125123,0.680005336291649
S1_258673741,1,258673741,0,1,0.392844446901279,0.526757863482098
S1_258673743,1,258673743,0,1,0.231243639532969,0.374098464673465
S1_258673747,1,258673747,0,1,0.786046958291763,0.666391932988193
S1_258674031,1,258674031,0,1,0.620122266908778,0.932672958654292
S1_258681209,1,258681209,0,1,0.1307238020056,0.259071630827964
S1_258681214,1,258681214,0,1,0.398660763618759,0.398660763618759
S1_258690923,1,258690923,0,1,0.383626412883299,0.385387475007925
S1_258691206,1,258691206,0,1,0.321615358137095,0.399055054449316
S1_258796076,1,258796076,0,1,0.942700738635111,0.942700738635111
S1_258796077,1,258796077,0,1,0.0800344586667826,0.214798940204735
S1_258796234,1,258796234,0,1,0.965464409261368,1.28025790485735
S1_258796341,1,258796341,0,1,0.951639318149286,1.18394291233515
S1_258796453,1,258796453,0,1,0.45015060541305,0.692646493564079
S1_258796503,1,258796503,0,1,0.0530154069131122,0.206532551796591
S1_258799299,1,258799299,0,1,0.321496630690147,0.148088307042617
S1_258799306,1,258799306,0,1,0.556801154971164,0.556801154971164
S1_258799307,1,258799307,0,1,0.385640263757862,0.303179844871485
S1_258803831,1,258803831,0,1,0.731417247649561,0.831007505206318
S1_258807331,1,258807331,0,1,0.0524932173341571,0.0524932173341571
S1_258807334,1,258807334,0,1,0.237006200935414,0.180555662732948
S1_258807359,1,258807359,0,1,0.7546276581089,0.7546276581089
S1_258807445,1,258807445,0,1,0.273863048522067,0.557305592344374
S1_258807641,1,258807641,0,1,1.59796093849944,1.99818653872264
S1_258808183,1,258808183,0,1,0.351222653270928,0.45951059997348
S1_258808508,1,258808508,0,1,0.580840001836589,0.212439043725246
S1_258808513,1,258808513,0,1,0.765615865816037,1.07160303195701
S1_258808606,1,258808606,0,1,0.0728697100543274,0.0728697100543274
S1_258808727,1,258808727,0,1,0.706404159009159,0.706404159009159
S1_258875029,1,258875029,0,1,0.138181924455043,0.338129192334351
S1_258875032,1,258875032,0,1,0.209305061499242,0.393580435809106
S1_258875033,1,258875033,0,1,0.371508515105732,0.108474677360043
S1_258878686,1,258878686,0,1,0.580277372357596,0.989610717989524
S1_258878734,1,258878734,0,1,0.558680028787921,0.558680028787921
S1_258883516,1,258883516,0,1,0.0907457051657518,0.283084578710912
S1_258883548,1,258883548,0,1,0.40036874086668,0.733509138008354
S1_258928941,1,258928941,0,1,0.0680044652014729,0.193768184382865
S1_258955613,1,258955613,0,1,1.17952890447354,1.17952890447354
S1_258957424,1,258957424,0,1,0.130695650994534,0.344198751242804
S1_258959297,1,258959297,0,1,1.25333306298235,1.25333306298235
S1_259017559,1,259017559,0,1,0.146652829599018,0.385328079233473
S1_259023565,1,259023565,0,1,0.470505561104639,0.842184698610886
S1_259023583,1,259023583,0,1,0.00950546789667593,0.0599206585585074
S1_259023731,1,259023731,0,1,0.0483278799461681,0.159630998219276
S1_259024115,1,259024115,0,1,0.17090147902179,0.13158401168735
S1_259024490,1,259024490,0,1,0.657126964241129,0.0226987656032287
S1_259024495,1,259024495,0,1,0.716545676710322,0.982591745376307
S1_259024498,1,259024498,0,1,0.408960507920075,0.554426622572293
S1_259024509,1,259024509,0,1,0.706213915984725,0.36897266658672
S1_259024548,1,259024548,0,1,0.0356308598294901,0.129450585005068
S1_259024554,1,259024554,0,1,0.253061213177584,0.552729058557529
S1_259024559,1,259024559,0,1,0.54506703716116,0.576257357040236
S1_259174049,1,259174049,0,1,0.0105114480750687,0.0764373278850116
S1_259174368,1,259174368,0,1,0.0468182752888468,0.0468182752888468
S1_259175617,1,259175617,0,1,0.0388396493993802,0.0477380106623671
S1_259179530,1,259179530,0,1,0.492152663934858,0.41727220767145
S1_259180657,1,259180657,0,1,0.715564937089905,0.715564937089905
S1_259180694,1,259180694,0,1,0.0602770743103368,0.0851975331141533
S1_259181338,1,259181338,0,1,0.294205509820003,0.344415575843433
S1_259210821,1,259210821,0,1,0.364128803135522,0.426803888987354
S1_259210845,1,259210845,0,1,0.621987157144936,0.470698305531343
S1_259212412,1,259212412,0,1,0.479824936859397,0.479824936859397
S1_259215783,1,259215783,0,1,0.188649769405772,0.0303031624228376
S1_259217673,1,259217673,0,1,0.324989081549525,0.554773719618215
S1_259219797,1,259219797,0,1,0.0272490163735857,0.0201599901042626
S1_259219923,1,259219923,0,1,0.18640813901387,0.10666853253298
S1_259219934,1,259219934,0,1,0.218579629998518,0.207700176758729
S1_259220072,1,259220072,0,1,0.583265360319864,0.583265360319864
S1_259221968,1,259221968,0,1,0.476055463888112,0.476055463888112
S1_259239220,1,259239220,0,1,0.248620889823522,0.309574276904409
S1_259272819,1,259272819,0,1,0.0925387856369621,0.259185530951917
S1_259272837,1,259272837,0,1,0.111300766155471,0.272611034438855
S1_259274478,1,259274478,0,1,0.58891991920229,0.888615429923475
S1_259301295,1,259301295,0,1,0.442451773790207,0.442451773790207
S1_259304819,1,259304819,0,1,0.134000563446895,0.338416296139394
S1_259304941,1,259304941,0,1,0.0312274937238601,0.0312274937238601
S1_259407231,1,259407231,0,1,0.641564665710034,0.641564665710034
S1_259407813,1,259407813,0,1,0.248641844825574,0.248641844825574
S1_259532659,1,259532659,0,1,0.287775976222506,0.051787255285518
S1_259773096,1,259773096,0,1,0.205731575980748,0.0418942035510567
S1_259778254,1,259778254,0,1,0.249444249641054,0.180218209047142
S1_259778365,1,259778365,0,1,0.0954556708550811,0.23453738165369
S1_259778375,1,259778375,0,1,1.09343995172493,1.4198440515722
S1_259778419,1,259778419,0,1,0.0757599091663975,0.0757599091663975
S1_259778476,1,259778476,0,1,0.654031936956437,0.994705915648392
S1_259817604,1,259817604,0,1,0.159887128062733,0.159887128062733
S1_259823373,1,259823373,0,1,1.00564407042532,0.178401862048475
S1_259823426,1,259823426,0,1,0.468885879372047,0.0727707960930535
S1_259930627,1,259930627,0,1,0.110219333267031,0.134439838806665
S1_259930666,1,259930666,0,1,0.0702747209298332,0.173626598736134
S1_259930703,1,259930703,0,1,0.0884166909500577,0.212343130886849
S1_259937627,1,259937627,0,1,0.00095776006739861,0.0122235010543499
S1_259937642,1,259937642,0,1,0.340950170216612,0.365204248543592
S1_259937671,1,259937671,0,1,0.161106928406686,0.0686677762995539
S1_259947925,1,259947925,0,1,NA,NA
S1_259949194,1,259949194,0,1,0.121667254534888,0.1244828402375
S1_260135394,1,260135394,0,1,0.00303763954310542,0.00286126464518809
S1_260142416,1,260142416,0,1,0.238336009556394,0.212227784240609
S1_260142482,1,260142482,0,1,0.584288064279969,0.95114505929428
S1_260142926,1,260142926,0,1,0.0351211970559526,0.0351211970559526
S1_260144080,1,260144080,0,1,0.500720303710007,0.687097942293141
S1_260144097,1,260144097,0,1,0.411639795967488,0.593670821415489
S1_260144313,1,260144313,0,1,0.278774588871309,0.0462393514285239
S1_260150230,1,260150230,0,1,0.0274895804455152,0.13993187877804
S1_260339199,1,260339199,0,1,0.0550719647638623,0.174537053484498
S1_260367133,1,260367133,0,1,0.449970029422198,0.246436007689297
S1_260367168,1,260367168,0,1,0.280701431387754,0.123414412889196
S1_260514362,1,260514362,0,1,1.14996686066038,1.67171811187714
S1_260514542,1,260514542,0,1,0.0297589176733816,0.0983834879852785
S1_260514599,1,260514599,0,1,0.115679911140544,0.0484906322166143
S1_260517297,1,260517297,0,1,0.359033938499001,0.359033938499001
S1_260517354,1,260517354,0,1,0.142751393490215,0.356378928408986
S1_260517356,1,260517356,0,1,0.537549366491413,0.537549366491413
S1_260521270,1,260521270,0,1,0.196294714513047,0.0204417950544583
S1_260655858,1,260655858,0,1,0.200487400154931,0.284397291427676
S1_260684354,1,260684354,0,1,0.374970469620462,0.374970469620462
S1_260771305,1,260771305,0,1,0.0733114964957934,0.0737048544705151
S1_260922317,1,260922317,0,1,0.190224825838911,0.178365071519293
S1_260923478,1,260923478,0,1,0.0658281385802034,0.222222918457277
S1_260932537,1,260932537,0,1,0.276047472705766,0.276047472705766
S1_260932566,1,260932566,0,1,0.145896354344564,0.145896354344564
S1_260938567,1,260938567,0,1,0.00954568706805805,0.0221399644217848
S1_260955530,1,260955530,0,1,0.407349718800692,0.757597489901554
S1_260956682,1,260956682,0,1,0.259812605827464,0.296497187780955
S1_260959421,1,260959421,0,1,0.104788010954974,0.058961293773484
S1_261570342,1,261570342,0,1,1.61076765961557,0.349382539017433
S1_261571302,1,261571302,0,1,0.522070756664336,0.893735515067705
S1_261571440,1,261571440,0,1,0.092800826410895,0.0251493071303906
S1_261622659,1,261622659,0,1,NA,NA
S1_261624520,1,261624520,0,1,0.302002312786213,0.302002312786213
S1_262162791,1,262162791,0,1,0.0930905551485045,0.222973915370179
S1_262162944,1,262162944,0,1,1.04873042436676,1.04873042436676
S1_262167677,1,262167677,0,1,0.0103634038813231,0.0103634038813231
S1_262167774,1,262167774,0,1,0.201704979560302,0.474658287852393
S1_262167879,1,262167879,0,1,0.501715264626577,0.0253526873021559
S1_262171620,1,262171620,0,1,0.140329604868375,0.0523865921663624
S1_262171647,1,262171647,0,1,0.288103546695068,0.222741992354733
S1_262175904,1,262175904,0,1,0.404747458982508,0.404747458982508
S1_262183867,1,262183867,0,1,0.163032470320333,0.184703208089639
S1_262184813,1,262184813,0,1,0.0478459718401077,0.0478459718401077
S1_262184960,1,262184960,0,1,0.309106207689713,0.309106207689713
S1_262184965,1,262184965,0,1,0.0552000467059187,0.0552000467059187
S1_262185008,1,262185008,0,1,0.174414908220013,0.174414908220013
S1_262185019,1,262185019,0,1,0.156404377055837,0.37257914010049
S1_262207888,1,262207888,0,1,0.453559854996362,0.770821072920332
S1_262297073,1,262297073,0,1,0.871803521256294,1.17653279647615
S1_262297255,1,262297255,0,1,0.160885068616083,0.160885068616083
S1_262322085,1,262322085,0,1,0.382766900887583,0.53050182993278
S1_262323517,1,262323517,0,1,0.129163964545919,0.0564545240397176
S1_262392259,1,262392259,0,1,0.192146771473452,0.440447157181433
S1_262392339,1,262392339,0,1,0.22092170636528,0.390575718908308
S1_262392442,1,262392442,0,1,1.08448334380065,1.2857904520921
S1_262457022,1,262457022,0,1,0.0519832147767198,0.130913966821593
S1_262459706,1,262459706,0,1,0.339468403700317,0.591184530920952
S1_262460879,1,262460879,0,1,0.486390693769584,0.205094219266884
S1_262501893,1,262501893,0,1,0.209980969982379,0.209980969982379
S1_262501899,1,262501899,0,1,0.427765137096809,0.371383586988544
S1_262501900,1,262501900,0,1,0.365608382774272,0.257882343186159
S1_262501969,1,262501969,0,1,0.529474912276354,0.529474912276354
S1_262502146,1,262502146,0,1,0.111201732795925,0.270923868059592
S1_262508818,1,262508818,0,1,0.458329221234043,0.531462164640378
S1_262512800,1,262512800,0,1,0.161726028735922,0.246680548299096
S1_262512982,1,262512982,0,1,0.0439033884642666,0.0595399277297576
S1_262513988,1,262513988,0,1,0.221557950545524,0.350851013112017
S1_262545811,1,262545811,0,1,0.0387810073180461,0.0387810073180461
S1_262545838,1,262545838,0,1,0.205374068419897,0.205374068419897
S1_262551171,1,262551171,0,1,0.682445894529938,0.8815804231497
S1_262566135,1,262566135,0,1,1.33058088908727,1.76559650911552
S1_262566164,1,262566164,0,1,0.171340907775211,0.230624735371935
S1_262566403,1,262566403,0,1,0.434131564342725,0.615525217089185
S1_262724962,1,262724962,0,1,0.365774231759143,0.707331402502691
S1_262724965,1,262724965,0,1,0.427525769544172,0.27059532063367
S1_262725009,1,262725009,0,1,1.21688783574223,0.886328450693126
S1_262811964,1,262811964,0,1,0.552557820133105,0.674614785326014
S1_262812003,1,262812003,0,1,0.264178895262517,0.369522139874193
S1_262812017,1,262812017,0,1,0.246766183369853,0.0305349063322447
S1_262890981,1,262890981,0,1,0.21252668990056,0.21252668990056
S1_262891071,1,262891071,0,1,0.2710565795596,0.0874851355349384
S1_262891075,1,262891075,0,1,0.328733232336527,0.261334051160129
S1_262891107,1,262891107,0,1,0.269484600987927,0.078872432687431
S1_262998904,1,262998904,0,1,0.263827577262047,0.476235859887835
S1_262998964,1,262998964,0,1,0.440264918566306,0.752852597518301
S1_263001656,1,263001656,0,1,0.260024193048433,0.541094041397638
S1_263001889,1,263001889,0,1,0.397749524394443,0.11575344405815
S1_263001908,1,263001908,0,1,0.0371896834200015,0.109645671058819
S1_263001916,1,263001916,0,1,1.9930136944532,1.9930136944532
S1_263124842,1,263124842,0,1,0.624568898943813,0.430207121663947
S1_263143181,1,263143181,0,1,0.322372370820585,0.0524719837845958
S1_263152528,1,263152528,0,1,0.111932146470407,0.004013767394364
S1_263152552,1,263152552,0,1,0.203191379820814,0.452048706302587
S1_263153501,1,263153501,0,1,0.462296390726893,0.462296390726893
S1_263153567,1,263153567,0,1,0.297569585062331,0.614007579923548
S1_263153818,1,263153818,0,1,1.50754496610079,1.50754496610079
S1_263198685,1,263198685,0,1,0.766797338975369,0.766797338975369
S1_263198696,1,263198696,0,1,0.842078631650839,0.905806650872962
S1_263199158,1,263199158,0,1,0.0680863495858375,0.0658601960384548
S1_263199215,1,263199215,0,1,0.220770780790033,0.220770780790033
S1_263200803,1,263200803,0,1,0.019168013317707,0.019168013317707
S1_263220364,1,263220364,0,1,0.281476063580612,0.305516829775695
S1_263223387,1,263223387,0,1,0.00443582156577794,0.0475277045410119
S1_263393868,1,263393868,0,1,0.0514968617941933,0.192667602076833
S1_263441116,1,263441116,0,1,0.781457857382532,0.781457857382532
S1_263603503,1,263603503,0,1,0.344376010370615,0.136986456546307
S1_263652143,1,263652143,0,1,1.04721241515527,1.54147367892745
S1_263652153,1,263652153,0,1,0.959806342223606,1.44921984770844
S1_263652227,1,263652227,0,1,0.675305948559209,0.927366037524885
S1_263652245,1,263652245,0,1,0.0813494924971967,0.25366585686952
S1_263731648,1,263731648,0,1,0.224000289058356,0.120100944319714
S1_263733899,1,263733899,0,1,0.113416812451104,0.113416812451104
S1_263749556,1,263749556,0,1,0.368515339678232,0.693968018268838
S1_263752961,1,263752961,0,1,0.307144585259945,0.0383408048659018
S1_263753093,1,263753093,0,1,0.696318627366556,1.13535077331066
S1_263956420,1,263956420,0,1,0.463284579055399,0.576453992448701
S1_264092427,1,264092427,0,1,0.563129533806628,0.801929887569127
S1_264102249,1,264102249,0,1,0.221315210065676,0.428915082307236
S1_264202735,1,264202735,0,1,2.10246148297339,0.809624453396687
S1_264224380,1,264224380,0,1,0.0341583482920066,0.0455840841637771
S1_264265880,1,264265880,0,1,0.326876356431565,0.572632785238625
S1_264267341,1,264267341,0,1,0.599054536165124,0.599054536165124
S1_264326273,1,264326273,0,1,0.218630138687492,0.143201741058335
S1_264498237,1,264498237,0,1,0.464071062187247,0.284407599664826
S1_264498834,1,264498834,0,1,0.0897357405893933,0.00709255022878156
S1_264509310,1,264509310,0,1,0.952991915110382,0.952991915110382
S1_264514918,1,264514918,0,1,0.0974421064929525,0.0974421064929525
S1_264515627,1,264515627,0,1,0.246058658863815,0.246058658863815
S1_264515654,1,264515654,0,1,0.0431079764165121,0.0431079764165121
S1_264515655,1,264515655,0,1,NA,NA
S1_264520320,1,264520320,0,1,0.401534683371792,0.0174205397504
S1_264529186,1,264529186,0,1,2.45750965502969,2.79725462441806
S1_264530006,1,264530006,0,1,0.612423936017716,0.554016383789236
S1_264530036,1,264530036,0,1,0.34509319241307,0.0162141424818764
S1_264530480,1,264530480,0,1,0.626318073384382,0.163636116330305
S1_264533817,1,264533817,0,1,0.370553769186004,0.676082768202522
S1_264553045,1,264553045,0,1,0.511420822069347,0.58987519603463
S1_264708575,1,264708575,0,1,0.976110022807445,1.47010940904155
S1_264759531,1,264759531,0,1,0.225973488317103,0.45090823025938
S1_264852198,1,264852198,0,1,0.190513965016921,0.11512449326714
S1_264864317,1,264864317,0,1,0.599621631719479,0.957203057490574
S1_264865597,1,264865597,0,1,0.373049888376299,0.303036153990821
S1_264866236,1,264866236,0,1,0.368069894771257,0.71455028977856
S1_264866245,1,264866245,0,1,0.324748903774195,0.655393534294244
S1_264953740,1,264953740,0,1,0.403015756387252,0.48149046968003
S1_264959998,1,264959998,0,1,1.46650092220561,0.75727872053099
S1_264960006,1,264960006,0,1,0.591296281049449,0.349972673039347
S1_264961894,1,264961894,0,1,0.478878521011931,0.223711225080546
S1_264961918,1,264961918,0,1,0.136793151957708,0.173915169259351
S1_264961931,1,264961931,0,1,0.208811289611548,0.274293782069282
S1_264986455,1,264986455,0,1,1.802999122076,1.33596130209296
S1_264986509,1,264986509,0,1,0.0106181414892006,0.0536900153985839
S1_264986516,1,264986516,0,1,0.169682536978797,0.406601865621856
S1_264986678,1,264986678,0,1,0.288182283482233,0.293656189214082
S1_264989525,1,264989525,0,1,1.57953524865534,1.45803628374386
S1_264989532,1,264989532,0,1,0.23525409291949,0.51759235633312
S1_264989536,1,264989536,0,1,0.640642614685294,0.049743318871676
S1_265169318,1,265169318,0,1,0.261775458824362,0.433021360781942
S1_265169401,1,265169401,0,1,0.752810019247354,1.09780507898614
S1_265318904,1,265318904,0,1,0.010670551286409,0.0373800633530226
S1_265318921,1,265318921,0,1,0.39653049049176,0.0694304263269081
S1_265318959,1,265318959,0,1,0.0591750374647565,0.0753124464281248
S1_265410494,1,265410494,0,1,0.647519828930902,1.02732117205879
S1_265451366,1,265451366,0,1,0.458054447525241,0.826956666495892
S1_265451461,1,265451461,0,1,0.597893782655688,0.469226285050371
S1_265451472,1,265451472,0,1,0.612122407229517,0.450162234242066
S1_265451486,1,265451486,0,1,0.148514318039278,0.343336807271155
S1_265451498,1,265451498,0,1,0.574758000398211,0.972762061121992
S1_265481580,1,265481580,0,1,0.0735590191013939,0.0735590191013939
S1_265521680,1,265521680,0,1,0.11623625215584,0.165307703939117
S1_265521696,1,265521696,0,1,0.242502748560445,0.242502748560445
S1_265592857,1,265592857,0,1,0.160754937040009,0.1124370042443
S1_265680816,1,265680816,0,1,0.932437848061364,1.08991780293273
S1_265746853,1,265746853,0,1,0.363930995585631,0.363930995585631
S1_265746911,1,265746911,0,1,0.0907427345207027,0.27629199094347
S1_265891456,1,265891456,0,1,1.19041792495863,1.19041792495863
S1_266032040,1,266032040,0,1,0.0442243270661504,0.184113340404299
S1_266032066,1,266032066,0,1,0.275678523189441,0.585200741956175
S1_266032111,1,266032111,0,1,0.228983310182395,0.467734080865127
S1_266032127,1,266032127,0,1,0.24865698462346,0.538200603658829
S1_266044177,1,266044177,0,1,0.0247903248966908,0.0546493929049916
S1_266085448,1,266085448,0,1,0.361441297754655,0.361441297754655
S1_266095785,1,266095785,0,1,0.981229974754236,0.130596474522675
S1_266158328,1,266158328,0,1,0.240502381262453,0.247230038500822
S1_266158362,1,266158362,0,1,0.719471791072797,0.740840005321466
S1_266159200,1,266159200,0,1,0.277096260904508,0.350368006850536
S1_266162765,1,266162765,0,1,0.061432184889719,0.0732673331522992
S1_266162766,1,266162766,0,1,0.00829927320119871,0.0482067355218332
S1_266162767,1,266162767,0,1,0.12964104572741,0.0806444658893977
S1_266162780,1,266162780,0,1,0.412350394422719,0.130376800232588
S1_266164748,1,266164748,0,1,0.00502620558928284,0.0439045407332914
S1_266171229,1,266171229,0,1,NA,NA
S1_266368791,1,266368791,0,1,0.167274032513964,0.167274032513964
S1_266369240,1,266369240,0,1,0.404081928327194,0.0281009020381504
S1_266369356,1,266369356,0,1,0.0744271645674987,0.109831749305016
S1_266369378,1,266369378,0,1,0.0404317979559933,0.0404317979559933
S1_266369422,1,266369422,0,1,0.105743403076439,0.300198830843184
S1_266913576,1,266913576,0,1,0.340038972620904,0.342821560303645
S1_266952147,1,266952147,0,1,0.179462143469111,0.349862799954795
S1_266952661,1,266952661,0,1,1.14391776467304,1.14391776467304
S1_266954497,1,266954497,0,1,0.0162279746604572,0.102566036096977
S1_266955181,1,266955181,0,1,0.400172238658233,0.511541940753043
S1_266956196,1,266956196,0,1,0.479744013339967,0.78951384067203
S1_266956278,1,266956278,0,1,0.797499371394164,0.797499371394164
S1_266991404,1,266991404,0,1,0.2078297006252,0.342281368503815
S1_266991444,1,266991444,0,1,0.479072124851197,0.367003393786814
S1_267004763,1,267004763,0,1,2.00413225626605,2.50493447995246
S1_267004785,1,267004785,0,1,0.320498162675869,0.376332184705253
S1_267147736,1,267147736,0,1,0.383782775135091,0.400854184453641
S1_267153407,1,267153407,0,1,0.364854954812041,0.511824090248205
S1_267153511,1,267153511,0,1,0.965201837973841,0.482327711740975
S1_267160320,1,267160320,0,1,0.0258675983996937,0.0982015962918842
S1_267162364,1,267162364,0,1,0.710232074893075,0.485528617902508
S1_267162431,1,267162431,0,1,0.512321169437207,0.624938359177307
S1_267198436,1,267198436,0,1,0.596395005156768,0.221918149247642
S1_267198718,1,267198718,0,1,0.0953400762685511,0.0953400762685511
S1_267198792,1,267198792,0,1,0.33111491168855,0.369415686033573
S1_267198831,1,267198831,0,1,0.368621526027056,0.237110059196323
S1_267198841,1,267198841,0,1,0.149308516269898,0.199589865938891
S1_267198925,1,267198925,0,1,0.476844677142385,0.394959785686503
S1_267327416,1,267327416,0,1,0.0887686609970464,0.223238879899391
S1_267328687,1,267328687,0,1,0.116295153755634,0.0153247903648478
S1_267335764,1,267335764,0,1,0.445738743044316,0.712640603927195
S1_267366204,1,267366204,0,1,0.799362559351833,0.799362559351833
S1_267366213,1,267366213,0,1,0.264332880575796,0.264332880575796
S1_267366221,1,267366221,0,1,0.260860361931595,0.260860361931595
S1_267394127,1,267394127,0,1,0.376870456205517,0.470730971919209
S1_267418750,1,267418750,0,1,0.511879170742049,0.466814748235313
S1_267418798,1,267418798,0,1,0.93122705112461,1.11809933321309
S1_267531238,1,267531238,0,1,0.0380263861605217,0.129492760830748
S1_267531250,1,267531250,0,1,0.411993212842554,0.0322028829798524
S1_267567642,1,267567642,0,1,0.0239307162255642,0.127305338588652
S1_267568323,1,267568323,0,1,0.216357428147243,0.376691594749426
S1_267783894,1,267783894,0,1,0.167597342587922,0.254980868626967
S1_267783961,1,267783961,0,1,0.489883286861706,0.489883286861706
S1_267804979,1,267804979,0,1,0.299893507683242,0.299893507683242
S1_267805029,1,267805029,0,1,0.147611974298618,0.38761061447738
S1_267867035,1,267867035,0,1,0.257059026290575,0.257059026290575
S1_267867364,1,267867364,0,1,1.04022969509788,0.226483944717396
S1_267881021,1,267881021,0,1,0.575462412450048,0.575462412450048
S1_267881022,1,267881022,0,1,0.522566153761408,0.522566153761408
S1_267891521,1,267891521,0,1,0.727861724802876,0.64115970753182
S1_267908356,1,267908356,0,1,0.0818934834786238,0.0207003747153318
S1_267908665,1,267908665,0,1,0.101026416908551,0.0707196945771862
S1_267956655,1,267956655,0,1,0.71917715602906,0.0673070036837282
S1_268152573,1,268152573,0,1,0.439815271854464,0.0597486310190311
S1_268154448,1,268154448,0,1,0.0897878901214414,0.284043943994899
S1_268158469,1,268158469,0,1,0.393960804594184,0.745136055572801
S1_268170880,1,268170880,0,1,0.187122863361233,0.187122863361233
S1_268173243,1,268173243,0,1,0.449326226871361,0.449326226871361
S1_268178020,1,268178020,0,1,0.398659523092958,0.703280337517779
S1_268252786,1,268252786,0,1,0.35719555894302,0.675281559703001
S1_268255455,1,268255455,0,1,0.223047336953532,0.427129998761599
S1_268255507,1,268255507,0,1,0.266769604852456,0.0159913196748616
S1_268256410,1,268256410,0,1,0.427411034217531,0.427411034217531
S1_268308741,1,268308741,0,1,1.24695557355805,1.54784468316949
S1_268308744,1,268308744,0,1,0.297319816972878,0.616777315121179
S1_268308779,1,268308779,0,1,0.597786851898553,1.01386937993112
S1_268309411,1,268309411,0,1,0.276203229223343,0.251552294327898
S1_268309767,1,268309767,0,1,0.276852012799758,0.330220677866692
S1_268309786,1,268309786,0,1,0.213049438915905,0.186881998558921
S1_268335761,1,268335761,0,1,0.186401434358992,0.186401434358992
S1_268335907,1,268335907,0,1,0.486476462813479,0.59885325501457
S1_268335914,1,268335914,0,1,0.552575429619344,0.129787580848183
S1_268339346,1,268339346,0,1,0.241017143367525,0.524196183066186
S1_268339442,1,268339442,0,1,0.294620826669326,0.593458436586
S1_268431189,1,268431189,0,1,0.302260502596868,0.496707008697675
S1_268431295,1,268431295,0,1,0.42196587612886,0.180776644912017
S1_268434834,1,268434834,0,1,0.0341328086847138,0.144722868819625
S1_268434937,1,268434937,0,1,1.00784344651275,1.49820968862038
S1_268435311,1,268435311,0,1,0.214005504757348,0.0131757266771487
S1_268541307,1,268541307,0,1,0.749467276795752,0.749467276795752
S1_268542658,1,268542658,0,1,0.0392921808914585,0.112162996337777
S1_268559184,1,268559184,0,1,0.09593289312342,0.295256223452761
S1_268560888,1,268560888,0,1,0.0530883104259519,0.0112481497203673
S1_268736375,1,268736375,0,1,1.15205055825367,1.59200790456955
S1_268736574,1,268736574,0,1,0.930768994260576,1.41179952665883
S1_268736655,1,268736655,0,1,0.014109664050137,0.0524487429177842
S1_268739416,1,268739416,0,1,0.0598796717997773,0.208290704435696
S1_268812983,1,268812983,0,1,0.114537749853195,0.114537749853195
S1_268812993,1,268812993,0,1,0.710708708524002,0.710708708524002
S1_268877119,1,268877119,0,1,0.101741569324769,0.206392104401271
S1_268877472,1,268877472,0,1,0.267731520520478,0.00963668160332388
S1_268877479,1,268877479,0,1,0.00238073936123162,0.00923364043562246
S1_268936464,1,268936464,0,1,0.253342286216433,0.100881125019613
S1_268937307,1,268937307,0,1,0.0228961452673277,0.0105396911048464
S1_268937377,1,268937377,0,1,0.0101097072909273,0.0225065886969797
S1_268937384,1,268937384,0,1,0.48041028635828,0.468753839534539
S1_268937405,1,268937405,0,1,2.01637684096969,2.01637684096969
S1_268940514,1,268940514,0,1,0.0309972443007967,0.0719992404721348
S1_268944122,1,268944122,0,1,0.112363823554285,0.195012069127164
S1_268950031,1,268950031,0,1,0.0237743980693125,0.120750173781363
S1_268951533,1,268951533,0,1,0.439459096526988,0.66781601197489
S1_268951623,1,268951623,0,1,0.956146618476732,1.36976422169907
S1_268952182,1,268952182,0,1,1.92891284989728,1.92891284989728
S1_268956281,1,268956281,0,1,0.106942866202955,0.223982945792896
S1_268956350,1,268956350,0,1,0.339184274737178,0.135828093647973
S1_268957740,1,268957740,0,1,0.280975519556944,0.316526763221337
S1_269023373,1,269023373,0,1,0.616826762848209,0.977621224108309
S1_269023807,1,269023807,0,1,0.198596633589527,0.0662087397204019
S1_269038066,1,269038066,0,1,0.202226127764596,0.395966580440274
S1_269038073,1,269038073,0,1,0.0229072858787181,0.0619841008229259
S1_269041664,1,269041664,0,1,0.170840559788173,0.170840559788173
S1_269041676,1,269041676,0,1,0.268911527120722,0.268911527120722
S1_269081178,1,269081178,0,1,0.518095316816909,0.719095293403054
S1_269081715,1,269081715,0,1,0.0796129551650254,0.091051664776823
S1_269110154,1,269110154,0,1,1.03680659294467,1.03680659294467
S1_269118505,1,269118505,0,1,0.0926861985937151,0.272498107858729
S1_269123705,1,269123705,0,1,1.30790231062292,1.85166810364315
S1_269123748,1,269123748,0,1,0.409337192124718,0.265687142845261
S1_269126064,1,269126064,0,1,0.526898956960311,0.492793735972487
S1_269126075,1,269126075,0,1,0.00424921074548334,0.00424921074548334
S1_269126080,1,269126080,0,1,0.521526282043006,0.484063255839949
S1_269126214,1,269126214,0,1,0.190933048650383,0.386008726587913
S1_269143017,1,269143017,0,1,0.386549691145242,0.386549691145242
S1_269143879,1,269143879,0,1,0.188246560878314,0.0926367870045002
S1_269284872,1,269284872,0,1,0.0247992771695365,0.0560386042592236
S1_269298155,1,269298155,0,1,0.0745496536777479,0.0161345008637911
S1_269302116,1,269302116,0,1,1.41159256363968,1.41159256363968
S1_269304119,1,269304119,0,1,0.237502515504435,0.158521941961798
S1_269304263,1,269304263,0,1,0.677064274347375,0.606954819854592
S1_269304383,1,269304383,0,1,0.735895193468877,0.409756639474323
S1_269304437,1,269304437,0,1,0.209520003553639,0.366603439431071
S1_269304440,1,269304440,0,1,0.641296830212822,0.351034201058932
S1_269304588,1,269304588,0,1,1.50931869691369,0.0820705994142548
S1_269304668,1,269304668,0,1,0.515007861961643,0.896264854822463
S1_269305005,1,269305005,0,1,0.77184257626196,0.765971382306762
S1_269305017,1,269305017,0,1,0.87452109498682,0.95005722035509
S1_269322794,1,269322794,0,1,0.445637888469023,0.13655303564409
S1_269328745,1,269328745,0,1,0.222444033587006,0.222444033587006
S1_269328767,1,269328767,0,1,0.196309532203514,0.196309532203514
S1_269329736,1,269329736,0,1,1.33527529814446,1.33527529814446
S1_269329745,1,269329745,0,1,0.0115313213710413,0.0115313213710413
S1_269329759,1,269329759,0,1,0.380463927616979,0.380463927616979
S1_269358690,1,269358690,0,1,0.142716144508088,0.142716144508088
S1_269358746,1,269358746,0,1,0.20670839616251,0.477035172083533
S1_269505720,1,269505720,0,1,0.388834790257478,0.621321708816662
S1_269505736,1,269505736,0,1,0.00601655277834518,0.0034779962095663
S1_269505798,1,269505798,0,1,0.816791669188258,1.27914989568473
S1_269505910,1,269505910,0,1,0.0819517695475959,0.134297276178115
S1_269521005,1,269521005,0,1,0.771726659175774,0.870680319204287
S1_269521443,1,269521443,0,1,0.907370417895344,1.38415003373596
S1_269521445,1,269521445,0,1,0.375537679827531,0.490684508435248
S1_269523744,1,269523744,0,1,0.0172391221608212,0.0753590335441373
S1_269642167,1,269642167,0,1,0.180153159311669,0.338042038262677
S1_269724606,1,269724606,0,1,0.918052408553835,0.918052408553835
S1_269932361,1,269932361,0,1,0.225015730067026,0.438384631745268
S1_269932379,1,269932379,0,1,0.177907567608703,0.42258907837087
S1_270031226,1,270031226,0,1,0.365145116031258,0.365145116031258
S1_270031241,1,270031241,0,1,0.286292979078481,0.286292979078481
S1_270031325,1,270031325,0,1,0.635886855104993,0.273754968228499
S1_270560067,1,270560067,0,1,0.766901478914403,0.438898184074516
S1_270560243,1,270560243,0,1,0.0551685140753091,0.0551685140753091
S1_270560247,1,270560247,0,1,0.189777392957738,0.379505223962608
S1_270601921,1,270601921,0,1,0.911279083427377,0.911279083427377
S1_270601995,1,270601995,0,1,0.761566950834278,0.761566950834278
S1_270668666,1,270668666,0,1,1.05399612090398,1.05399612090398
S1_270668685,1,270668685,0,1,0.794150447781091,0.794150447781091
S1_270669124,1,270669124,0,1,0.932480144588715,0.952099994667979
S1_270669296,1,270669296,0,1,0.511235196456688,0.805992142472632
S1_270670015,1,270670015,0,1,0.12556748922849,0.271458586492422
S1_270670065,1,270670065,0,1,0.503625226655603,0.667599616876621
S1_270670251,1,270670251,0,1,0.0508661444143918,0.0508661444143918
S1_270671111,1,270671111,0,1,0.258666565001715,0.258666565001747
S1_270671635,1,270671635,0,1,0.13913939231116,0.238172533432354
S1_270671637,1,270671637,0,1,0.0641280949704195,0.00281585903954101
S1_270671658,1,270671658,0,1,0.740648666148694,0.0688000417488053
S1_270672550,1,270672550,0,1,0.188237290987777,0.378437502795199
S1_270696914,1,270696914,0,1,0.216866411111933,0.454527047434225
S1_270702613,1,270702613,0,1,1.19542073050009,1.71052819486856
S1_270703042,1,270703042,0,1,0.583321286395553,0.657081185622451
S1_270832046,1,270832046,0,1,0.0440820063716434,0.165885181624501
S1_270834090,1,270834090,0,1,0.0227397977474311,0.00524373215476332
S1_270982097,1,270982097,0,1,1.83813664221398,2.05906795197045
S1_270982217,1,270982217,0,1,0.160090081867134,0.160090081867134
S1_270982623,1,270982623,0,1,0.0368479014364179,0.148195939414497
S1_270982629,1,270982629,0,1,0.223326215144184,0.301981142531231
S1_270982637,1,270982637,0,1,0.0718406548181302,0.143928801302444
S1_270982658,1,270982658,0,1,0.0802595527479215,0.195911419295399
S1_270982684,1,270982684,0,1,0.378953127097359,0.448189936865293
S1_270982689,1,270982689,0,1,0.233286665493642,0.167333277693129
S1_270982700,1,270982700,0,1,1.3080395722543,1.81867000983184
S1_270982707,1,270982707,0,1,0.166757838582788,0.392726228997539
S1_270983183,1,270983183,0,1,0.409849526904694,0.491480952145852
S1_270983230,1,270983230,0,1,0.138769410354576,0.138769410354576
S1_270984125,1,270984125,0,1,0.0651990682942487,0.0651990682942487
S1_270990044,1,270990044,0,1,0.369559237906704,0.151735872143749
S1_270990112,1,270990112,0,1,0.540139123054789,0.280797939093739
S1_271001512,1,271001512,0,1,1.1606452549028,1.60213440735495
S1_271027187,1,271027187,0,1,0.145408203771361,0.0416644691514404
S1_271027278,1,271027278,0,1,0.564348879242628,0.890627619083301
S1_271027288,1,271027288,0,1,1.11264066464662,1.11264066464662
S1_271109815,1,271109815,0,1,0.112308922947339,0.000493513540210989
S1_271110028,1,271110028,0,1,0.126104187693994,0.126717337179029
S1_271110124,1,271110124,0,1,0.35526011204833,0.695664202856992
S1_271122548,1,271122548,0,1,0.264016159866048,0.481103705121299
S1_271124815,1,271124815,0,1,0.713444076543643,0.0920652213796847
S1_271126956,1,271126956,0,1,0.927008374114757,0.927008374114757
S1_271127157,1,271127157,0,1,0.208039253818307,0.171874644033497
S1_271127770,1,271127770,0,1,1.35414173555186,0.386401453662816
S1_271128251,1,271128251,0,1,0.265985104954848,0.0548814673341346
S1_271191547,1,271191547,0,1,0.202585120311309,0.135001985629281
S1_271191552,1,271191552,0,1,0.100747325033649,0.100747325033649
S1_271191593,1,271191593,0,1,0.171289549049107,0.327439436126572
S1_271191615,1,271191615,0,1,0.41225073275069,0.65453505234659
S1_271191685,1,271191685,0,1,0.369809153170495,0.540917375324251
S1_271191830,1,271191830,0,1,0.314485434800281,0.370818335353533
S1_271275319,1,271275319,0,1,0.055423122822788,0.0594012104439125
S1_271275349,1,271275349,0,1,0.0911477126692855,0.15098559937187
S1_271311828,1,271311828,0,1,0.0190793992328927,0.113693647088474
S1_271312708,1,271312708,0,1,0.556647491746688,0.613396442218559
S1_271313261,1,271313261,0,1,0.196980997592127,0.196980997592127
S1_271314103,1,271314103,0,1,0.000371151915572818,0.000371151915572818
S1_271315149,1,271315149,0,1,0.290231239830765,0.117220968194175
S1_271315163,1,271315163,0,1,0.429844083812399,0.563637512129116
S1_271315169,1,271315169,0,1,0.402100387141065,0.520815828275739
S1_271315219,1,271315219,0,1,0.287756371455881,0.593697797774573
S1_271321690,1,271321690,0,1,0.191715359301558,0.112970230044131
S1_271333589,1,271333589,0,1,0.711672855129586,0.453510931154226
S1_271333597,1,271333597,0,1,1.23626524666917,1.15867418026195
S1_271334788,1,271334788,0,1,0.832483515892811,1.15774768495475
S1_271334793,1,271334793,0,1,0.442294941627345,0.471067023606848
S1_271334865,1,271334865,0,1,0.312492622738992,0.312492622738992
S1_271346869,1,271346869,0,1,0.377442529130269,0.0474037934944974
S1_271346882,1,271346882,0,1,0.0336578686267504,0.0322294603180526
S1_271347686,1,271347686,0,1,0.0667177806728805,0.191694525250768
S1_271347769,1,271347769,0,1,0.0512204701866955,0.173965204437231
S1_271348269,1,271348269,0,1,0.0334824493476812,0.0678459843592017
S1_271595150,1,271595150,0,1,0.265196614632934,0.300898841166396
S1_271627432,1,271627432,0,1,0.320758620573989,0.0615080779867751
S1_271627591,1,271627591,0,1,0.506942528135975,0.479471750518455
S1_271627687,1,271627687,0,1,0.105513001767027,0.0177733135007203
S1_271627705,1,271627705,0,1,0.11858245131584,0.00381575112411511
S1_271750227,1,271750227,0,1,0.59078710526913,0.955501725707275
S1_271750346,1,271750346,0,1,0.278203846804815,0.532130216248404
S1_271750856,1,271750856,0,1,0.101646181918704,0.215475547365935
S1_271750861,1,271750861,0,1,0.1121026509654,0.190629694642382
S1_271751277,1,271751277,0,1,0.0428263604471104,0.0873857465328089
S1_271761706,1,271761706,0,1,0.282397220736332,0.307615214933648
S1_271762600,1,271762600,0,1,1.23380503940607,1.7086516492758
S1_271762602,1,271762602,0,1,0.214356163483067,0.214356163483067
S1_271762641,1,271762641,0,1,0.55006469248994,0.942627029682793
S1_271764010,1,271764010,0,1,0.514133566872635,0.553095790989349
S1_271764033,1,271764033,0,1,0.00444471750061168,0.0501022668860281
S1_271764055,1,271764055,0,1,0.248033466771466,0.0874955412579004
S1_271764060,1,271764060,0,1,0.451007216072304,0.670695460777133
S1_271768436,1,271768436,0,1,0.282028388748853,0.282028388748853
S1_271903087,1,271903087,0,1,0.0549397215037329,0.145066847628175
S1_271903421,1,271903421,0,1,0.306726779002784,0.0931236379348621
S1_271912219,1,271912219,0,1,1.10907627094376,1.46848784042284
S1_271912224,1,271912224,0,1,0.276791787337385,0.0739472925838536
S1_271912359,1,271912359,0,1,0.203328782538982,0.203328782538982
S1_271913722,1,271913722,0,1,0.032927780138538,0.0483476791178982
S1_271971986,1,271971986,0,1,0.828831679231543,1.05502675140706
S1_271983711,1,271983711,0,1,1.09371515398759,1.09371515398759
S1_272219066,1,272219066,0,1,0.529865589088684,0.529865589088684
S1_272219305,1,272219305,0,1,0.197017390865772,0.448063039364819
S1_272220624,1,272220624,0,1,0.22908533255445,0.22908533255445
S1_272220662,1,272220662,0,1,1.04761439553725,1.04761439553725
S1_272221063,1,272221063,0,1,0.0994747818255025,0.130092448146461
S1_272257128,1,272257128,0,1,0.159463606240903,0.391753385799628
S1_272257176,1,272257176,0,1,0.0403687609836874,0.169008256713822
S1_272337225,1,272337225,0,1,0.149760350731337,0.355901245679009
S1_272338781,1,272338781,0,1,1.0149039739676,1.34671190748368
S1_272338796,1,272338796,0,1,2.42144735452331,3.00085802389246
S1_272341452,1,272341452,0,1,0.658718981368874,0.658718981368874
S1_272344699,1,272344699,0,1,1.41318153912744,1.41641870485663
S1_272348203,1,272348203,0,1,0.170413333380569,0.0310981574885081
S1_272349078,1,272349078,0,1,0.652282650975399,0.652282650975399
S1_272349227,1,272349227,0,1,0.315845409602643,0.40093900048112
S1_272349270,1,272349270,0,1,2.59214063558449,3.12547877898939
S1_272349353,1,272349353,0,1,2.06531660170144,1.97042423564689
S1_272352521,1,272352521,0,1,2.36204708017177,2.98203821496244
S1_272352525,1,272352525,0,1,2.64750666555909,3.29568245312434
S1_272352981,1,272352981,0,1,0.820642829523706,0.743351377701431
S1_272353028,1,272353028,0,1,0.438934819590082,0.438934819590082
S1_272353030,1,272353030,0,1,0.509225624352079,0.169296207700414
S1_272353034,1,272353034,0,1,0.551420550180887,0.245397298933202
S1_272440742,1,272440742,0,1,0.711188566330587,0.0102820897986314
S1_272440791,1,272440791,0,1,0.657620849271403,0.569733393935659
S1_272440895,1,272440895,0,1,1.30369055300754,1.53946484061939
S1_272440918,1,272440918,0,1,0.515403141228386,0.515403141228386
S1_272440919,1,272440919,0,1,0.231775663081135,0.521102881281289
S1_272441027,1,272441027,0,1,0.520591807863796,0.546932079023836
S1_272441038,1,272441038,0,1,0.0839861068550141,0.0941068493395903
S1_272441040,1,272441040,0,1,0.812601903555851,0.520574162144355
S1_272441045,1,272441045,0,1,0.0809283240527862,0.00693672268580435
S1_272441661,1,272441661,0,1,0.291025392004894,0.595566936707028
S1_272441696,1,272441696,0,1,0.986910481923002,1.15879930401208
S1_272452285,1,272452285,0,1,0.695675674967411,0.905915793148889
S1_272456114,1,272456114,0,1,0.0741756647448215,0.171107955699216
S1_272555764,1,272555764,0,1,0.156375923961041,0.156375923961041
S1_272576070,1,272576070,0,1,0.276927215515126,0.28187346334357
S1_272576164,1,272576164,0,1,0.745527115113899,0.745527115113899
S1_272702626,1,272702626,0,1,0.350630952576802,0.350630952576802
S1_272830222,1,272830222,0,1,1.14653533508714,0.213669182966272
S1_272830287,1,272830287,0,1,0.365139030129211,0.365139030129211
S1_272830294,1,272830294,0,1,0.712995521847263,0.195438112147795
S1_272832737,1,272832737,0,1,0.211553935430484,0.0192794697375465
S1_272832745,1,272832745,0,1,0.224704658516771,0.149695662779594
S1_272832816,1,272832816,0,1,1.0315381583138,1.01377158051916
S1_272833015,1,272833015,0,1,0.264982472217048,0.0466583956958063
S1_272833341,1,272833341,0,1,0.126512349458031,0.35159181235445
S1_272838933,1,272838933,0,1,0.197656582956935,0.134935678008637
S1_272838943,1,272838943,0,1,0.146590008768936,0.375427543766294
S1_272839444,1,272839444,0,1,0.308487804137238,0.585333998886543
S1_272839639,1,272839639,0,1,0.407288770318629,0.693361527633013
S1_272874787,1,272874787,0,1,0.37253788799372,0.57949515046668
S1_272940170,1,272940170,0,1,0.184691891245425,0.377508802051661
S1_272940442,1,272940442,0,1,0.205495288103641,0.114316040482196
S1_272940459,1,272940459,0,1,0.405496582264108,0.478213405073799
S1_273036141,1,273036141,0,1,0.0406535823331914,0.0406535823331914
S1_273036160,1,273036160,0,1,0.0136264296626379,0.0136264296626379
S1_273036215,1,273036215,0,1,1.36548909808901,1.02857880038328
S1_273097386,1,273097386,0,1,0.0594662985688117,0.108233824089204
S1_273097554,1,273097554,0,1,0.136403466902412,0.0927326449304792
S1_273098217,1,273098217,0,1,0.0576243972116155,0.0576243972116155
S1_273099504,1,273099504,0,1,0.444501005515538,0.62870338355167
S1_273099681,1,273099681,0,1,0.769539183831126,0.769539183831126
S1_273099719,1,273099719,0,1,0.927497440846044,1.22329334991493
S1_273100062,1,273100062,0,1,0.0587204762522123,0.0810336602099413
S1_273100086,1,273100086,0,1,0.226958861527366,0.325357979217941
S1_273100131,1,273100131,0,1,0.45950097919259,0.0129572908198946
S1_273100164,1,273100164,0,1,0.044540716427947,0.044540716427947
S1_273100200,1,273100200,0,1,0.0806117081498959,0.120185960604405
S1_273100261,1,273100261,0,1,0.36587371689488,0.652856587657181
S1_273100749,1,273100749,0,1,0.803712663220768,1.13540552321576
S1_273101244,1,273101244,0,1,0.193371912365379,0.356248582532897
S1_273101251,1,273101251,0,1,0.335817721911109,0.563082914024775
S1_273101305,1,273101305,0,1,0.0418838995907945,0.15430794525555
S1_273101889,1,273101889,0,1,0.912754539442099,0.164992775481252
S1_273228195,1,273228195,0,1,1.07868645077753,0.280878709171538
S1_273233022,1,273233022,0,1,0.262552369228822,0.565157307295503
S1_273233027,1,273233027,0,1,0.766633599639561,0.766633599639561
S1_273233299,1,273233299,0,1,0.620194903132529,0.641308965799209
S1_273233338,1,273233338,0,1,0.0367717807817218,0.0512125087461156
S1_273233339,1,273233339,0,1,0.040688067229587,0.0682380628009663
S1_273281596,1,273281596,0,1,0.0436287367465231,0.137266614176155
S1_273281607,1,273281607,0,1,0.132527811985628,0.314870229553073
S1_273299045,1,273299045,0,1,0.123941286475749,0.201190347574805
S1_273299097,1,273299097,0,1,0.249746061119218,0.222021617025675
S1_273299112,1,273299112,0,1,0.0244010788692549,0.0610818585675407
S1_273305618,1,273305618,0,1,0.166209481994141,0.0866032216577978
S1_273309218,1,273309218,0,1,0.0628724345902467,0.025173183775351
S1_273309252,1,273309252,0,1,0.547430975338902,0.510338363207332
S1_273326952,1,273326952,0,1,0.230794461489234,0.239957448987853
S1_273327030,1,273327030,0,1,0.0571671307908775,0.158136095757344
S1_273327186,1,273327186,0,1,0.302044931182505,0.302044931182505
S1_273330092,1,273330092,0,1,0.181491854127975,0.181491854127975
S1_273335933,1,273335933,0,1,0.182332645849009,0.182332645849009
S1_273336360,1,273336360,0,1,1.21182258214006,1.61169504444128
S1_273336453,1,273336453,0,1,0.0179322760903175,0.0179322760903175
S1_273371612,1,273371612,0,1,0.03304922491843,0.113028965263859
S1_273376741,1,273376741,0,1,0.300425399381244,0.0486171523889831
S1_273376805,1,273376805,0,1,0.0518092585922363,0.156785507428795
S1_273445693,1,273445693,0,1,0.32278792790293,0.590118633268779
S1_273445809,1,273445809,0,1,0.33600956478,0.170183343955612
S1_273677662,1,273677662,0,1,0.248866066922124,0.208560520056992
S1_273677663,1,273677663,0,1,0.242438264931738,0.0236807136597761
S1_273692661,1,273692661,0,1,0.240464313332425,0.0238422930557428
S1_273692681,1,273692681,0,1,0.240885642210339,0.00824959507364453
S1_273695655,1,273695655,0,1,0.417493726787217,0.417493726787217
S1_273695662,1,273695662,0,1,0.540933192004686,0.540933192004686
S1_273696827,1,273696827,0,1,0.225381413677885,0.466343026829177
S1_273704125,1,273704125,0,1,0.154771961494422,0.210502061390766
S1_273704126,1,273704126,0,1,0.0316558631133759,0.153062347885597
S1_273779529,1,273779529,0,1,0.0680846749209477,0.0776354287402044
S1_273779542,1,273779542,0,1,0.0703633147416839,0.0839200576323026
S1_273786262,1,273786262,0,1,0.0820943494903763,0.0819229189170878
S1_273786332,1,273786332,0,1,0.441426048515765,0.25836132664395
S1_273786447,1,273786447,0,1,0.232013114526343,0.468561881087439
S1_273849592,1,273849592,0,1,0.247066951189523,0.30431237356731
S1_273849712,1,273849712,0,1,0.66099537878685,0.545322964798439
S1_273867084,1,273867084,0,1,1.62002305337729,0.350233418325883
S1_273871549,1,273871549,0,1,2.90691501419216,2.10261914827644
S1_273871603,1,273871603,0,1,0.293754819832032,0.604264766979357
S1_273871623,1,273871623,0,1,0.0603049887676292,0.208876964829188
S1_273898880,1,273898880,0,1,0.290458206278438,0.00401707857095524
S1_274237192,1,274237192,0,1,0.103234355370785,0.0939943104528507
S1_274249197,1,274249197,0,1,0.60158254307256,0.60158254307256
S1_274249234,1,274249234,0,1,0.712549837893825,1.03820488076537
S1_274252238,1,274252238,0,1,0.438931085097558,0.438931085097558
S1_274257290,1,274257290,0,1,NA,NA
S1_274407341,1,274407341,0,1,0.169980745878943,0.420080431264065
S1_274407699,1,274407699,0,1,0.0323556998312177,0.129225421514966
S1_274408965,1,274408965,0,1,0.0557021258968162,0.0733067441753048
S1_274409118,1,274409118,0,1,0.502452348591875,0.616295765253699
S1_274409168,1,274409168,0,1,0.36554021841695,0.652271878507654
S1_274409368,1,274409368,0,1,0.616513452503723,0.563381348410925
S1_274409606,1,274409606,0,1,0.0253597566014869,0.111248585962693
S1_274410341,1,274410341,0,1,0.171421106241283,0.411917897130095
S1_274410509,1,274410509,0,1,0.11478891685852,0.301642097964744
S1_274415501,1,274415501,0,1,0.317643803666658,0.577443223323963
S1_274415516,1,274415516,0,1,0.211279868735808,0.397144756989371
S1_274482280,1,274482280,0,1,NA,NA
S1_274494342,1,274494342,0,1,0.276379146035203,0.134053822887473
S1_274494346,1,274494346,0,1,0.202782391134359,0.202782391134359
S1_274494348,1,274494348,0,1,0.272852403839071,0.176291656474509
S1_274498404,1,274498404,0,1,0.645464523400858,0.124758652953786
S1_274530310,1,274530310,0,1,0.314720962193207,0.064096120031878
S1_274678413,1,274678413,0,1,2.47447230324335,2.39792679365363
S1_274678420,1,274678420,0,1,1.80636104718536,1.80636104718536
S1_274716256,1,274716256,0,1,0.302158072794204,0.302158072794204
S1_274716704,1,274716704,0,1,0.345137704854631,0.0394691758076749
S1_274716707,1,274716707,0,1,0.148497589666455,0.360153121017664
S1_274716708,1,274716708,0,1,3.75363592506912,3.75363592506912
S1_274718534,1,274718534,0,1,0.0517309486521231,0.0174687312537124
S1_274718694,1,274718694,0,1,0.657418762254034,0.957653133903693
S1_274723740,1,274723740,0,1,0.281790774663502,0.526794244560715
S1_274726446,1,274726446,0,1,0.769954339785121,0.0865079107575794
S1_274734962,1,274734962,0,1,0.37286806017983,0.193603680775478
S1_274734999,1,274734999,0,1,0.0538352566140534,0.147720875193231
S1_274853298,1,274853298,0,1,0.0656801108608575,0.213121327843148
S1_274853327,1,274853327,0,1,0.581820752508082,0.630863678688991
S1_274880461,1,274880461,0,1,0.112372182090206,0.201716464169817
S1_274880478,1,274880478,0,1,0.161047122658572,0.219368777933563
S1_274880479,1,274880479,0,1,0.029412298202473,0.104588748032712
S1_274881483,1,274881483,0,1,0.366867775528308,0.200954093291696
S1_274881521,1,274881521,0,1,0.336284451374242,0.0976945537506831
S1_274881534,1,274881534,0,1,0.31558390572656,0.139448498771148
S1_274881849,1,274881849,0,1,0.0166505457216044,0.0892067782802551
S1_274882058,1,274882058,0,1,0.977735196149425,1.42043954563205
S1_274941689,1,274941689,0,1,0.565314342137515,0.149574224034093
S1_274942241,1,274942241,0,1,0.85820539659079,1.18690864190236
S1_274943874,1,274943874,0,1,0.126843787508662,0.351280502261418
S1_274944051,1,274944051,0,1,1.09998217638042,1.61405875525576
S1_274944119,1,274944119,0,1,0.0836855820274143,0.137964598704064
S1_274944166,1,274944166,0,1,0.116382337183356,0.116382337183356
S1_274946433,1,274946433,0,1,0.183091568369737,0.0796701178245088
S1_274949607,1,274949607,0,1,0.216205433000701,0.342471915184506
S1_274950976,1,274950976,0,1,0.832280997288816,0.111670741856316
S1_274982683,1,274982683,0,1,0.0881621573313454,0.171050286486795
S1_274991212,1,274991212,0,1,0.566025581731739,0.793775173677666
S1_274991268,1,274991268,0,1,0.574967781438074,0.953270882956031
S1_275027239,1,275027239,0,1,0.236206151357058,0.469485753083697
S1_275027631,1,275027631,0,1,0.202312224704943,0.0765599004152209
S1_275027635,1,275027635,0,1,0.206957828440956,0.0928296689978736
S1_275027693,1,275027693,0,1,0.148233129341592,0.321336533224357
S1_275033578,1,275033578,0,1,0.207782256007252,0.238985553250097
S1_275033725,1,275033725,0,1,0.416367864427103,0.416367864427103
S1_275033764,1,275033764,0,1,0.260476759550241,0.240573614534349
S1_275143848,1,275143848,0,1,0.230554944373844,0.184716907192259
S1_275224320,1,275224320,0,1,0.29428672745867,0.595300879724184
S1_275224350,1,275224350,0,1,0.170313028959726,0.0467374005572558
S1_275249380,1,275249380,0,1,0.089076109280491,0.0502853222374449
S1_275256681,1,275256681,0,1,0.663232456547892,1.00819854178985
S1_275263332,1,275263332,0,1,0.0796202889418167,0.256912641054304
S1_275263368,1,275263368,0,1,1.24768572403661,0.576407862707873
S1_275263813,1,275263813,0,1,0.36145569287151,0.0660934336000339
S1_275382135,1,275382135,0,1,0.168374768328443,0.325004621422031
S1_275382254,1,275382254,0,1,1.54486438042078,1.56411277449636
S1_275382262,1,275382262,0,1,0.93783435435916,0.982683968365321
S1_275382271,1,275382271,0,1,1.47813480466939,1.4037303283374
S1_275470664,1,275470664,0,1,0.101080918044773,0.00796216660399433
S1_275628994,1,275628994,0,1,0.490757785491791,0.817523988941347
S1_275629512,1,275629512,0,1,0.122142200858029,0.259098740743787
S1_275646939,1,275646939,0,1,0.235660527480647,0.523580332685938
S1_275647011,1,275647011,0,1,0.0126881463453668,0.0126881463453668
S1_275668926,1,275668926,0,1,0.0973440830197301,0.0973440830197301
S1_275669144,1,275669144,0,1,0.322476329272564,0.611076263485757
S1_275673950,1,275673950,0,1,0.31326745261203,0.0596890315698564
S1_275673962,1,275673962,0,1,0.0130434785467703,0.0130434785467703
S1_275681608,1,275681608,0,1,0.621244260215925,0.621244260215925
S1_275682069,1,275682069,0,1,0.339151279820508,0.339151279820508
S1_275687906,1,275687906,0,1,0.00910363822904655,0.00273821640373742
S1_275690558,1,275690558,0,1,0.394123106063886,0.242438679620166
S1_275690564,1,275690564,0,1,0.272669196241474,0.344732713786549
S1_275691507,1,275691507,0,1,0.103782040246946,0.176928676384094
S1_275693645,1,275693645,0,1,0.346032382829747,0.390750706219298
S1_275693747,1,275693747,0,1,1.13416027018638,0.641184675392916
S1_275693754,1,275693754,0,1,0.0626915685607494,0.0676667530105655
S1_275693774,1,275693774,0,1,0.73426587418805,0.906552971533598
S1_275703716,1,275703716,0,1,0.358236763195773,0.448333179297958
S1_275703751,1,275703751,0,1,0.708423475441076,1.15054658679279
S1_275703761,1,275703761,0,1,0.449115380551254,0.593460602799995
S1_275765937,1,275765937,0,1,0.217103521704938,0.0761346074782796
S1_275767814,1,275767814,0,1,0.232147956258753,0.49776776600694
S1_275767853,1,275767853,0,1,0.809061609546999,0.464640658948771
S1_275767886,1,275767886,0,1,0.143701021487022,0.143701021487022
S1_275767912,1,275767912,0,1,0.292708875809106,0.0932228711600291
S1_275770491,1,275770491,0,1,0.0670792342033317,0.0670792342033317
S1_275770513,1,275770513,0,1,0.0597565101824337,0.0597565101824337
S1_275772395,1,275772395,0,1,0.541853915582366,0.525786819006829
S1_275772396,1,275772396,0,1,0.499683618759868,0.040403200988362
S1_275772400,1,275772400,0,1,1.41020261211314,0.300086302447227
S1_275772495,1,275772495,0,1,0.249615169108127,0.455247252664107
S1_275772543,1,275772543,0,1,0.265265466940596,0.265265466940596
S1_275776514,1,275776514,0,1,0.356709350497217,0.179045227571513
S1_275867070,1,275867070,0,1,0.904507821960359,0.655608572759885
S1_275867515,1,275867515,0,1,0.00312682588196866,0.0206614486479305
S1_275867550,1,275867550,0,1,0.759883808533452,0.461866502563196
S1_275867554,1,275867554,0,1,0.0824408518559462,0.15047507274222
S1_275974589,1,275974589,0,1,0.242570061326179,0.53439857324739
S1_275975549,1,275975549,0,1,1.68405467676875,0.113103526478758
S1_275977048,1,275977048,0,1,0.387293292601203,0.387293292601203
S1_275984187,1,275984187,0,1,0.270090355655143,0.38321104113102
S1_276072186,1,276072186,0,1,0.051187869104675,0.152360882673723
S1_276072210,1,276072210,0,1,1.15234888383884,0.0858169935746205
S1_276072234,1,276072234,0,1,0.477188986808452,0.477188986808452
S1_276119307,1,276119307,0,1,0.0588332999029063,0.0235963742549655
S1_276119427,1,276119427,0,1,0.100268985907069,0.2019409798369
S1_276119789,1,276119789,0,1,0.350679887451813,0.350720812613417
S1_276119926,1,276119926,0,1,0.373305236086415,0.113974024549775
S1_276120043,1,276120043,0,1,0.135675653940881,0.01972672989558
S1_276120108,1,276120108,0,1,0.0206537730772092,0.0583873757279297
S1_276208513,1,276208513,0,1,0.537785614986811,0.47478290756363
S1_276208724,1,276208724,0,1,0.141571633029318,0.376818485322064
S1_276208737,1,276208737,0,1,1.28054463262964,1.28054463262964
S1_276208816,1,276208816,0,1,0.46450243978247,0.661610009382953
S1_276209518,1,276209518,0,1,1.57815572826283,1.90645057946574
S1_276209536,1,276209536,0,1,1.72274353719315,2.066002521845
S1_276254040,1,276254040,0,1,0.111574947256018,0.160150050540836
S1_276254196,1,276254196,0,1,0.953973245480668,1.33647195736586
S1_276254970,1,276254970,0,1,0.235270714242406,0.13286132017115
S1_276286941,1,276286941,0,1,0.649270248947728,1.07805334906784
S1_276286966,1,276286966,0,1,0.478499245705142,0.852101294892827
S1_276302187,1,276302187,0,1,0.0528325172337951,0.0202104544407215
S1_276302564,1,276302564,0,1,0.26631981920001,0.29088854556831
S1_276304694,1,276304694,0,1,0.17891467820295,0.0919561079632107
S1_276306202,1,276306202,0,1,0.319244587398606,0.157240296895525
S1_276306264,1,276306264,0,1,0.819325610280934,0.644359750508801
S1_276306279,1,276306279,0,1,0.966153403647776,0.85408364551998
S1_276307489,1,276307489,0,1,0.419297890089944,0.419297890089944
S1_276308273,1,276308273,0,1,0.0335513108372294,0.0896967911423279
S1_276308306,1,276308306,0,1,0.0247579578843322,0.129469473118623
S1_276309363,1,276309363,0,1,0.241196839899902,0.483417059937243
S1_276324381,1,276324381,0,1,0.397975715309986,0.696889317868618
S1_276324391,1,276324391,0,1,0.255440142876437,0.370949710008713
S1_276324432,1,276324432,0,1,0.266790606314458,0.390723956055672
S1_276324436,1,276324436,0,1,0.320589789092583,0.53348427324644
S1_276324836,1,276324836,0,1,0.173723941914137,0.368698438431258
S1_276324881,1,276324881,0,1,0.771775115682162,0.440329939588159
S1_276325129,1,276325129,0,1,0.237358149594091,0.300046889800921
S1_276325192,1,276325192,0,1,0.453620150256761,0.453620150256761
S1_276325745,1,276325745,0,1,0.398662101309419,0.701527776123968
S1_276325754,1,276325754,0,1,0.0410427289253256,0.130576536857413
S1_276328023,1,276328023,0,1,0.781356558457649,0.736790723096256
S1_276361427,1,276361427,0,1,0.986376263116897,0.982000156796998
S1_276361593,1,276361593,0,1,0.0258353183271847,0.0569855101669494
S1_276361699,1,276361699,0,1,0.67558058930379,1.07622603127964
S1_276361705,1,276361705,0,1,0.800722021506676,1.05097687267804
S1_276416985,1,276416985,0,1,0.264039789762711,0.264039789762711
S1_276417068,1,276417068,0,1,0.0254800910845513,0.120190207192562
S1_276436919,1,276436919,0,1,0.320360123330854,0.156180112040736
S1_276436961,1,276436961,0,1,0.382241029394638,0.216394014674329
S1_276533792,1,276533792,0,1,0.575119561874269,0.879272974823254
S1_276534520,1,276534520,0,1,0.175732033342509,0.042751206746085
S1_276534542,1,276534542,0,1,0.0847767457623083,0.235046379355059
S1_276537265,1,276537265,0,1,0.512563871616583,0.15306505905336
S1_276537319,1,276537319,0,1,0.121579408142569,0.121579408142569
S1_276538078,1,276538078,0,1,0.361678700850422,0.401454253053416
S1_276539461,1,276539461,0,1,0.114789977353316,0.0704319993064206
S1_276673874,1,276673874,0,1,0.329569389353809,0.417605354912917
S1_276680456,1,276680456,0,1,0.159096597550056,0.263369623202405
S1_276680516,1,276680516,0,1,0.173497965464645,0.342135328848281
S1_276681208,1,276681208,0,1,0.593930948606471,0.13459582060814
S1_276681382,1,276681382,0,1,1.03858152304628,1.13355749757462
S1_276681730,1,276681730,0,1,0.0318891320650964,0.134242709797132
S1_276682713,1,276682713,0,1,0.114798780235175,0.209515782147965
S1_276682714,1,276682714,0,1,0.145592314423738,0.145592314423738
S1_276683144,1,276683144,0,1,0.0552917037625937,0.132486054609832
S1_276683280,1,276683280,0,1,0.0864320582686691,0.277494884424603
S1_276683319,1,276683319,0,1,0.342719540243416,0.65454424680257
S1_276683440,1,276683440,0,1,0.39608366726174,0.639819995021587
S1_276690412,1,276690412,0,1,0.837489636382242,0.630809831699974
S1_276690482,1,276690482,0,1,0.483261399527131,0.861558679435366
S1_276690567,1,276690567,0,1,0.50638783283328,0.876587666484857
S1_276691710,1,276691710,0,1,0.307018654844858,0.290217660418573
S1_276691715,1,276691715,0,1,0.191191742267994,0.440108929509774
S1_276695882,1,276695882,0,1,0.773788915700336,0.103441309975458
S1_276695919,1,276695919,0,1,1.03535793816538,0.666427164120668
S1_276695941,1,276695941,0,1,0.826516657126289,0.64182498878007
S1_276695945,1,276695945,0,1,0.637849509997551,0.249900876445595
S1_276696010,1,276696010,0,1,0.95353313295389,1.07124617230661
S1_276696599,1,276696599,0,1,0.149266570692679,0.208875275852806
S1_276696638,1,276696638,0,1,0.345158083478492,0.681807327286141
S1_276700638,1,276700638,0,1,0.614621199737239,0.876163496047332
S1_276702622,1,276702622,0,1,1.01187191207157,1.50536722589819
S1_276817167,1,276817167,0,1,0.184453609287479,0.196029735815667
S1_276817725,1,276817725,0,1,0.463621487401515,0.463621487401515
S1_276818314,1,276818314,0,1,0.0747044310102035,0.248476768913261
S1_276985041,1,276985041,0,1,0.272680204961533,0.506508053130604
S1_276987537,1,276987537,0,1,0.0258693037974427,0.0678210855390519
S1_276988916,1,276988916,0,1,0.429330137125034,0.390079752611164
S1_276988928,1,276988928,0,1,0.446134827766749,0.419782668929122
S1_276989107,1,276989107,0,1,0.439359250210308,0.0419332113946605
S1_276989122,1,276989122,0,1,0.362864649872818,0.0564278250390934
S1_276989464,1,276989464,0,1,0.762811235227426,0.00619980384297847
S1_276991222,1,276991222,0,1,0.530293690258606,0.530997640717365
S1_276991306,1,276991306,0,1,0.246949708527205,0.32132171954416
S1_276991720,1,276991720,0,1,0.407945529120498,0.407945529120498
S1_276993053,1,276993053,0,1,0.0109741637681986,0.0156134363728657
S1_276993089,1,276993089,0,1,0.383153523944266,0.461927657272204
S1_276997339,1,276997339,0,1,0.942600024376969,0.0668244035149538
S1_277018531,1,277018531,0,1,0.159907990643999,0.373901197285176
S1_277018538,1,277018538,0,1,0.234550311136201,0.48234235589781
S1_277019068,1,277019068,0,1,0.445637312738339,0.445637312738339
S1_277140658,1,277140658,0,1,0.265562797987871,0.0143193990840342
S1_277140686,1,277140686,0,1,0.29476629188351,0.29476629188351
S1_277142969,1,277142969,0,1,0.792489243332481,0.80971690077
S1_277148720,1,277148720,0,1,0.413269532173876,0.413269532173876
S1_277149918,1,277149918,0,1,0.156748076132936,0.104406192103927
S1_277149956,1,277149956,0,1,0.21050405761645,0.12032519019387
S1_277151565,1,277151565,0,1,0.0843211814563303,0.26517898938925
S1_277151571,1,277151571,0,1,0.024291190538101,0.0399524297025775
S1_277151604,1,277151604,0,1,0.487304184798047,0.00339438180534531
S1_277213929,1,277213929,0,1,1.51153702450658,1.51153702450658
S1_277232177,1,277232177,0,1,0.753008547580632,1.11247910599714
S1_277233434,1,277233434,0,1,1.04224108767315,1.20625381729689
S1_277310809,1,277310809,0,1,0.691217419757991,0.369685125981172
S1_277310813,1,277310813,0,1,1.00780190153562,0.561068295010903
S1_277310887,1,277310887,0,1,0.251126924570484,0.495783807059708
S1_277348267,1,277348267,0,1,0.0440890647540198,0.0440890647540198
S1_277348289,1,277348289,0,1,1.17238632641962,0.0668675192527981
S1_277349217,1,277349217,0,1,0.358745782454545,0.358745782454545
S1_277375928,1,277375928,0,1,0.294063517662791,0.437462177385177
S1_277376081,1,277376081,0,1,0.421613261973751,0.421613261973751
S1_277377842,1,277377842,0,1,0.0893315868021773,0.26260566284292
S1_277383262,1,277383262,0,1,0.000741198092322183,0.0205010216475014
S1_277584990,1,277584990,0,1,0.667804673209161,0.667804673209161
S1_277739570,1,277739570,0,1,0.444079561785202,0.444079561785202
S1_277842879,1,277842879,0,1,0.51901156343663,0.406183877934342
S1_277844260,1,277844260,0,1,0.0818486117701214,0.264223025196494
S1_277844272,1,277844272,0,1,0.349535280315028,0.579013172132933
S1_277844336,1,277844336,0,1,0.10541058188848,0.224397464224381
S1_277844338,1,277844338,0,1,0.104872116515752,0.129873266655838
S1_277844369,1,277844369,0,1,0.737318759051729,0.174196513425963
S1_277844686,1,277844686,0,1,0.271598865537702,0.271598865537702
S1_277845035,1,277845035,0,1,0.0962900395614467,0.296027826941402
S1_277846432,1,277846432,0,1,0.00854051099261848,0.0664855591508694
S1_277846449,1,277846449,0,1,0.0649949850168172,0.110492953330237
S1_277846453,1,277846453,0,1,0.543137265418428,0.93931942460507
S1_277849997,1,277849997,0,1,0.498550065934266,0.469400453460425
S1_277850003,1,277850003,0,1,0.381090433973498,0.381090433973498
S1_277852469,1,277852469,0,1,0.529232817878306,0.529232817878306
S1_277934544,1,277934544,0,1,0.645713901002265,1.0365629653533
S1_277936253,1,277936253,0,1,0.418912727831522,0.366208868911356
S1_277936262,1,277936262,0,1,0.869576693881828,1.07381543120258
S1_278026019,1,278026019,0,1,0.674115926754725,0.773675557908159
S1_278034226,1,278034226,0,1,0.0294484732082269,0.0818479087151198
S1_278034239,1,278034239,0,1,0.726810331981269,1.12768720504754
S1_278034264,1,278034264,0,1,1.61298000120996,1.15129609386412
S1_278034277,1,278034277,0,1,0.475115729545796,0.829617887637246
S1_278034389,1,278034389,0,1,1.16867356483994,1.58128863594463
S1_278034451,1,278034451,0,1,0.190805604018935,0.160952928208164
S1_278042665,1,278042665,0,1,0.145067832494415,0.250138225401729
S1_278042747,1,278042747,0,1,0.182899960921333,0.0738389998991651
S1_278049081,1,278049081,0,1,0.456940101437548,0.530658242644731
S1_278050464,1,278050464,0,1,0.930752931384939,0.578480619594186
S1_278050487,1,278050487,0,1,0.68550376131127,0.658846848689777
S1_278053822,1,278053822,0,1,0.117110728879236,0.0433610150946924
S1_278131948,1,278131948,0,1,0.418711103063389,0.302817160522687
S1_278163319,1,278163319,0,1,0.416094259247853,0.280812919445416
S1_278188320,1,278188320,0,1,0.478630359139367,0.478630359139367
S1_278192675,1,278192675,0,1,0.17694580363533,0.199710625425637
S1_278192837,1,278192837,0,1,0.391385777590147,0.746173194892026
S1_278352686,1,278352686,0,1,0.397301653690349,0.221164754377423
S1_278352719,1,278352719,0,1,0.807452186346643,0.463160705745363
S1_278353028,1,278353028,0,1,0.523393950851616,0.439875872719541
S1_278353058,1,278353058,0,1,0.11326926125632,0.237637646556009
S1_278353067,1,278353067,0,1,0.221623624415832,0.435998764421063
S1_278353217,1,278353217,0,1,0.282270912528752,0.0787712125188858
S1_278357272,1,278357272,0,1,0.709348964105624,0.0269379908842831
S1_278359053,1,278359053,0,1,0.142150749495223,0.218809080722829
S1_278359173,1,278359173,0,1,0.185481270788815,0.373526833208148
S1_278359301,1,278359301,0,1,0.550875814618818,0.513982620291815
S1_278448135,1,278448135,0,1,0.713191075276379,0.73096673480512
S1_278448252,1,278448252,0,1,0.0584142031122686,0.0584142031122686
S1_278451254,1,278451254,0,1,0.407539444761618,0.164111506601282
S1_278451270,1,278451270,0,1,0.531095549466101,0.285877270768096
S1_278451721,1,278451721,0,1,0.414190812753846,0.648562397089105
S1_278451722,1,278451722,0,1,0.546979430181787,0.856462560609617
S1_278451739,1,278451739,0,1,0.414934516264637,0.708862895210324
S1_278451745,1,278451745,0,1,0.50665041638676,0.712582454290239
S1_278451898,1,278451898,0,1,0.258283490959244,0.307973601161554
S1_278504680,1,278504680,0,1,0.247520272041625,0.187974068293401
S1_278509240,1,278509240,0,1,0.276534910919133,0.343318934290736
S1_278509307,1,278509307,0,1,0.261722894293231,0.261722894293231
S1_278516080,1,278516080,0,1,1.18286966691093,0.5004259881146
S1_278516115,1,278516115,0,1,0.525126260837026,0.753410702493983
S1_278516224,1,278516224,0,1,0.668859112155927,0.697318996030767
S1_278604619,1,278604619,0,1,0.29896376216943,0.601612139220215
S1_278604666,1,278604666,0,1,0.499995155732573,0.713664805442955
S1_278604708,1,278604708,0,1,0.778403763782749,0.0467092574860041
S1_278604713,1,278604713,0,1,0.361029178948747,0.669474738533651
S1_278604738,1,278604738,0,1,0.508944444937545,0.00211437005233095
S1_278604796,1,278604796,0,1,0.228808898724531,0.508508322023292
S1_278604881,1,278604881,0,1,0.312398400534982,0.586762135488393
S1_278605273,1,278605273,0,1,0.184425780627722,0.184425780627722
S1_278606295,1,278606295,0,1,0.0307526777389773,0.0307526777389773
S1_278606311,1,278606311,0,1,0.77003853426788,0.937841237951342
S1_278606317,1,278606317,0,1,0.0651666421389257,0.0352458016954664
S1_278608113,1,278608113,0,1,0.671894984012718,0.533711315310187
S1_278608172,1,278608172,0,1,0.554160119903846,0.126023453249547
S1_278648945,1,278648945,0,1,0.253400852814054,0.0522522356522427
S1_278648980,1,278648980,0,1,0.598635444819249,0.128136214452162
S1_278649933,1,278649933,0,1,0.370077975772953,0.126299198037014
S1_278649949,1,278649949,0,1,0.0163099778153921,0.0362537148278384
S1_278649996,1,278649996,0,1,0.242138616948073,0.00224994024991358
S1_278650092,1,278650092,0,1,0.458722989230487,0.458722989230487
S1_278651623,1,278651623,0,1,1.24674579098905,1.24674579098905
S1_278651728,1,278651728,0,1,0.322897396473798,0.322897396473798
S1_278664227,1,278664227,0,1,0.287988826312475,0.331833624350374
S1_278664228,1,278664228,0,1,0.0452581762171032,0.122015436876067
S1_278664279,1,278664279,0,1,0.211261029910846,0.282642950873634
S1_278711905,1,278711905,0,1,0.0774639581916137,0.246048197801188
S1_278712170,1,278712170,0,1,0.608225590682197,0.51721871086132
S1_278712195,1,278712195,0,1,0.464490044541478,0.129460328286628
S1_278712827,1,278712827,0,1,0.190732496157265,0.410514154846471
S1_278713530,1,278713530,0,1,0.143707392197782,0.143707392197782
S1_278713872,1,278713872,0,1,0.105927744592172,0.103347123534555
S1_278837916,1,278837916,0,1,0.911178047201516,0.615581112038032
S1_278837919,1,278837919,0,1,0.347841168652416,0.19972179819446
S1_278909038,1,278909038,0,1,0.3112625603733,0.0361449485867428
S1_278909244,1,278909244,0,1,0.046747964377036,0.151636619018987
S1_278909292,1,278909292,0,1,0.326173033836918,0.0460721931687643
S1_278992439,1,278992439,0,1,0.0901237020560898,0.228220455897992
S1_279066728,1,279066728,0,1,0.0799887212981703,0.222504929149558
S1_279066755,1,279066755,0,1,0.285464856227672,0.465549924022698
S1_279068428,1,279068428,0,1,0.311773329270524,0.311773329270524
S1_279116721,1,279116721,0,1,0.536869771723931,0.72440775454329
S1_279120169,1,279120169,0,1,0.890588654233883,0.326575721067001
S1_279120220,1,279120220,0,1,0.672967669369557,0.40565570540208
S1_279120228,1,279120228,0,1,0.265219355574687,0.303522602438121
S1_279120251,1,279120251,0,1,0.132768847418066,0.354520860498615
S1_279120269,1,279120269,0,1,0.00143067292652982,0.00143067292652982
S1_279123485,1,279123485,0,1,0.105311750159941,0.214553398592636
S1_279123515,1,279123515,0,1,0.0576246075099063,0.00771335479802888
S1_279124714,1,279124714,0,1,0.154059782991623,0.293039241909189
S1_279126368,1,279126368,0,1,0.18378079547183,0.338299396594108
S1_279128024,1,279128024,0,1,0.314599478877302,0.0641635238320823
S1_279134089,1,279134089,0,1,0.140253295676581,0.140253295676581
S1_279134098,1,279134098,0,1,0.387435812290782,0.387435812290782
S1_279135657,1,279135657,0,1,0.249424917484728,0.348955283155895
S1_279135665,1,279135665,0,1,1.13751808042983,1.64685007316534
S1_279135672,1,279135672,0,1,0.181644791627776,0.201699215120266
S1_279136422,1,279136422,0,1,0.560449111999491,0.390507059945887
S1_279156239,1,279156239,0,1,0.49773143298308,0.0745350322461806
S1_279187357,1,279187357,0,1,0.513608299131913,0.688694836410905
S1_279188004,1,279188004,0,1,0.181716887813752,0.237008842460125
S1_279188776,1,279188776,0,1,0.533290021556426,0.372604218436178
S1_279424101,1,279424101,0,1,0.165963307625583,0.134431849943259
S1_279424222,1,279424222,0,1,0.572714739063656,0.381949389525714
S1_279475479,1,279475479,0,1,0.440808374322026,0.808883317430958
S1_279475950,1,279475950,0,1,0.0662661178414479,0.201883167125334
S1_279481630,1,279481630,0,1,0.260203148726221,0.260203148726221
S1_279481634,1,279481634,0,1,1.17503183809305,1.17503183809305
S1_279481635,1,279481635,0,1,0.87813633859645,0.87813633859645
S1_279481654,1,279481654,0,1,0.605160649425477,0.605160649425477
S1_279523134,1,279523134,0,1,0.59704073729152,0.578869876305708
S1_279559211,1,279559211,0,1,0.373994548474814,0.27362942304837
S1_279560115,1,279560115,0,1,0.319189457705003,0.199405102124206
S1_279565922,1,279565922,0,1,0.580348428646047,0.245097775582733
S1_279565959,1,279565959,0,1,0.465629034524696,0.839613043805897
S1_279566135,1,279566135,0,1,0.266304833102248,0.448434696156497
S1_279566359,1,279566359,0,1,0.762670926432225,0.741861912658037
S1_279566361,1,279566361,0,1,0.866322730839943,0.59313257257399
S1_279567524,1,279567524,0,1,0.0548079354517668,0.160408546904331
S1_279567700,1,279567700,0,1,0.32080751114513,0.180621039364968
S1_279567733,1,279567733,0,1,0.0940198185415551,0.0940198185415551
S1_279571268,1,279571268,0,1,0.133017009188129,0.133017009188129
S1_279571646,1,279571646,0,1,0.0303539658892684,0.145039182865518
S1_279571691,1,279571691,0,1,0.0560985680261148,0.045351461253335
S1_279571700,1,279571700,0,1,0.61621896576151,0.990908490164846
S1_279581501,1,279581501,0,1,0.860862430187169,1.18280232973585
S1_279581857,1,279581857,0,1,0.22248992571163,0.400238349409583
S1_279581871,1,279581871,0,1,0.192602581845647,0.359176069869916
S1_279581880,1,279581880,0,1,0.212451267189871,0.391797851164802
S1_279582320,1,279582320,0,1,0.527325753660993,0.71145969096505
S1_279582360,1,279582360,0,1,0.352385362903459,0.245401120220807
S1_279620734,1,279620734,0,1,0.306718803140615,0.461804902790169
S1_279651053,1,279651053,0,1,1.55230458692974,1.55230458692974
S1_279679161,1,279679161,0,1,0.183411415236386,0.183411415236386
S1_279679274,1,279679274,0,1,0.936822795089002,1.40692773105182
S1_279679305,1,279679305,0,1,0.554796744866331,0.247215297082398
S1_279681131,1,279681131,0,1,0.166979397075222,0.373743176185668
S1_279764688,1,279764688,0,1,1.06275603760814,1.03513366210302
S1_279771877,1,279771877,0,1,0.714459204150777,0.714459204150777
S1_279773521,1,279773521,0,1,1.0729088163155,1.15281820913768
S1_279877931,1,279877931,0,1,0.689116115899878,0.899447760055623
S1_279877932,1,279877932,0,1,0.401425063145737,0.401425063145737
S1_279878158,1,279878158,0,1,0.114703814378704,0.185325253241967
S1_279897806,1,279897806,0,1,0.232512735372407,0.405645945975522
S1_279897826,1,279897826,0,1,0.274575091254649,0.097128775216517
S1_279899068,1,279899068,0,1,0.0206623319408261,0.112225152642706
S1_279899137,1,279899137,0,1,0.485955872029518,0.848858170238099
S1_279899158,1,279899158,0,1,0.199140416180025,0.171446571281009
S1_279901234,1,279901234,0,1,0.084471636508419,0.137896474216039
S1_279911744,1,279911744,0,1,2.08690687469457,2.65812154339995
S1_279911751,1,279911751,0,1,0.971420658321391,0.971420658321391
S1_279911782,1,279911782,0,1,0.355857811023655,0.355857811023655
S1_279913003,1,279913003,0,1,0.201764727075372,0.201764727075372
S1_279913054,1,279913054,0,1,0.280812604377254,0.280812604377254
S1_279913462,1,279913462,0,1,0.361162371726337,0.694599078886281
S1_279913529,1,279913529,0,1,0.800362354624445,0.522924381917468
S1_279914349,1,279914349,0,1,0.248626454070032,0.248626454070032
S1_279925844,1,279925844,0,1,0.0140290328783886,0.0935012451498222
S1_280090381,1,280090381,0,1,0.32421126931966,0.19117860017103
S1_280090433,1,280090433,0,1,0.640996542075826,0.108899954148296
S1_280209824,1,280209824,0,1,0.146880062558023,0.19735503197755
S1_280217903,1,280217903,0,1,0.123757731045212,0.254800599309087
S1_280218032,1,280218032,0,1,0.2313543179088,0.389947568731254
S1_280219279,1,280219279,0,1,0.256931850094899,0.316734200987827
S1_280219775,1,280219775,0,1,0.0308980356837189,0.142723375687796
S1_280219792,1,280219792,0,1,0.185949883736618,0.0709750213371347
S1_280219859,1,280219859,0,1,0.0394060366008166,0.170264178926181
S1_280222332,1,280222332,0,1,0.169778765913048,0.1471372788082
S1_280344199,1,280344199,0,1,0.203909964135045,0.0389522856358862
S1_280344385,1,280344385,0,1,0.144364022923742,0.375773022643894
S1_280344387,1,280344387,0,1,0.00904050040070574,0.00431149553628093
S1_280344519,1,280344519,0,1,0.231712099924544,0.151585352049151
S1_280344722,1,280344722,0,1,0.214853501753639,0.410417528827722
S1_280345464,1,280345464,0,1,0.444218940412795,0.397225709652827
S1_280345492,1,280345492,0,1,0.347118466947185,0.202886396685843
S1_280346153,1,280346153,0,1,0.35916883466304,0.265241400954886
S1_280379056,1,280379056,0,1,0.527309424105782,0.402276243062751
S1_280381400,1,280381400,0,1,0.244971981434474,0.536621498812751
S1_280381472,1,280381472,0,1,0.216861655832926,0.402920098203357
S1_280493018,1,280493018,0,1,0.487260838802058,0.280415994484158
S1_280504627,1,280504627,0,1,0.492224223145791,0.00761821333976094
S1_280504672,1,280504672,0,1,0.474943990049502,0.660607155858388
S1_280572100,1,280572100,0,1,0.0583342758097631,0.0728708987670221
S1_280579303,1,280579303,0,1,0.149634853519922,0.356940146120701
S1_280579674,1,280579674,0,1,0.361798928804451,0.229678468487579
S1_280581648,1,280581648,0,1,0.074093839528849,0.074093839528849
S1_280581658,1,280581658,0,1,0.0723932565188301,0.243703583359448
S1_280582706,1,280582706,0,1,0.849957845176889,1.13723117679739
S1_280685497,1,280685497,0,1,0.330103253742555,0.569361970476585
S1_280685915,1,280685915,0,1,0.428969555984324,0.738401740689453
S1_280712571,1,280712571,0,1,0.040855180052727,0.040855180052727
S1_280712587,1,280712587,0,1,0.0427066712795185,0.0465167286062731
S1_280715302,1,280715302,0,1,1.18567429533652,1.38793718267473
S1_280716031,1,280716031,0,1,0.0456621729996211,0.0456621729996211
S1_280716033,1,280716033,0,1,0.127254560959357,0.118449636436086
S1_280716205,1,280716205,0,1,0.085724221188349,0.272109972082644
S1_280750675,1,280750675,0,1,0.532098874412224,0.897336614197184
S1_280776837,1,280776837,0,1,0.459289110974842,0.673410537598521
S1_280776858,1,280776858,0,1,0.31150454588335,0.431021918254427
S1_280776880,1,280776880,0,1,0.323395064791014,0.538211130227813
S1_280776886,1,280776886,0,1,0.468305110977442,0.713585589613007
S1_280776889,1,280776889,0,1,0.313873758768365,0.353733262028437
S1_280826208,1,280826208,0,1,1.2344906872331,0.910613153039801
S1_280826252,1,280826252,0,1,0.409243123062732,0.205180303665683
S1_280826332,1,280826332,0,1,0.633457453352991,0.311222396740748
S1_280826341,1,280826341,0,1,0.411044195834244,0.200710670645962
S1_280826383,1,280826383,0,1,0.064020745218885,0.230444983340976
S1_280829506,1,280829506,0,1,1.52933310962658,0.136423903887428
S1_280829516,1,280829516,0,1,0.0151936892532363,0.0815691827508061
S1_280829561,1,280829561,0,1,0.477908155075362,0.24476386592449
S1_280829589,1,280829589,0,1,0.155509288321767,0.366980439395737
S1_280829626,1,280829626,0,1,0.842421604034675,0.71096947226993
S1_280829920,1,280829920,0,1,0.16930133278482,0.0381780125412062
S1_280852889,1,280852889,0,1,0.340985809364925,0.677925974279501
S1_280852912,1,280852912,0,1,0.0732914345508226,0.249895004941844
S1_280852944,1,280852944,0,1,0.39434772181144,0.62219476346521
S1_280852998,1,280852998,0,1,0.0604351898721013,0.131882519650024
S1_280853004,1,280853004,0,1,0.147009949021745,0.341692769786618
S1_280853029,1,280853029,0,1,0.255105424518425,0.168601641188346
S1_280977304,1,280977304,0,1,0.709374215086614,0.323659622042085
S1_280977319,1,280977319,0,1,0.771814141357369,0.80367977152846
S1_280977339,1,280977339,0,1,0.786301511763647,0.384210418239239
S1_280977734,1,280977734,0,1,0.194139789077421,0.194139789077421
S1_280977791,1,280977791,0,1,0.449757109717807,0.449757109717807
S1_280977792,1,280977792,0,1,0.246510039795446,0.246510039795446
S1_280978152,1,280978152,0,1,0.163228979264183,0.413883903142298
S1_280978212,1,280978212,0,1,0.4093415239475,0.573716014361341
S1_280978247,1,280978247,0,1,0.324880449780853,0.43951012295807
S1_280981183,1,280981183,0,1,0.114028213761742,0.172151431287469
S1_281023644,1,281023644,0,1,0.131438498204547,0.22400236755969
S1_281065174,1,281065174,0,1,0.311392964665666,0.421612268994324
S1_281065274,1,281065274,0,1,0.454839364325285,0.326884319058514
S1_281065292,1,281065292,0,1,0.675194678940447,0.262502556689665
S1_281069009,1,281069009,0,1,0.0704299576665213,0.0449732088023677
S1_281069227,1,281069227,0,1,1.62281776850773,2.08918889673962
S1_281069364,1,281069364,0,1,0.285503564431293,0.0728207426472748
S1_281069408,1,281069408,0,1,1.38070171752248,1.87755872043436
S1_281069714,1,281069714,0,1,1.86537057535861,1.86537057535861
S1_281069730,1,281069730,0,1,0.739406205406987,0.739406205406987
S1_281071143,1,281071143,0,1,0.150748781374498,0.256881463641371
S1_281071191,1,281071191,0,1,0.149814276194179,0.363325931139048
S1_281071242,1,281071242,0,1,0.0584766247599859,0.0054839496092261
S1_281071314,1,281071314,0,1,0.679911668612016,1.06097404615773
S1_281071342,1,281071342,0,1,0.270247460340773,0.501327011133698
S1_281071509,1,281071509,0,1,0.0750298383573407,0.109507838149896
S1_281100712,1,281100712,0,1,0.631548052218789,0.711790979506839
S1_281100715,1,281100715,0,1,1.64777356588189,1.90123493981348
S1_281100720,1,281100720,0,1,0.385218216440527,0.378196561061133
S1_281100727,1,281100727,0,1,0.559667752169592,0.629032825297214
S1_281100749,1,281100749,0,1,0.390620553136448,0.361722486748876
S1_281100767,1,281100767,0,1,0.789554696126213,0.908714254892019
S1_281101690,1,281101690,0,1,0.392373207309416,0.174247106711449
S1_281102330,1,281102330,0,1,0.349725972157414,0.069413676729782
S1_281161117,1,281161117,0,1,0.232399188276934,0.487292540084909
S1_281162335,1,281162335,0,1,0.927638594651515,0.882386416129639
S1_281164025,1,281164025,0,1,0.217257807184504,0.00708101371046577
S1_281164046,1,281164046,0,1,0.0871063902600124,0.109297495176222
S1_281165244,1,281165244,0,1,1.66455428598811,1.25116431630713
S1_281165260,1,281165260,0,1,0.310668329763469,0.312293144839422
S1_281166032,1,281166032,0,1,0.148708890163884,0.265801917103502
S1_281166038,1,281166038,0,1,0.347097649880274,0.337576857056843
S1_281168603,1,281168603,0,1,0.575050183246652,0.950373066938179
S1_281168774,1,281168774,0,1,0.416360885134515,0.205810343999161
S1_281168851,1,281168851,0,1,0.0516085852452921,0.203650263508308
S1_281168865,1,281168865,0,1,0.221862299062354,0.370403457952898
S1_281168922,1,281168922,0,1,0.0652395257745039,0.0356999306339735
S1_281168954,1,281168954,0,1,0.116301579756482,0.0227933930645186
S1_281169012,1,281169012,0,1,0.270318298641988,0.185258142475778
S1_281204000,1,281204000,0,1,0.288990226834404,0.448104219457295
S1_281276916,1,281276916,0,1,0.254474458366158,0.254474458366158
S1_281330934,1,281330934,0,1,1.08661637601298,1.54593382481172
S1_281333891,1,281333891,0,1,0.21341976920908,0.21341976920908
S1_281334041,1,281334041,0,1,0.47746477638292,0.47746477638292
S1_281334077,1,281334077,0,1,0.299703550499637,0.299703550499637
S1_281334188,1,281334188,0,1,0.619764112128678,0.835849952919198
S1_281334197,1,281334197,0,1,0.270951484103419,0.385695054064697
S1_281334214,1,281334214,0,1,0.132032488494739,0.345525127683202
S1_281334240,1,281334240,0,1,0.00646565557574777,0.000995917397129917
S1_281334363,1,281334363,0,1,0.27069334579484,0.251390025447708
S1_281334400,1,281334400,0,1,0.642689792403456,0.790743535924543
S1_281524995,1,281524995,0,1,0.134867619099168,0.299172245644942
S1_281525031,1,281525031,0,1,0.0455533478129859,0.0254560344163345
S1_281632527,1,281632527,0,1,0.476690020111213,0.841358887870553
S1_281632530,1,281632530,0,1,0.575795770491385,0.569300498386312
S1_281632544,1,281632544,0,1,1.90364986479665,2.50655349639157
S1_281633471,1,281633471,0,1,0.492918010333692,0.476750496073122
S1_281633519,1,281633519,0,1,0.351595166494509,0.631117876436079
S1_281633775,1,281633775,0,1,0.176460457270884,0.109080741412633
S1_281635555,1,281635555,0,1,1.46978566294323,1.46978566294323
S1_281635605,1,281635605,0,1,0.185088830924384,0.0404944671611115
S1_281635738,1,281635738,0,1,0.618187518249159,0.806557668560012
S1_281635811,1,281635811,0,1,0.0230768882706594,0.0747049736889542
S1_281642601,1,281642601,0,1,1.03717721993616,1.4294952098639
S1_281642617,1,281642617,0,1,0.525338521243683,0.902649517512342
S1_281642659,1,281642659,0,1,0.285780627338713,0.0512689274191346
S1_281642745,1,281642745,0,1,1.12053813013793,1.12053813013793
S1_281642764,1,281642764,0,1,0.0621619207257036,0.179961343730277
S1_281644063,1,281644063,0,1,0.922448255230283,1.34200298684008
S1_281644189,1,281644189,0,1,0.267766541414458,0.514727092370363
S1_281644478,1,281644478,0,1,0.517353401066858,0.517353401066858
S1_281644502,1,281644502,0,1,0.0626290741754297,0.0626290741754297
S1_281645003,1,281645003,0,1,0.0950828176798862,0.0409506221933174
S1_281645006,1,281645006,0,1,1.90651897413653,1.90651897413653
S1_281647251,1,281647251,0,1,1.54842052933764,1.4810891826437
S1_281647407,1,281647407,0,1,0.357086026859294,0.669261528912849
S1_281648306,1,281648306,0,1,0.0435508710537197,0.00127660167670011
S1_281661703,1,281661703,0,1,0.463759586018951,0.842614005186683
S1_281661704,1,281661704,0,1,0.0122180670861319,0.0224193539398337
S1_281662068,1,281662068,0,1,0.047941526126551,0.0439103180326033
S1_281662077,1,281662077,0,1,0.671761085572946,0.916014170186609
S1_281662614,1,281662614,0,1,1.05862154586574,0.7688689221206
S1_281662749,1,281662749,0,1,0.201432125059627,0.114116035175353
S1_281663050,1,281663050,0,1,0.0301282053082899,0.099815896011064
S1_281663143,1,281663143,0,1,0.205639307179745,0.423465648099937
S1_281663597,1,281663597,0,1,0.309026169547415,0.309026169547415
S1_281700866,1,281700866,0,1,0.371789684117227,0.504265997383938
S1_281701806,1,281701806,0,1,0.827887737676409,1.24653945514038
S1_281701956,1,281701956,0,1,0.495237756843279,0.565533256876353
S1_281701959,1,281701959,0,1,1.25479909502837,1.23150705386144
S1_281701974,1,281701974,0,1,0.0317782062269258,0.0398995300552001
S1_281706875,1,281706875,0,1,0.556302878956334,0.568059765945792
S1_281706892,1,281706892,0,1,0.220173346230003,0.500748923409532
S1_281706929,1,281706929,0,1,0.246839175866848,0.474244979022498
S1_281708720,1,281708720,0,1,0.17757670500081,0.393797468511578
S1_281708987,1,281708987,0,1,0.342005873553325,0.183861567811469
S1_281709239,1,281709239,0,1,0.0942689849452124,0.258894028769814
S1_281864742,1,281864742,0,1,0.524051053850341,0.9197157406665
S1_281864855,1,281864855,0,1,0.28648901223735,0.217301854493003
S1_281865064,1,281865064,0,1,0.024132607282657,0.024132607282657
S1_281889087,1,281889087,0,1,0.230713033311374,0.32989062507882
S1_281898674,1,281898674,0,1,0.00174949576726796,0.00174949576726796
S1_281898716,1,281898716,0,1,1.03796027366543,1.38199051508689
S1_281898778,1,281898778,0,1,0.223712984388733,0.223712984388733
S1_281908353,1,281908353,0,1,0.494280950291886,0.0936589685305717
S1_281908384,1,281908384,0,1,0.138872560619155,0.361952274106494
S1_281908385,1,281908385,0,1,0.416123217293694,0.516610500807307
S1_281908434,1,281908434,0,1,0.807893913692962,0.160472390849086
S1_281910213,1,281910213,0,1,0.0582539361094165,0.20271829771327
S1_281910285,1,281910285,0,1,0.540284608962714,0.618786195988734
S1_281910294,1,281910294,0,1,1.0037005994408,1.07081172967252
S1_281912257,1,281912257,0,1,0.202897245230432,0.397990232330803
S1_281941239,1,281941239,0,1,0.147802752570723,0.341460241118716
S1_281950662,1,281950662,0,1,0.135952397285686,0.194465940111259
S1_281952874,1,281952874,0,1,0.0408811935492668,0.15753419864128
S1_282409602,1,282409602,0,1,0.791710713066734,0.420015312774391
S1_282441161,1,282441161,0,1,0.0518034730589076,0.0518034730589076
S1_282461440,1,282461440,0,1,0.0259968442364062,0.120790936247905
S1_282462456,1,282462456,0,1,0.0327814586994424,0.0611419356876414
S1_282462486,1,282462486,0,1,0.74873472767466,0.716040497316883
S1_282462525,1,282462525,0,1,0.266595133668015,0.0256886116643643
S1_282462848,1,282462848,0,1,0.248558187101451,0.111619441683564
S1_282469576,1,282469576,0,1,0.120172537346788,0.0720622859777195
S1_282469608,1,282469608,0,1,0.157332640544587,0.366517920870728
S1_282469619,1,282469619,0,1,0.0911247785176434,0.275765213213172
S1_282469621,1,282469621,0,1,0.0318096137366482,0.153749548992383
S1_282471390,1,282471390,0,1,0.262419222992445,0.262419222992445
S1_282473188,1,282473188,0,1,0.256483805440515,0.292548137422448
S1_282473230,1,282473230,0,1,0.0147294916903828,0.098554673018987
S1_282527860,1,282527860,0,1,0.256977588813008,0.45808169558115
S1_282528657,1,282528657,0,1,0.0186659349561435,0.060153115582001
S1_282528892,1,282528892,0,1,0.223218677025754,0.218874852606743
S1_282528903,1,282528903,0,1,0.614838987576477,0.0150322648144225
S1_282529705,1,282529705,0,1,0.0955081477735887,0.203308450103579
S1_282530820,1,282530820,0,1,0.602972879658632,0.24258154760992
S1_282531014,1,282531014,0,1,0.38899554842407,0.635922301058362
S1_282539467,1,282539467,0,1,0.493931686527248,0.493931686527248
S1_282539608,1,282539608,0,1,0.439992954289618,0.439992954289618
S1_282539680,1,282539680,0,1,0.898544843204423,1.3117971521094
S1_282539743,1,282539743,0,1,0.316632911138657,0.644042222971084
S1_282539765,1,282539765,0,1,0.71687971328898,1.03243443309559
S1_282540602,1,282540602,0,1,0.612635382143506,0.919018170651178
S1_282540661,1,282540661,0,1,0.468275641863123,0.755878089815688
S1_282552081,1,282552081,0,1,0.517902513290204,0.890406365508727
S1_282668100,1,282668100,0,1,0.369618349535207,0.714791162054808
S1_282674311,1,282674311,0,1,0.378594345199073,0.378594345199073
S1_282742555,1,282742555,0,1,0.144900838526857,0.270728927535456
S1_282742640,1,282742640,0,1,0.0281354658054622,0.0281354658054622
S1_282742736,1,282742736,0,1,0.535930775343394,0.415090272116054
S1_282742756,1,282742756,0,1,0.414216972936201,0.217499236580697
S1_282742769,1,282742769,0,1,0.346744849095273,0.0636702887236741
S1_282745010,1,282745010,0,1,0.12050983862697,0.0255556267376988
S1_282745085,1,282745085,0,1,0.15828427966726,0.342879141903246
S1_282745180,1,282745180,0,1,0.137117285314563,0.17807864404473
S1_282745436,1,282745436,0,1,0.271350932962329,0.00630084845662063
S1_282745438,1,282745438,0,1,0.423359793968755,0.67632024914174
S1_282745512,1,282745512,0,1,0.00115214118722099,0.00754543770582101
S1_282745514,1,282745514,0,1,0.252229160366793,0.19427625169628
S1_282745591,1,282745591,0,1,0.908362340413126,1.04901603147286
S1_282748665,1,282748665,0,1,0.0539393025891502,0.118854483904243
S1_282788325,1,282788325,0,1,0.206216656082622,0.229262617123593
S1_282788428,1,282788428,0,1,0.155809957294267,0.0394140226506533
S1_282788482,1,282788482,0,1,0.0848963127414264,0.273803584335719
S1_282788536,1,282788536,0,1,0.0361534090651663,0.069360608019681
S1_282788573,1,282788573,0,1,0.513341797485962,0.682512924524109
S1_282788632,1,282788632,0,1,0.176794267576269,0.176794267576269
S1_282794636,1,282794636,0,1,0.213140816743697,0.346442093967809
S1_282871553,1,282871553,0,1,0.025491892581775,0.130641705935185
S1_282871648,1,282871648,0,1,0.30456719665433,0.0940646277621452
S1_282896099,1,282896099,0,1,0.329443181818852,0.54279805944157
S1_282897691,1,282897691,0,1,0.0188633217375025,0.111664206999278
S1_282897697,1,282897697,0,1,0.0738153098043459,0.151645860836579
S1_282897737,1,282897737,0,1,0.630378786855432,1.02255368137831
S1_282897738,1,282897738,0,1,0.128356453239462,0.128356453239462
S1_282898784,1,282898784,0,1,0.0907541918222403,0.285963523064148
S1_282898788,1,282898788,0,1,0.346229031766696,0.248675711004298
S1_282898807,1,282898807,0,1,0.118905784822276,0.223271479693507
S1_282899897,1,282899897,0,1,0.174504891005962,0.314352869284157
S1_282899915,1,282899915,0,1,0.21180449969307,0.436258346330989
S1_282901564,1,282901564,0,1,0.0969625687381177,0.151927270030275
S1_282901586,1,282901586,0,1,0.01237557847797,0.01237557847797
S1_282902826,1,282902826,0,1,0.93127253099404,1.12445151421671
S1_283088851,1,283088851,0,1,0.359595242082507,0.440259262765357
S1_283088875,1,283088875,0,1,0.489620278444905,0.226141146091057
S1_283088922,1,283088922,0,1,0.382475166537044,0.546186134456619
S1_283088923,1,283088923,0,1,0.286192382192127,0.362120876980995
S1_283088995,1,283088995,0,1,0.218787754913387,0.444743854904655
S1_283090865,1,283090865,0,1,0.00590528227936866,0.00590528227936866
S1_283090877,1,283090877,0,1,0.393104896821704,0.393104896821704
S1_283186611,1,283186611,0,1,0.366723328495908,0.0387260269109115
S1_283186617,1,283186617,0,1,0.326563097693694,0.445813499591983
S1_283188479,1,283188479,0,1,0.111412896276453,0.111412896276453
S1_283191802,1,283191802,0,1,0.166635277805689,0.419214265212882
S1_283191907,1,283191907,0,1,0.32928283641925,0.496672645074921
S1_283191931,1,283191931,0,1,0.194982883622941,0.262056019149055
S1_283191945,1,283191945,0,1,0.0407553532261369,0.15499013065355
S1_283191966,1,283191966,0,1,0.113867192687691,0.00801510581872889
S1_283192396,1,283192396,0,1,0.0107759699731535,0.0604596379827293
S1_283192448,1,283192448,0,1,0.00772960027264596,0.0424318668149971
S1_283196392,1,283196392,0,1,0.0101866106665434,0.0101866106665434
S1_283196423,1,283196423,0,1,0.224978787333254,0.509717396843344
S1_283196424,1,283196424,0,1,0.483905353473055,0.22941890698924
S1_283196440,1,283196440,0,1,0.135086216446089,0.235248651362671
S1_283196460,1,283196460,0,1,0.00605931812630517,0.0381339720035981
S1_283197119,1,283197119,0,1,1.02894931386001,1.17230074564804
S1_283197150,1,283197150,0,1,0.367748356487432,0.601088525985183
S1_283206914,1,283206914,0,1,0.0149773391618269,0.0724742065154613
S1_283206926,1,283206926,0,1,0.23358427829567,0.255739068518203
S1_283206962,1,283206962,0,1,0.237513728565019,0.447635725798443
S1_283207055,1,283207055,0,1,0.30258752369424,0.623114346441475
S1_283237844,1,283237844,0,1,0.510697490767172,0.618507456239452
S1_283249840,1,283249840,0,1,0.268834507732665,0.268834507732665
S1_283249841,1,283249841,0,1,0.850297562559812,0.850297562559812
S1_283251492,1,283251492,0,1,0.59965494467133,0.72326601808084
S1_283251542,1,283251542,0,1,0.102998783027233,0.0652387353614547
S1_283251590,1,283251590,0,1,0.268292389550045,0.268292389550045
S1_283251697,1,283251697,0,1,0.88481455120548,1.25257094156425
S1_283253289,1,283253289,0,1,0.155600707507314,0.401285312088913
S1_283253302,1,283253302,0,1,0.154644389700924,0.257197632610055
S1_283253338,1,283253338,0,1,0.013223220073868,0.0358831983749959
S1_283309858,1,283309858,0,1,0.387391555817701,0.387391555817701
S1_283310829,1,283310829,0,1,0.13635958834837,0.0987168623857935
S1_283310922,1,283310922,0,1,0.110214779302096,0.0412016867481778
S1_283324662,1,283324662,0,1,0.334607293756578,0.621921855536184
S1_283431481,1,283431481,0,1,0.20649548735948,0.0164696116923328
S1_283431600,1,283431600,0,1,0.0999466651779017,0.0816315107128176
S1_283530576,1,283530576,0,1,0.748130168077717,0.163127593538311
S1_283531733,1,283531733,0,1,0.901619631766747,0.901619631766747
S1_283531738,1,283531738,0,1,0.807683467735099,0.807683467735099
S1_283531754,1,283531754,0,1,0.255751137921727,0.255751137921727
S1_283581512,1,283581512,0,1,0.309903009055645,0.104079673338579
S1_283581516,1,283581516,0,1,0.335285713707045,0.191685830266241
S1_283600409,1,283600409,0,1,0.572594502558159,0.572594502558159
S1_283601860,1,283601860,0,1,0.26682924167992,0.00690614651258406
S1_283602673,1,283602673,0,1,0.481744596185956,0.515513537250151
S1_283603151,1,283603151,0,1,0.102643721187542,0.242666601886015
S1_283603157,1,283603157,0,1,1.36834208468276,0.483378018290036
S1_283603947,1,283603947,0,1,0.547286259467579,0.121744591092533
S1_283604214,1,283604214,0,1,1.07987497860895,0.69047852207837
S1_283604318,1,283604318,0,1,0.198690312030137,0.466010139794371
S1_283604352,1,283604352,0,1,0.153140467720614,0.390381255572952
S1_283640642,1,283640642,0,1,1.00436411152775,0.811381777025166
S1_283640674,1,283640674,0,1,0.0996913536188095,0.302473076201255
S1_283640754,1,283640754,0,1,0.13498148188343,0.228321965918243
S1_283640764,1,283640764,0,1,0.305787305489538,0.381110462123061
S1_283763587,1,283763587,0,1,0.206419011902636,0.472080985964557
S1_283763662,1,283763662,0,1,0.13900911631746,0.231052615590331
S1_283859632,1,283859632,0,1,0.100561973960926,0.303779892745252
S1_283861184,1,283861184,0,1,0.0712763015474433,0.129451438556993
S1_283861237,1,283861237,0,1,0.140686144393152,0.131865725784809
S1_283864527,1,283864527,0,1,0.346863844019994,0.625103731339006
S1_283970992,1,283970992,0,1,0.0116218424079076,0.0847652578708878
S1_283971098,1,283971098,0,1,0.0895510769843448,0.0755768824030401
S1_284011462,1,284011462,0,1,0.134637110660122,0.354204660633359
S1_284059074,1,284059074,0,1,0.167322658560457,0.355239998826343
S1_284062194,1,284062194,0,1,0.137372684592527,0.255553258098215
S1_284215734,1,284215734,0,1,0.166425256716952,0.358981217021448
S1_284482129,1,284482129,0,1,0.143869174155493,0.0812054630465681
S1_284504614,1,284504614,0,1,0.624168938578773,0.624168938578773
S1_284504632,1,284504632,0,1,0.797710732496924,0.797710732496924
S1_284505467,1,284505467,0,1,1.00198895371103,1.00198895371103
S1_284505473,1,284505473,0,1,0.121085100634466,0.121085100634466
S1_284527940,1,284527940,0,1,1.38199534868148,1.89388744769563
S1_285053950,1,285053950,0,1,0.283940928450774,0.5129656523372
S1_285053975,1,285053975,0,1,0.040978106174633,0.163890135365244
S1_285063931,1,285063931,0,1,0.00236542679431958,0.0369614608856808
S1_285063944,1,285063944,0,1,1.22741544915206,1.22741544915206
S1_285068971,1,285068971,0,1,0.431289113949523,0.187728092884114
S1_285068972,1,285068972,0,1,0.021165152871992,0.117745906404605
S1_285069162,1,285069162,0,1,0.482083306217777,0.482083306217777
S1_285069183,1,285069183,0,1,0.715171117073677,0.715171117073677
S1_285069392,1,285069392,0,1,0.85117634706504,1.00954223921533
S1_285077069,1,285077069,0,1,0.0561607521236213,0.0944662704595244
S1_285077081,1,285077081,0,1,0.0440795847388578,0.0196896132801427
S1_285078072,1,285078072,0,1,0.0194778447013658,0.0194778447013658
S1_285078360,1,285078360,0,1,0.23064002471288,0.331932131606452
S1_285078483,1,285078483,0,1,0.0775267646197878,0.0337359103917537
S1_285078491,1,285078491,0,1,0.167535386946274,0.417601395455035
S1_285095147,1,285095147,0,1,1.56921834642092,2.10595021922548
S1_285095162,1,285095162,0,1,1.42371280899794,0.903208029252876
S1_285095492,1,285095492,0,1,1.28575809147186,1.57577796524753
S1_285096207,1,285096207,0,1,1.10286859245529,1.1841629634372
S1_285108239,1,285108239,0,1,0.0561015719893133,0.104664825835325
S1_285125107,1,285125107,0,1,0.471196208020264,0.178090924426049
S1_285129214,1,285129214,0,1,0.331418951615859,0.126984436014957
S1_285132327,1,285132327,0,1,0.0713049353569889,0.0713049353569889
S1_285135927,1,285135927,0,1,0.686857990164409,1.11852183081025
S1_285139779,1,285139779,0,1,0.838450189149713,1.30574423757598
S1_285139907,1,285139907,0,1,0.17634844771462,0.370031982581183
S1_285140736,1,285140736,0,1,0.87284284791123,1.05981448654666
S1_285144978,1,285144978,0,1,0.481673765322001,0.0864143542335918
S1_285145007,1,285145007,0,1,0.159492846581804,0.00548275925354127
S1_285211781,1,285211781,0,1,0.114054319041391,0.0520747010584034
S1_285229645,1,285229645,0,1,0.385920810756987,0.585749258113323
S1_285309991,1,285309991,0,1,0.0591447478838016,0.136618462973978
S1_285310060,1,285310060,0,1,0.979647749986636,1.08580475683876
S1_285310392,1,285310392,0,1,1.08800843867852,1.56368075748128
S1_285310404,1,285310404,0,1,1.40543964553893,1.96265064783251
S1_285311092,1,285311092,0,1,0.326509464304004,0.631011662072256
S1_285340166,1,285340166,0,1,1.29352609413675,1.74307931922314
S1_285340252,1,285340252,0,1,0.137081499290517,0.307735846071721
S1_285340288,1,285340288,0,1,0.960815793173537,0.988930407018157
S1_285340338,1,285340338,0,1,0.686078700411075,1.11448461561213
S1_285340424,1,285340424,0,1,0.0955986378235184,0.0390635220603532
S1_285340439,1,285340439,0,1,0.220718398508058,0.150841574346772
S1_285340441,1,285340441,0,1,0.435734380229112,0.268707568352361
S1_285390969,1,285390969,0,1,0.480964228642633,0.858803426747866
S1_285523322,1,285523322,0,1,0.0576731535102177,0.0937834851605406
S1_285523338,1,285523338,0,1,0.678226995542374,0.678226995542374
S1_285523379,1,285523379,0,1,1.36613896197477,1.80670530188656
S1_285525319,1,285525319,0,1,0.688933086680925,0.729893813625792
S1_285525324,1,285525324,0,1,0.149972773368227,0.189099656822117
S1_285525328,1,285525328,0,1,0.111168308386007,0.00710311851382762
S1_285528984,1,285528984,0,1,0.0889593420310818,0.23131474972548
S1_285530606,1,285530606,0,1,0.0211815494672435,0.0211815494672435
S1_285531302,1,285531302,0,1,0.47813058979726,0.127726588568438
S1_285531317,1,285531317,0,1,0.351920675947771,0.258951603036684
S1_285531350,1,285531350,0,1,0.492593500842624,0.0763388004243324
S1_285536206,1,285536206,0,1,0.7088157108226,0.890404278184353
S1_285777586,1,285777586,0,1,0.0407423753794107,0.143509009331831
S1_285777767,1,285777767,0,1,0.119095850530306,0.319961858299235
S1_285777783,1,285777783,0,1,0.343040034236263,0.201559352775026
S1_285785107,1,285785107,0,1,0.199034856203489,0.0863365931435634
S1_285785122,1,285785122,0,1,0.144238567111724,0.0789883049710276
S1_285816625,1,285816625,0,1,0.199816679381295,0.166611235031213
S1_285923737,1,285923737,0,1,0.685290495296508,1.11666291090255
S1_285926849,1,285926849,0,1,0.291225988713742,0.291225988713742
S1_285926851,1,285926851,0,1,0.470087978141285,0.470087978141285
S1_285928871,1,285928871,0,1,0.241204046410185,0.0635436793143234
S1_285933068,1,285933068,0,1,0.345520244435045,0.386130444963556
S1_285933101,1,285933101,0,1,0.437891439537442,0.447663535681207
S1_285933132,1,285933132,0,1,0.40825844200379,0.637368932583616
S1_285933164,1,285933164,0,1,0.468331263563013,0.569627950315899
S1_285933173,1,285933173,0,1,0.161108521388092,0.11668416239576
S1_285965600,1,285965600,0,1,0.520354029725443,0.520354029725443
S1_285965603,1,285965603,0,1,0.034415274134634,0.148477801688364
S1_285965825,1,285965825,0,1,0.183220097222301,0.180396533258948
S1_285965857,1,285965857,0,1,0.00597824743370097,0.00597824743370097
S1_285970729,1,285970729,0,1,0.265725649709347,0.311110065112491
S1_285970810,1,285970810,0,1,0.280316756757131,0.525145120332854
S1_285971335,1,285971335,0,1,0.428206226941933,0.775490813605008
S1_285972618,1,285972618,0,1,0.277765371957231,0.543000629742812
S1_285972626,1,285972626,0,1,0.00757569517077878,0.0375036221778108
S1_285972634,1,285972634,0,1,1.05451985947894,1.05451985947894
S1_285978444,1,285978444,0,1,0.207258540344317,0.23765317623682
S1_285978477,1,285978477,0,1,1.07563471447673,0.639547482479568
S1_285978585,1,285978585,0,1,0.636780837956398,0.183590438238086
S1_285978590,1,285978590,0,1,0.810718827336696,0.29087355828911
S1_285978606,1,285978606,0,1,2.44281397355357,2.78098311712664
S1_285978612,1,285978612,0,1,0.933880289978099,1.00106428661433
S1_285979058,1,285979058,0,1,0.162553917541507,0.162553917541507
S1_285981367,1,285981367,0,1,0.035373626087428,0.0162043629890419
S1_285981427,1,285981427,0,1,0.455219435371552,0.788110919046266
S1_285981439,1,285981439,0,1,0.455219435371552,0.788110919046266
S1_285982051,1,285982051,0,1,0.244979983827297,0.244979983827297
S1_285982077,1,285982077,0,1,0.0787354255102712,0.0787354255102712
S1_285982089,1,285982089,0,1,0.578704997054117,0.966006943132692
S1_285982134,1,285982134,0,1,1.11446091494813,0.911397960728171
S1_286174367,1,286174367,0,1,0.178269651240119,0.275388828198086
S1_286182316,1,286182316,0,1,0.631174514261209,0.000154033586874612
S1_286182460,1,286182460,0,1,0.3141026235374,0.231815866786385
S1_286182480,1,286182480,0,1,0.399755781338065,0.358284060588518
S1_286182541,1,286182541,0,1,1.0116550930912,0.0133144905354458
S1_286187118,1,286187118,0,1,0.248352952678843,0.49628068448449
S1_286241777,1,286241777,0,1,1.86483832275863,2.45418242440279
S1_286241843,1,286241843,0,1,0.0920751772944273,0.230098178008313
S1_286241969,1,286241969,0,1,0.271087361044601,0.552374701749413
S1_286242324,1,286242324,0,1,0.81296778943077,0.670518998344841
S1_286242343,1,286242343,0,1,0.605105556521384,0.629503435647374
S1_286319899,1,286319899,0,1,0.491106114900177,0.51697626157235
S1_286327351,1,286327351,0,1,0.0159653256368982,0.0159653256368982
S1_286338833,1,286338833,0,1,0.0175836453722611,0.109848493118429
S1_286338839,1,286338839,0,1,0.0385409050811757,0.0173805612662749
S1_286338840,1,286338840,0,1,0.00149268225892872,0.0271889890910065
S1_286360060,1,286360060,0,1,0.0632859341492579,0.180564037931254
S1_286360071,1,286360071,0,1,0.96601076662768,1.02545428875189
S1_286363098,1,286363098,0,1,0.172117738665675,0.303154333516758
S1_286363655,1,286363655,0,1,0.318379493215287,0.304179972392445
S1_286366154,1,286366154,0,1,0.756338768412913,0.0626279203479539
S1_286366173,1,286366173,0,1,0.00357273336624369,0.00320213402602778
S1_286366200,1,286366200,0,1,1.20591845215146,1.20591845215146
S1_286366248,1,286366248,0,1,0.376187203501554,0.06303495960529
S1_286400027,1,286400027,0,1,0.0168422802172977,0.0672406515250555
S1_286400085,1,286400085,0,1,0.174676236485758,0.427969269211191
S1_286400169,1,286400169,0,1,0.309922741837083,0.113834242687221
S1_286400476,1,286400476,0,1,0.068456381657648,0.068456381657648
S1_286400606,1,286400606,0,1,0.241778384721293,0.241778384721293
S1_286405951,1,286405951,0,1,0.45907652496857,0.396995603285216
S1_286405965,1,286405965,0,1,0.235619272087869,0.235619272087869
S1_286406009,1,286406009,0,1,0.0639933054253642,0.182357352542584
S1_286406507,1,286406507,0,1,0.0941363910482169,0.182872249421562
S1_286439874,1,286439874,0,1,0.272806815745455,0.272806815745455
S1_286439897,1,286439897,0,1,0.0720424755176533,0.0144980472965837
S1_286440350,1,286440350,0,1,0.22067844355345,0.0157545734106904
S1_286451786,1,286451786,0,1,0.158792373146432,0.158792373146432
S1_286453908,1,286453908,0,1,0.691610811842391,0.639472491414147
S1_286453937,1,286453937,0,1,0.142316033292998,0.251025913120241
S1_286456245,1,286456245,0,1,0.57474554016104,0.758156530176308
S1_286456293,1,286456293,0,1,0.321896301255724,0.430602558005546
S1_286456310,1,286456310,0,1,0.411567704465861,0.717558565050625
S1_286456461,1,286456461,0,1,0.019762205833543,0.0573502383335781
S1_286456480,1,286456480,0,1,0.0802754609107522,0.0493314870219503
S1_286458393,1,286458393,0,1,0.243128027302276,0.229664412060909
S1_286504993,1,286504993,0,1,0.162572039114487,0.323215207725885
S1_286505161,1,286505161,0,1,0.172821235321536,0.0679230348416142
S1_286508160,1,286508160,0,1,0.245774175722542,0.490829221148911
S1_286510393,1,286510393,0,1,0.694703967284404,0.815304516561234
S1_286510408,1,286510408,0,1,0.0621469697087516,0.209549980800411
S1_286510499,1,286510499,0,1,0.223245372517493,0.364979017979032
S1_286510550,1,286510550,0,1,0.149243347177927,0.330972102848461
S1_286513218,1,286513218,0,1,0.0018698232651966,0.0018698232651966
S1_286515111,1,286515111,0,1,0.628905475609287,0.628905475609287
S1_286524615,1,286524615,0,1,0.0562956001627071,0.0528922311852452
S1_286528400,1,286528400,0,1,0.807207368931706,1.26380149149936
S1_286529231,1,286529231,0,1,0.00712156274337606,0.00712156274337606
S1_286529441,1,286529441,0,1,0.0649024642661245,0.0574333423492161
S1_286656205,1,286656205,0,1,0.138917549245261,0.372134960467897
S1_286666743,1,286666743,0,1,0.400928743663564,0.756452828681579
S1_286667527,1,286667527,0,1,0.569608266825155,0.569608266825155
S1_286712319,1,286712319,0,1,0.385223123441498,0.501862193179064
S1_286713350,1,286713350,0,1,0.279032560942692,0.483315088160573
S1_286713352,1,286713352,0,1,0.155882725819049,0.0643018970819756
S1_286841755,1,286841755,0,1,0.793499131034475,0.87324305717104
S1_286849902,1,286849902,0,1,0.0573994344712906,0.170668470069779
S1_286849905,1,286849905,0,1,0.142869610056062,0.0573218195097426
S1_286850485,1,286850485,0,1,0.0299207585556703,0.000570027955195897
S1_286851671,1,286851671,0,1,0.819212371840303,0.0644967597183149
S1_286851713,1,286851713,0,1,1.30994943834398,1.82769742341459
S1_286851777,1,286851777,0,1,0.00145685709247009,0.0222107943091683
S1_286851787,1,286851787,0,1,0.166002479460518,0.418187840645849
S1_286852843,1,286852843,0,1,0.508411207357115,0.793118386843166
S1_286852848,1,286852848,0,1,0.115139101767683,0.321049582330638
S1_286852972,1,286852972,0,1,0.731828382822111,1.15367765025594
S1_286853431,1,286853431,0,1,0.507239338723806,0.478006220490905
S1_286853490,1,286853490,0,1,0.100435722858556,0.0338444084665499
S1_286853686,1,286853686,0,1,0.0852787273405269,0.0928540765839848
S1_286857998,1,286857998,0,1,0.225051560783711,0.467682085318054
S1_286858773,1,286858773,0,1,0.0758214509234227,0.222849161734994
S1_286858790,1,286858790,0,1,0.183538188302192,0.183538188302192
S1_286858810,1,286858810,0,1,0.3536283900586,0.433937453759761
S1_286858964,1,286858964,0,1,0.0718209952183252,0.126330208434967
S1_286864090,1,286864090,0,1,1.18005374258648,1.21658633048304
S1_286951883,1,286951883,0,1,0.330104432586385,0.330104432586385
S1_286951946,1,286951946,0,1,0.0142314803730476,0.0940415404952913
S1_286951978,1,286951978,0,1,0.189625523372446,0.0901983325933868
S1_286981546,1,286981546,0,1,0.568336646586395,0.61452432478654
S1_286989955,1,286989955,0,1,0.0935967916019866,0.115706096719493
S1_286989961,1,286989961,0,1,0.10377143267004,0.170800114418679
S1_286990003,1,286990003,0,1,0.185244728568855,0.185244728568855
S1_286991995,1,286991995,0,1,0.0369556048230272,0.135887467900776
S1_286992058,1,286992058,0,1,0.120505474358457,0.0921969915627508
S1_286992558,1,286992558,0,1,0.268303464988589,0.555149610925635
S1_286993316,1,286993316,0,1,0.180439910255895,0.100872552879459
S1_286993912,1,286993912,0,1,0.204703203299693,0.477933025712616
S1_286993942,1,286993942,0,1,0.455339648645699,0.816779764537107
S1_286993948,1,286993948,0,1,0.0654115113829298,0.216102497068804
S1_287064692,1,287064692,0,1,0.115842407762388,0.255172252966827
S1_287064742,1,287064742,0,1,0.0499374508237584,0.19903405022516
S1_287146465,1,287146465,0,1,0.189368609972909,0.432679655794488
S1_287146967,1,287146967,0,1,0.272725782340696,0.233314240656597
S1_287147036,1,287147036,0,1,0.249400916760629,0.166616046814222
S1_287147075,1,287147075,0,1,0.387956147465432,0.360301861580487
S1_287147320,1,287147320,0,1,0.00348475754531054,0.0340083028126619
S1_287147336,1,287147336,0,1,0.0552810989220578,0.172668893141235
S1_287188303,1,287188303,0,1,0.0441210849802889,0.00480389326500476
S1_287188363,1,287188363,0,1,0.18897479421189,0.419617432175524
S1_287188404,1,287188404,0,1,0.947533550041594,1.01088545747025
S1_287188664,1,287188664,0,1,0.30874843348829,0.633116191487764
S1_287188689,1,287188689,0,1,0.639581327667414,0.875270342941831
S1_287201827,1,287201827,0,1,0.1414038170022,0.0909893781842679
S1_287201851,1,287201851,0,1,0.162124472932368,0.133640778956242
S1_287201885,1,287201885,0,1,0.0957731271955441,0.204318349468915
S1_287201996,1,287201996,0,1,0.136210159356533,0.0505449794101923
S1_287202021,1,287202021,0,1,0.239110568535076,0.257185645329666
S1_287289239,1,287289239,0,1,0.489970572251626,0.844400718398915
S1_287289294,1,287289294,0,1,1.03266290753305,1.38847958387628
S1_287290404,1,287290404,0,1,0.932746921436836,0.932746921436836
S1_287290436,1,287290436,0,1,1.05029655241835,1.32734700757644
S1_287290870,1,287290870,0,1,0.0316633433966797,0.13451347077746
S1_287290873,1,287290873,0,1,0.415872239280428,0.751963411388489
S1_287290895,1,287290895,0,1,0.102328443105333,0.277772554549061
S1_287291295,1,287291295,0,1,0.720412799044596,1.10283410069622
S1_287291387,1,287291387,0,1,0.795755248485442,1.13133753578135
S1_287291561,1,287291561,0,1,0.062890257109256,0.037007415362127
S1_287296296,1,287296296,0,1,1.05529443123823,1.3636811580398
S1_287336573,1,287336573,0,1,0.016866329136911,0.0760857568538292
S1_287474355,1,287474355,0,1,0.282830448015266,0.570987730179589
S1_287474492,1,287474492,0,1,0.301902398503936,0.407828986570547
S1_287474537,1,287474537,0,1,1.38890418389444,1.92632814287311
S1_287477342,1,287477342,0,1,0.0473165583803692,0.0471481763161234
S1_287488838,1,287488838,0,1,0.234692203525924,0.234692203525924
S1_287488871,1,287488871,0,1,0.245443781382976,0.0189717497941413
S1_287488883,1,287488883,0,1,0.116722478736994,0.33124246470512
S1_287488884,1,287488884,0,1,0.229478047939873,0.385120775228785
S1_287491986,1,287491986,0,1,0.13936052572467,0.347385853689693
S1_287583436,1,287583436,0,1,0.281254030010915,0.0804477328905912
S1_287583665,1,287583665,0,1,0.303698443659159,0.606839707757404
S1_287584031,1,287584031,0,1,0.0851695745514922,0.147360651346204
S1_287584254,1,287584254,0,1,0.522767370272795,0.812243375238152
S1_287584293,1,287584293,0,1,0.0338406985114553,0.0605894819062258
S1_287584298,1,287584298,0,1,0.506126145672012,0.84913915197807
S1_287584299,1,287584299,0,1,0.199998357529946,0.0826904052095207
S1_287584730,1,287584730,0,1,0.39241544707191,0.173345569604214
S1_287594206,1,287594206,0,1,0.0656170860168279,0.202382646140432
S1_287594209,1,287594209,0,1,0.337470471228878,0.590156652269641
S1_287594219,1,287594219,0,1,0.644298792845669,1.01110678417759
S1_287594294,1,287594294,0,1,0.110066728433664,0.301136111713593
S1_287594303,1,287594303,0,1,0.197398502535665,0.468099358269013
S1_287631951,1,287631951,0,1,0.191353307773171,0.080668306436533
S1_287632009,1,287632009,0,1,0.726123537760515,0.0135016775184939
S1_287704664,1,287704664,0,1,1.33855054090353,1.87667073454627
S1_287704904,1,287704904,0,1,0.0519516499262187,0.121863665442103
S1_287704950,1,287704950,0,1,1.69015414958215,2.27854413928017
S1_287715219,1,287715219,0,1,2.14830657697156,2.14830657697156
S1_287716054,1,287716054,0,1,0.992038504685647,1.15921254328692
S1_287716120,1,287716120,0,1,0.0312805808110627,0.145842970462715
S1_287716144,1,287716144,0,1,0.124835692357688,0.269573593762959
S1_287720022,1,287720022,0,1,0.0292326850369432,0.0764103748341179
S1_287720031,1,287720031,0,1,0.342752433900795,0.371207746372334
S1_287720039,1,287720039,0,1,0.290438912477684,0.420075937547497
S1_287720040,1,287720040,0,1,0.170428482208708,0.380328841554768
S1_287720084,1,287720084,0,1,0.172294728072888,0.337562308446177
S1_287720087,1,287720087,0,1,0.320589194895398,0.116925073965356
S1_287720104,1,287720104,0,1,0.678413572573647,1.11332008223943
S1_287720867,1,287720867,0,1,1.12031380499571,1.12031380499571
S1_287720972,1,287720972,0,1,0.431352114346759,0.469483145201303
S1_287720990,1,287720990,0,1,1.30351984188335,1.76821591818275
S1_287722726,1,287722726,0,1,0.258528729654973,0.538711108296657
S1_287722738,1,287722738,0,1,0.077421229638289,0.00381054172149946
S1_287727173,1,287727173,0,1,0.228633205509465,0.128060429977922
S1_287727188,1,287727188,0,1,0.271015671068283,0.101595861033899
S1_287727200,1,287727200,0,1,0.276879917154661,0.535047492555244
S1_287727291,1,287727291,0,1,0.150038141289723,0.344229422503602
S1_287727328,1,287727328,0,1,0.160419816359386,0.104648122597879
S1_287728509,1,287728509,0,1,0.077442624796191,0.0210559872722555
S1_287728649,1,287728649,0,1,0.370093509980313,0.370093509980313
S1_287734585,1,287734585,0,1,0.489363512543731,0.314010551858735
S1_287737942,1,287737942,0,1,0.0745911631530456,0.241803202569775
S1_287738411,1,287738411,0,1,0.129402524074853,0.292245163302025
S1_287738417,1,287738417,0,1,0.0580825895716094,0.188576369134121
S1_287738420,1,287738420,0,1,0.25601136982338,0.555238740807434
S1_287803644,1,287803644,0,1,0.162631971720621,0.162631971720621
S1_287816087,1,287816087,0,1,0.191086957934037,0.378046116630716
S1_287888672,1,287888672,0,1,0.103062676804927,0.22177231890641
S1_287888739,1,287888739,0,1,0.084186440067847,0.239979347682465
S1_287981644,1,287981644,0,1,0.898894036555282,0.955082041411916
S1_287981728,1,287981728,0,1,0.148791233825743,0.148791233825743
S1_287981765,1,287981765,0,1,0.574987931271065,0.971918387042362
S1_287981898,1,287981898,0,1,1.06015073535548,1.06015073535548
S1_287983084,1,287983084,0,1,0.107063594609068,0.0351884959175601
S1_287983548,1,287983548,0,1,0.8820053010634,1.19378212060904
S1_287983572,1,287983572,0,1,0.202098430616779,0.425532480255587
S1_287985285,1,287985285,0,1,0.113261297541195,0.32111998787461
S1_287985295,1,287985295,0,1,0.00658341939620985,0.0607161239937193
S1_287985333,1,287985333,0,1,0.0311079934529728,0.150273527777052
S1_287985521,1,287985521,0,1,1.08026928159369,0.217663676821164
S1_287985554,1,287985554,0,1,0.478477380656031,0.478477380656031
S1_287986868,1,287986868,0,1,0.0955099019837264,0.0955099019837264
S1_288012804,1,288012804,0,1,0.246680109648386,0.0695583356695258
S1_288012805,1,288012805,0,1,0.508841182368769,0.601223442121282
S1_288012830,1,288012830,0,1,0.424127393894731,0.114422843300369
S1_288013067,1,288013067,0,1,0.0389925137095413,0.0389925137095413
S1_288013070,1,288013070,0,1,0.07899997218379,0.244042375453002
S1_288013115,1,288013115,0,1,0.0368567764553771,0.118528841192392
S1_288013229,1,288013229,0,1,0.262817160298752,0.508490605457054
S1_288013370,1,288013370,0,1,0.228097298705794,0.489476010319697
S1_288013424,1,288013424,0,1,0.330246883358894,0.328582328890778
S1_288013448,1,288013448,0,1,0.69264569864886,1.07895125349999
S1_288014744,1,288014744,0,1,0.078812948219811,0.248184355393311
S1_288015379,1,288015379,0,1,0.771414000955371,0.384929390860662
S1_288071755,1,288071755,0,1,0.830624713262561,0.830624713262561
S1_288071864,1,288071864,0,1,0.140531442342552,0.27659757104951
S1_288199163,1,288199163,0,1,0.0325537695405876,0.048957300942933
S1_288199178,1,288199178,0,1,0.520092110387629,0.0124927967803618
S1_288277119,1,288277119,0,1,1.32614285910599,0.0132625498465831
S1_288290138,1,288290138,0,1,0.137999145070473,0.278505205731659
S1_288391990,1,288391990,0,1,0.135373545366866,0.189657670910234
S1_288392066,1,288392066,0,1,NA,NA
S1_288395687,1,288395687,0,1,1.1961123024125,1.46619882324426
S1_288395717,1,288395717,0,1,0.0709055531699793,0.16750406897365
S1_288395722,1,288395722,0,1,0.735971077427039,1.15011748008363
S1_288395763,1,288395763,0,1,0.716790516431455,1.05890476632902
S1_288395860,1,288395860,0,1,0.79099566213568,1.19399470839751
S1_288395887,1,288395887,0,1,0.769839042600416,0.837692994472218
S1_288395967,1,288395967,0,1,0.45075735458888,0.394730063468417
S1_288396354,1,288396354,0,1,0.0122735377894637,0.0456962240447983
S1_288396637,1,288396637,0,1,0.156311017104254,0.0737732007232165
S1_288396725,1,288396725,0,1,0.198425828372581,0.366965613637821
S1_288397511,1,288397511,0,1,0.390659527999039,0.742503923885314
S1_288397539,1,288397539,0,1,0.300356516685971,0.300356516685971
S1_288397677,1,288397677,0,1,0.353103969773464,0.538501241484168
S1_288471284,1,288471284,0,1,0.0247434204242134,0.129582490663739
S1_288473125,1,288473125,0,1,1.10437128808354,1.10437128808354
S1_288490718,1,288490718,0,1,0.0599075002224865,0.0932986652776012
S1_288540012,1,288540012,0,1,0.680060925055155,0.680060925055155
S1_288541226,1,288541226,0,1,0.0702673276747044,0.0702673276747044
S1_288593879,1,288593879,0,1,0.28052937066713,0.469012250230332
S1_288638878,1,288638878,0,1,0.0851591104863978,0.199701055631821
S1_288638882,1,288638882,0,1,0.259670904745219,0.494137848797198
S1_288638900,1,288638900,0,1,0.800519184183165,1.26184850949028
S1_288638936,1,288638936,0,1,0.874684768924681,0.022796759573659
S1_288638938,1,288638938,0,1,0.129671304202176,0.0472412093195103
S1_288673414,1,288673414,0,1,0.908208076268324,1.04215161107068
S1_288696044,1,288696044,0,1,0.121744476250792,0.317780586812671
S1_288696261,1,288696261,0,1,0.0182799186996683,0.0182799186996683
S1_288696440,1,288696440,0,1,0.0486025704317989,0.148548454338842
S1_288696441,1,288696441,0,1,0.0532227567571646,0.144892135587531
S1_288696471,1,288696471,0,1,1.14060385651874,1.49720027654052
S1_288696489,1,288696489,0,1,0.870830888256969,0.917009188372143
S1_288696735,1,288696735,0,1,0.773088089421853,0.649227119205743
S1_288696772,1,288696772,0,1,0.659124055368688,0.866316700765992
S1_288696897,1,288696897,0,1,0.0644964723775491,0.12527716188517
S1_288697547,1,288697547,0,1,0.182540804811086,0.236644834090339
S1_288731583,1,288731583,0,1,0.00250758165054176,0.038400650145668
S1_288732038,1,288732038,0,1,0.187882777394144,0.426795445092426
S1_288732933,1,288732933,0,1,0.635827804934771,0.635827804934771
S1_288732945,1,288732945,0,1,0.567460506148197,0.567460506148197
S1_288732949,1,288732949,0,1,0.269383118668178,0.205293746112796
S1_288733006,1,288733006,0,1,0.31850649248444,0.579594119055182
S1_288733024,1,288733024,0,1,0.0817938585348972,0.154970543523211
S1_288733117,1,288733117,0,1,0.768768144164026,0.469595855484801
S1_288733135,1,288733135,0,1,0.60941808854662,0.595037045706382
S1_288734083,1,288734083,0,1,0.22192318621508,0.415057705600886
S1_288734104,1,288734104,0,1,0.182252931875977,0.0134469841928225
S1_288739898,1,288739898,0,1,0.18904706663226,0.067191749090005
S1_288742295,1,288742295,0,1,1.1090783851297,1.53080257161477
S1_288742370,1,288742370,0,1,0.312171926968316,0.524906493921213
S1_288761237,1,288761237,0,1,1.28733169212465,1.72791962437764
S1_288761888,1,288761888,0,1,0.182451872601034,0.182451872601034
S1_288761911,1,288761911,0,1,0.374394189517714,0.375344699959959
S1_288761936,1,288761936,0,1,0.420437074251112,0.214845944048674
S1_288761939,1,288761939,0,1,1.16706654338105,1.1624619411608
S1_288801645,1,288801645,0,1,0.206339061446816,0.432051659166252
S1_288801647,1,288801647,0,1,0.404595681830129,0.5702968831986
S1_288805709,1,288805709,0,1,0.381683547583361,0.344342577964776
S1_288805764,1,288805764,0,1,0.148782592500428,0.185676215739371
S1_288805904,1,288805904,0,1,0.0882742242245177,0.169523940695029
S1_288805917,1,288805917,0,1,0.0926261504609785,0.18837110075226
S1_288855697,1,288855697,0,1,0.247067721540184,0.501616350072147
S1_288855707,1,288855707,0,1,0.447755222502287,0.673747114799776
S1_288856006,1,288856006,0,1,0.242074966771869,0.50477417664541
S1_288856021,1,288856021,0,1,0.707607398408941,1.1414701182144
S1_288856032,1,288856032,0,1,0.145010500126293,0.154011833449653
S1_288856054,1,288856054,0,1,0.544043488323426,0.72119560935398
S1_288856064,1,288856064,0,1,0.277586831009341,0.588571296685106
S1_288856088,1,288856088,0,1,0.546372915116223,0.330462195321719
S1_288856092,1,288856092,0,1,0.931824174822619,1.24503207915947
S1_288856411,1,288856411,0,1,0.846161340890768,1.30575192345877
S1_288856429,1,288856429,0,1,0.127038727501656,0.300242114137828
S1_288857343,1,288857343,0,1,0.112901550676598,0.112901550676598
S1_288859883,1,288859883,0,1,0.930263627814038,1.4153617043746
S1_288859932,1,288859932,0,1,0.165120871185904,0.223102146540949
S1_288859957,1,288859957,0,1,0.232905405152484,0.232905405152484
S1_288859968,1,288859968,0,1,0.519674879172694,0.31529935948585
S1_288863317,1,288863317,0,1,0.122962672317278,0.0386020197494936
S1_288863318,1,288863318,0,1,0.953101514296673,0.819292634464326
S1_288863322,1,288863322,0,1,0.0580109713032923,0.0391366222514562
S1_288867286,1,288867286,0,1,0.310418963781563,0.310418963781563
S1_288942657,1,288942657,0,1,0.251964355410568,0.208162667654328
S1_289060152,1,289060152,0,1,0.294235731655977,0.606916967510833
S1_289060213,1,289060213,0,1,0.0934925885110344,0.0934925885110344
S1_289064351,1,289064351,0,1,0.277079027213081,0.0905489089766232
S1_289064461,1,289064461,0,1,0.0748432794392183,0.120236297641717
S1_289110910,1,289110910,0,1,0.463425453834575,0.463425453834575
S1_289192828,1,289192828,0,1,0.699178502883857,1.08930161018537
S1_289219964,1,289219964,0,1,0.405230750356475,0.526874059561642
S1_289223328,1,289223328,0,1,0.314552277632868,0.640704552527915
S1_289223355,1,289223355,0,1,0.179460947660429,0.00709308567806534
S1_289223359,1,289223359,0,1,1.1121114897814,1.36699085853603
S1_289223381,1,289223381,0,1,0.22672143913684,0.50618385700511
S1_289223414,1,289223414,0,1,0.438605557873805,0.276568821367166
S1_289223442,1,289223442,0,1,0.572234018294876,0.572234018294876
S1_289236162,1,289236162,0,1,0.118039204843518,0.297548168045287
S1_289268038,1,289268038,0,1,0.00311615668167549,0.0354358592258008
S1_289269762,1,289269762,0,1,0.106240143983403,0.141208026079525
S1_289271440,1,289271440,0,1,0.126695119844601,0.0892767823118753
S1_289271516,1,289271516,0,1,0.312726686086846,0.0127097720274119
S1_289271530,1,289271530,0,1,0.0913316640166828,0.0856625058483112
S1_289275466,1,289275466,0,1,0.000106385655504128,0.000106385655504128
S1_289275628,1,289275628,0,1,0.302094237540594,0.233134882318978
S1_289287050,1,289287050,0,1,0.0698907247480272,0.194656739751323
S1_289287564,1,289287564,0,1,0.70953903537509,0.916296160613636
S1_289336452,1,289336452,0,1,0.111936492014285,0.0620944727668991
S1_289476523,1,289476523,0,1,0.414085644316378,0.728419279180802
S1_289504739,1,289504739,0,1,0.208261167516114,0.320729093513492
S1_289520851,1,289520851,0,1,0.525246014995036,0.650169644552821
S1_289520883,1,289520883,0,1,1.13385018384079,1.04691630395293
S1_289548173,1,289548173,0,1,0.459299796885958,0.0899198172038987
S1_289562223,1,289562223,0,1,0.659743329411511,0.554083942325502
S1_289562255,1,289562255,0,1,0.510950063682499,0.643123005900595
S1_289564557,1,289564557,0,1,0.917749959664866,0.509111178350784
S1_289565277,1,289565277,0,1,0.342259015066333,0.13236678110006
S1_289566159,1,289566159,0,1,0.0964716799834565,0.0838341043801509
S1_289568182,1,289568182,0,1,1.0002842214785,1.32223528553057
S1_289572157,1,289572157,0,1,0.928008372426421,1.25358776035049
S1_289572177,1,289572177,0,1,0.199207964223804,0.21022472510075
S1_289598780,1,289598780,0,1,0.407239391035613,0.407239391035613
S1_289598794,1,289598794,0,1,0.117755596711035,0.327571942628288
S1_289598893,1,289598893,0,1,0.0943377436150983,0.210027069732531
S1_289784609,1,289784609,0,1,0.46413077076905,0.57090763724968
S1_289784622,1,289784622,0,1,0.49292864382269,0.664985994232032
S1_289784725,1,289784725,0,1,0.311978857008138,0.311978857008138
S1_289784731,1,289784731,0,1,0.425918706824287,0.592656036736728
S1_289784794,1,289784794,0,1,0.240928515972782,0.204318996441089
S1_289784980,1,289784980,0,1,1.35916693568749,1.35916693568749
S1_289785001,1,289785001,0,1,0.330389630236011,0.330389630236011
S1_289785004,1,289785004,0,1,0.999298222223458,0.999298222223458
S1_289787904,1,289787904,0,1,0.847139368506846,1.31422754684892
S1_289847071,1,289847071,0,1,0.943734824615333,0.943734824615333
S1_289847246,1,289847246,0,1,0.172205360489861,0.114195739066473
S1_289873761,1,289873761,0,1,0.27093190329573,0.13575167668858
S1_290103890,1,290103890,0,1,0.240336771954799,0.52787197389708
S1_290109209,1,290109209,0,1,0.184219467210532,0.394993360540846
S1_290109325,1,290109325,0,1,0.180620814335879,0.0844731270520373
S1_290109490,1,290109490,0,1,0.910555763710677,1.35851866209606
S1_290110213,1,290110213,0,1,0.265083376206695,0.00648715106223658
S1_290120760,1,290120760,0,1,0.218776587993869,0.116118588857814
S1_290120840,1,290120840,0,1,0.541138245673215,0.541138245673215
S1_290120883,1,290120883,0,1,0.602543365620768,0.602543365620768
S1_290120980,1,290120980,0,1,0.925239642938345,0.925239642938345
S1_290121041,1,290121041,0,1,0.575780840154166,0.517558308120486
S1_290122197,1,290122197,0,1,1.88592065214595,1.96501630338662
S1_290136259,1,290136259,0,1,0.184002416608441,0.184002416608441
S1_290138411,1,290138411,0,1,0.113093339222032,0.246085932447794
S1_290138418,1,290138418,0,1,0.267876328598515,0.419574330550605
S1_290200984,1,290200984,0,1,0.471270658430411,0.774256142746352
S1_290201001,1,290201001,0,1,0.084755390625152,0.256843559815429
S1_290201011,1,290201011,0,1,0.0783832114167141,0.26148204135376
S1_290201020,1,290201020,0,1,0.0252967732970874,0.112719294238369
S1_290201021,1,290201021,0,1,0.608746555168285,0.147315035423822
S1_290201408,1,290201408,0,1,0.321334680449389,0.548994049774659
S1_290201626,1,290201626,0,1,0.294474797822886,0.130680350386451
S1_290201777,1,290201777,0,1,0.786990995697429,0.786990995697429
S1_290202688,1,290202688,0,1,0.441483940444498,0.365374882644605
S1_290202694,1,290202694,0,1,0.89756329378209,1.20807634075308
S1_290204608,1,290204608,0,1,0.00559839520000436,0.00559839520000436
S1_290204610,1,290204610,0,1,0.041659615932081,0.041659615932081
S1_290225543,1,290225543,0,1,0.687189144140141,0.7332580392744
S1_290226563,1,290226563,0,1,0.875581202945914,1.13015273462269
S1_290265812,1,290265812,0,1,1.21055744198132,1.21055744198132
S1_290265826,1,290265826,0,1,0.664539315979213,0.664539315979213
S1_290268662,1,290268662,0,1,1.02813615529353,1.25233397435572
S1_290286465,1,290286465,0,1,0.0944303092935044,0.20248914901914
S1_290286477,1,290286477,0,1,0.143687413992276,0.379935361311945
S1_290286502,1,290286502,0,1,0.87336901723256,1.21346395948505
S1_290295637,1,290295637,0,1,0.26605051371326,0.385036600972506
S1_290295646,1,290295646,0,1,0.52902203025721,0.520918576187353
S1_290296216,1,290296216,0,1,0.229327741582138,0.267456900387225
S1_290296240,1,290296240,0,1,0.284491584772094,0.103130652588204
S1_290304900,1,290304900,0,1,0.0704644332013891,0.244971832755873
S1_290306123,1,290306123,0,1,0.509399293834644,0.408799471676646
S1_290306148,1,290306148,0,1,0.658835356932804,0.967732733119673
S1_290307528,1,290307528,0,1,0.0708672828251695,0.184310658729643
S1_290309429,1,290309429,0,1,0.959966376921847,0.414619592556152
S1_290309449,1,290309449,0,1,0.0965323658289098,0.0965323658289098
S1_290309468,1,290309468,0,1,0.591866094855692,0.568217635947041
S1_290318453,1,290318453,0,1,0.298924731645961,0.579740218386706
S1_290318537,1,290318537,0,1,0.101370917013792,0.229848752320376
S1_290318610,1,290318610,0,1,1.36419655708088,1.69583780561459
S1_290434479,1,290434479,0,1,0.0641574542204272,0.0730523736928212
S1_290434492,1,290434492,0,1,2.14824773292127,2.14824773292127
S1_290448577,1,290448577,0,1,0.0493151943382864,0.0336688242071254
S1_290472120,1,290472120,0,1,0.542946769306488,0.908677192971318
S1_290472158,1,290472158,0,1,0.51992703117049,0.869485520603297
S1_290472564,1,290472564,0,1,0.213428829825988,0.213428829825988
S1_290472578,1,290472578,0,1,0.0859548297228674,0.209269691783187
S1_290472583,1,290472583,0,1,0.0434665755121772,0.177414951676061
S1_290473777,1,290473777,0,1,0.452212861475237,0.804649083686403
S1_290520639,1,290520639,0,1,0.272340395865906,0.272340395865906
S1_290520647,1,290520647,0,1,0.0918486569305472,0.169014150568214
S1_290520670,1,290520670,0,1,0.1325370850415,0.237322445906173
S1_290520946,1,290520946,0,1,0.553122525985578,0.853784125508471
S1_290521309,1,290521309,0,1,0.997883318965287,1.26176276614537
S1_290521375,1,290521375,0,1,0.50646383573864,0.439411551344615
S1_290521945,1,290521945,0,1,1.46593508741128,2.00319941106576
S1_290522619,1,290522619,0,1,0.188894058706613,0.410958902406732
S1_290589390,1,290589390,0,1,3.61864838801185,1.07247953991379
S1_290589454,1,290589454,0,1,0.902565532177205,1.38376999695278
S1_290589459,1,290589459,0,1,1.70319654615969,2.21288205443114
S1_290590786,1,290590786,0,1,0.133483135620786,0.258176296630987
S1_290590804,1,290590804,0,1,0.160538243044773,0.403829889284166
S1_290590838,1,290590838,0,1,0.154534669021336,0.399232198547956
S1_290590855,1,290590855,0,1,0.22961579852334,0.449696735021396
S1_290591697,1,290591697,0,1,1.2395267081348,1.2395267081348
S1_290687034,1,290687034,0,1,0.0942328832628399,0.265757115948991
S1_290687110,1,290687110,0,1,0.343934389031917,0.681857944603388
S1_290687165,1,290687165,0,1,0.0563464337652549,0.0854098574082567
S1_290687168,1,290687168,0,1,0.209180566618782,0.407883301036493
S1_290718950,1,290718950,0,1,0.0800065260606144,0.234455593748966
S1_290718953,1,290718953,0,1,1.8138675537804,2.40610335006645
S1_290719041,1,290719041,0,1,0.124566307187276,0.0815820116222781
S1_290805842,1,290805842,0,1,0.409415898541544,0.321343101931399
S1_290805843,1,290805843,0,1,0.355954498283115,0.15764631851374
S1_290805849,1,290805849,0,1,0.350485175054813,0.0170371342306489
S1_290818180,1,290818180,0,1,0.318325711379131,0.13504615745191
S1_290818199,1,290818199,0,1,0.270131455264286,0.270131455264286
S1_290819056,1,290819056,0,1,0.0615643013204286,0.117030318286568
S1_290820312,1,290820312,0,1,0.0105842045223444,0.00193342931139838
S1_290820319,1,290820319,0,1,0.102422881172011,0.298807077656819
S1_290820368,1,290820368,0,1,0.17962841714968,0.40993905529424
S1_290820450,1,290820450,0,1,0.693208751920183,0.860949202894396
S1_290820481,1,290820481,0,1,0.274094547047206,0.103791036441159
S1_290820544,1,290820544,0,1,0.661394518336865,1.03069259032173
S1_290820556,1,290820556,0,1,0.265452551955296,0.514717002503289
S1_290856055,1,290856055,0,1,0.83938610000202,1.29025535314995
S1_290856066,1,290856066,0,1,0.317528738778988,0.609952299603691
S1_290856092,1,290856092,0,1,1.21556585079609,1.71279690050791
S1_290856311,1,290856311,0,1,1.38710138426032,1.50059061570727
S1_290856350,1,290856350,0,1,0.57162709446173,0.767471369157601
S1_290856399,1,290856399,0,1,1.43653652122082,1.43653652122082
S1_290856424,1,290856424,0,1,0.305165573756564,0.387961183336342
S1_290856431,1,290856431,0,1,0.614107574206525,0.927262659236483
S1_290856458,1,290856458,0,1,0.961954066967132,1.17600009967219
S1_290856467,1,290856467,0,1,2.26786606102786,2.25511464332894
S1_290856494,1,290856494,0,1,0.679997917089206,0.671074968139124
S1_290856496,1,290856496,0,1,0.0430631165207771,0.0430631165207771
S1_290856502,1,290856502,0,1,0.326485265346328,0.267437948820774
S1_290856560,1,290856560,0,1,1.11816512686661,1.51849455257566
S1_290856587,1,290856587,0,1,0.373269125765463,0.700392197570959
S1_290856640,1,290856640,0,1,4.3962492830763,0.222221228947652
S1_290856725,1,290856725,0,1,0.323596138156619,0.490727294620154
S1_290857498,1,290857498,0,1,0.348132694746462,0.325990787492953
S1_290930873,1,290930873,0,1,0.224838089632279,0.224838089632279
S1_290931060,1,290931060,0,1,0.475042609039643,0.516661865401115
S1_290934311,1,290934311,0,1,0.243331637189456,0.389068335806224
S1_290952742,1,290952742,0,1,0.0779418988576406,0.0779418988576406
S1_290953295,1,290953295,0,1,0.417021163958378,0.735640987671078
S1_290953310,1,290953310,0,1,0.506004811034328,0.728065123773291
S1_290953556,1,290953556,0,1,0.201897183080744,0.409182831827993
S1_290953559,1,290953559,0,1,0.279724930620335,0.529953215595554
S1_290953957,1,290953957,0,1,0.0132348079369826,0.0941784729830536
S1_290953969,1,290953969,0,1,1.99000055225021,2.3804314866527
S1_290954305,1,290954305,0,1,1.52297666434635,1.52297666434635
S1_290954897,1,290954897,0,1,0.694628380700086,0.126463411557741
S1_290955676,1,290955676,0,1,0.215503016083968,0.235162507640785
S1_290955698,1,290955698,0,1,1.53255750441232,2.09801157254312
S1_290955894,1,290955894,0,1,0.868887899151994,1.01006248285892
S1_290955990,1,290955990,0,1,0.174414935784556,0.0148934676008736
S1_290955992,1,290955992,0,1,1.09283603243166,1.60190074162136
S1_290956000,1,290956000,0,1,1.1528168225013,1.6370065501811
S1_290957293,1,290957293,0,1,0.548243643751115,0.357985559637227
S1_290957327,1,290957327,0,1,0.106745512897882,0.270879631323746
S1_290957445,1,290957445,0,1,0.0391479268532809,0.0312706143110328
S1_290957569,1,290957569,0,1,0.0683099728158701,0.235631318984812
S1_290958138,1,290958138,0,1,1.29248621624876,1.79773192276975
S1_290958192,1,290958192,0,1,0.0448230245392251,0.0860265131897087
S1_290958219,1,290958219,0,1,0.0650303217478484,0.0342190535154824
S1_290958230,1,290958230,0,1,0.0833635237963269,0.141469084992326
S1_290961967,1,290961967,0,1,1.28264227377523,0.776251435824902
S1_290961998,1,290961998,0,1,0.335133552971583,0.0788112184476003
S1_290964603,1,290964603,0,1,1.6827911774174,0.79484579844098
S1_290982301,1,290982301,0,1,0.355389861066014,0.235015457898431
S1_290982318,1,290982318,0,1,0.107701247884416,0.107701247884416
S1_290982320,1,290982320,0,1,0.342585527064579,0.0717167977416209
S1_290983829,1,290983829,0,1,2.73450875316646,3.23696792142239
S1_290983927,1,290983927,0,1,0.718341213829036,0.208271072148494
S1_291101192,1,291101192,0,1,1.44658357917042,1.79064847258556
S1_291101578,1,291101578,0,1,0.17827624660794,0.17827624660794
S1_291102391,1,291102391,0,1,0.0500186254357709,0.0269991989135576
S1_291102452,1,291102452,0,1,0.288358204037543,0.594488496411081
S1_291115147,1,291115147,0,1,0.758054293463396,0.689838682695453
S1_291119004,1,291119004,0,1,0.313059302632079,0.258125669512649
S1_291119019,1,291119019,0,1,0.246160352585007,0.4906835344666
S1_291258860,1,291258860,0,1,1.38583951606158,1.93239583995358
S1_291258884,1,291258884,0,1,0.424915075477575,0.230841877812
S1_291258974,1,291258974,0,1,0.394484985533268,0.20692862690878
S1_291258977,1,291258977,0,1,0.999017477320889,0.999017477320889
S1_291259007,1,291259007,0,1,0.448562418199312,0.378445168593126
S1_291259079,1,291259079,0,1,0.0476064429887194,0.0787242684793076
S1_291313926,1,291313926,0,1,0.923725870946688,0.923725870946688
S1_291313960,1,291313960,0,1,0.750245680239808,0.874711877801267
S1_291402143,1,291402143,0,1,0.553068464257266,0.826792647951895
S1_291554074,1,291554074,0,1,0.677080195598221,0.026155218490045
S1_291554077,1,291554077,0,1,0.432766394464148,0.0369003185899251
S1_291559313,1,291559313,0,1,0.0993940142426946,0.301573130499737
S1_291560038,1,291560038,0,1,0.174754250628667,0.174754250628667
S1_291560141,1,291560141,0,1,0.329928883559414,0.32926814918659
S1_291652956,1,291652956,0,1,0.401914147242423,0.761063170597679
S1_291654354,1,291654354,0,1,0.138559486962974,0.305735295525506
S1_291654444,1,291654444,0,1,0.159700939337883,0.00365084144856159
S1_291654451,1,291654451,0,1,0.171093517271256,0.119590036595804
S1_291654535,1,291654535,0,1,0.47500150844604,0.333508490336095
S1_291725887,1,291725887,0,1,0.348576134295783,0.348576134295783
S1_291725904,1,291725904,0,1,0.169535896518245,0.261354276622725
S1_291725932,1,291725932,0,1,0.00864565167313833,0.0609161546994295
S1_291726780,1,291726780,0,1,0.107786521114865,0.00862250673849655
S1_291726874,1,291726874,0,1,0.121135549292348,0.253411673080817
S1_291727586,1,291727586,0,1,0.0199236611596883,0.0620361676422259
S1_291781694,1,291781694,0,1,0.138178147456184,0.138178147456184
S1_291862385,1,291862385,0,1,1.17164727501109,0.457929624901438
S1_291862975,1,291862975,0,1,0.100804620500442,0.269840128879418
S1_291865904,1,291865904,0,1,0.00691562383727503,0.0613475284829969
S1_291866019,1,291866019,0,1,0.375904705629955,0.124565744702531
S1_291866132,1,291866132,0,1,0.196304673913707,0.196304673913707
S1_291866181,1,291866181,0,1,0.667304145154646,0.667304145154646
S1_291889361,1,291889361,0,1,0.237783015929272,0.237783015929272
S1_291889365,1,291889365,0,1,0.190538047559217,0.0339893431276829
S1_291893718,1,291893718,0,1,0.527878338910524,0.399078507777038
S1_291893719,1,291893719,0,1,0.00462738648095084,0.00462738648095084
S1_291893740,1,291893740,0,1,0.512307535134578,0.36411980908356
S1_291899427,1,291899427,0,1,0.0637363350723365,0.0637363350723365
S1_291901672,1,291901672,0,1,0.413601366587725,0.635834285381182
S1_291901727,1,291901727,0,1,0.665993741636391,1.08330984829425
S1_291901818,1,291901818,0,1,0.014908380755911,0.0934743232371296
S1_291902695,1,291902695,0,1,0.224254210764366,0.500954545512987
S1_291902719,1,291902719,0,1,0.514533759963813,0.856130804225403
S1_291902761,1,291902761,0,1,0.379224579572198,0.730245570981031
S1_291902992,1,291902992,0,1,0.0663372763987327,0.157938918778193
S1_291924245,1,291924245,0,1,0.400198019982164,0.294921643933311
S1_291924277,1,291924277,0,1,0.241278929809696,0.188956474054979
S1_291924311,1,291924311,0,1,0.324638011192598,0.598080068172391
S1_291924777,1,291924777,0,1,0.97841333604846,1.21797622740077
S1_291924812,1,291924812,0,1,0.0196461170820579,0.0508044183077881
S1_291924895,1,291924895,0,1,0.459657674860593,0.459657674860593
S1_291926389,1,291926389,0,1,0.201843648505402,0.140376894478639
S1_291927968,1,291927968,0,1,0.459780760254466,0.810298803772975
S1_292078080,1,292078080,0,1,0.301688534682635,0.58748160799582
S1_292086347,1,292086347,0,1,1.57487892015033,1.36507540505782
S1_292087586,1,292087586,0,1,0.52512639224304,0.834537014276557
S1_292090134,1,292090134,0,1,0.171039499328173,0.177985308612605
S1_292090231,1,292090231,0,1,0.0966269837080179,0.199437439923214
S1_292090258,1,292090258,0,1,0.418206932489047,0.780390836002468
S1_292097770,1,292097770,0,1,1.03362014157719,1.03362014157719
S1_292097806,1,292097806,0,1,1.66501728741898,1.66501728741898
S1_292103369,1,292103369,0,1,0.00914599815577221,0.030133178558194
S1_292138226,1,292138226,0,1,0.13551105146741,0.00604657031430232
S1_292149872,1,292149872,0,1,0.454409063370191,0.575475365066609
S1_292223761,1,292223761,0,1,0.00265413932059252,0.0320660633284013
S1_292225873,1,292225873,0,1,0.252735096646116,0.248163222886556
S1_292226029,1,292226029,0,1,0.0769621360224125,0.0562437180617961
S1_292226036,1,292226036,0,1,0.553411713436516,0.535568516896942
S1_292237154,1,292237154,0,1,0.650144674598046,0.864665352356137
S1_292237872,1,292237872,0,1,0.215383048063416,0.151091497880503
S1_292238040,1,292238040,0,1,0.668329502190684,0.712968690564836
S1_292238579,1,292238579,0,1,1.10317766754861,1.10317766754861
S1_292238665,1,292238665,0,1,0.141821869172219,0.260787350441853
S1_292277036,1,292277036,0,1,0.623237033241896,0.623237033241896
S1_292277043,1,292277043,0,1,0.0731734462084447,0.0773239868428063
S1_292297908,1,292297908,0,1,0.286014910968318,0.286014910968318
S1_292298302,1,292298302,0,1,0.60375240802036,0.903130411461493
S1_292326337,1,292326337,0,1,1.17673274036379,1.70275734335039
S1_292336699,1,292336699,0,1,1.4477308324989,0.1437259808506
S1_292336703,1,292336703,0,1,0.290719881309103,0.575766248122497
S1_292336758,1,292336758,0,1,0.8174393291215,1.12992520973506
S1_292338278,1,292338278,0,1,0.0801617900435927,0.26241865056285
S1_292338287,1,292338287,0,1,0.475594477131668,0.555419667549959
S1_292340955,1,292340955,0,1,1.69505133616103,1.45747667461737
S1_292341207,1,292341207,0,1,0.259019360576141,0.0437077731629862
S1_292341231,1,292341231,0,1,0.494488630809435,0.880894730808031
S1_292344138,1,292344138,0,1,1.93832400066576,1.93832400066576
S1_292401725,1,292401725,0,1,1.71131310519923,1.68885904637192
S1_292403115,1,292403115,0,1,0.198902015411217,0.0616079017422024
S1_292412341,1,292412341,0,1,0.288212056902106,0.564786833359838
S1_292517317,1,292517317,0,1,0.819195363008134,0.79097892004073
S1_292517467,1,292517467,0,1,0.778986306286792,1.19905199890915
S1_292517515,1,292517515,0,1,0.539416414372337,0.505473202770645
S1_292517531,1,292517531,0,1,0.29893680728476,0.591017897295019
S1_292517626,1,292517626,0,1,0.102055393707914,0.304330998561044
S1_292517629,1,292517629,0,1,0.607402736023741,0.312462670615115
S1_292517678,1,292517678,0,1,0.354325618599598,0.101269411438629
S1_292521131,1,292521131,0,1,0.318127377807921,0.0397831019642002
S1_292521223,1,292521223,0,1,0.855312621406363,0.861811174618827
S1_292524778,1,292524778,0,1,0.452377088401747,0.780552229194932
S1_292524813,1,292524813,0,1,0.0812595822415428,0.266649952003022
S1_292528242,1,292528242,0,1,2.05456244193221,2.67290690624233
S1_292528293,1,292528293,0,1,1.39791398105473,1.91386674778234
S1_292528325,1,292528325,0,1,0.988977389670465,1.43295179743825
S1_292577920,1,292577920,0,1,0.120461619044061,0.339692143947637
S1_292580213,1,292580213,0,1,0.474088469856264,0.466241945437339
S1_292580529,1,292580529,0,1,0.0993731587588786,0.260678729918969
S1_292580761,1,292580761,0,1,0.529499235514583,0.876771119833258
S1_292673370,1,292673370,0,1,0.652907943974196,0.266188749685841
S1_292687579,1,292687579,0,1,0.731371003956939,0.84104981952168
S1_292875579,1,292875579,0,1,0.641868093797752,0.218204491552717
S1_292875765,1,292875765,0,1,0.845775116794201,0.47641289382746
S1_292880085,1,292880085,0,1,0.167794069492158,0.14935468765074
S1_292880156,1,292880156,0,1,0.293755379469853,0.472860430937988
S1_292880575,1,292880575,0,1,0.861958676581575,1.27131105102771
S1_292881356,1,292881356,0,1,0.287799053007159,0.564038130204826
S1_292881503,1,292881503,0,1,0.436378183076962,0.482630221783856
S1_292890314,1,292890314,0,1,0.050105253440371,0.199234461243972
S1_292890328,1,292890328,0,1,NA,NA
S1_292891559,1,292891559,0,1,0.13467205672162,0.0747629429659644
S1_292891797,1,292891797,0,1,0.162479139406995,0.245596235683974
S1_292893155,1,292893155,0,1,0.351271265021646,0.0208179581331523
S1_292929456,1,292929456,0,1,0.952981866208975,1.42910613078966
S1_292931326,1,292931326,0,1,0.223241838672465,0.488325511232662
S1_292989618,1,292989618,0,1,0.0973353789605186,0.14542812508608
S1_292989876,1,292989876,0,1,0.575926807673937,0.622469822283383
S1_292990275,1,292990275,0,1,0.187125433787755,0.399431025104443
S1_292990304,1,292990304,0,1,1.16927769311117,1.54889150519012
S1_292990325,1,292990325,0,1,0.245078776202725,0.220080868288663
S1_293008570,1,293008570,0,1,1.14952696210964,1.67128284073093
S1_293009376,1,293009376,0,1,0.180489046286548,0.0383802940916029
S1_293009739,1,293009739,0,1,0.17952520762276,0.17952520762276
S1_293009749,1,293009749,0,1,0.17952520762276,0.17952520762276
S1_293055726,1,293055726,0,1,0.286812242004864,0.339191187995804
S1_293055741,1,293055741,0,1,0.388341947336731,0.380410578895349
S1_293138664,1,293138664,0,1,0.793105419730316,1.2181361071505
S1_293139404,1,293139404,0,1,0.137339474539708,0.26777198359822
S1_293139643,1,293139643,0,1,1.06976228555167,0.624282254754373
S1_293141394,1,293141394,0,1,0.413562567993264,0.0347533062102025
S1_293141456,1,293141456,0,1,0.38346309693158,0.722446848587797
S1_293141943,1,293141943,0,1,0.21186027731223,0.176420499398212
S1_293145378,1,293145378,0,1,0.393093188585714,0.0431885744337177
S1_293146709,1,293146709,0,1,0.311793326910069,0.603774981797139
S1_293149214,1,293149214,0,1,0.606095321480231,0.961030510949005
S1_293157815,1,293157815,0,1,0.674633620311202,0.588533540392488
S1_293157818,1,293157818,0,1,0.192860466198642,0.424090846183452
S1_293157854,1,293157854,0,1,0.46030319938022,0.185679227412723
S1_293163312,1,293163312,0,1,0.0101330022078435,0.0811048989461538
S1_293163327,1,293163327,0,1,0.0568630359268216,0.200391647537874
S1_293164159,1,293164159,0,1,0.306645565344892,0.306645565344892
S1_293164192,1,293164192,0,1,0.35022270341592,0.469449290693409
S1_293164249,1,293164249,0,1,0.395429520397894,0.404848915850498
S1_293164279,1,293164279,0,1,0.303695858446874,0.0624783427656534
S1_293164563,1,293164563,0,1,0.595315104749575,0.507902282570282
S1_293221120,1,293221120,0,1,0.241534855754949,0.0882698124967598
S1_293221122,1,293221122,0,1,0.457637297267551,0.276432813080067
S1_293221944,1,293221944,0,1,0.213881640056299,0.493821096909248
S1_293266731,1,293266731,0,1,0.0105368009828973,0.0825486451963161
S1_293269057,1,293269057,0,1,1.77122422823924,2.35503269504371
S1_293269090,1,293269090,0,1,1.25775256841706,1.77858846535054
S1_293310149,1,293310149,0,1,0.0677830193901508,0.0677830193901508
S1_293310847,1,293310847,0,1,0.198607034544351,0.460145096891079
S1_293328862,1,293328862,0,1,0.139915162152203,0.0779929755154234
S1_293328893,1,293328893,0,1,0.113943916671232,0.325681057363205
S1_293328982,1,293328982,0,1,0.413918052111841,0.0563885736882365
S1_293328983,1,293328983,0,1,0.160616378879101,0.0281773057768361
S1_293329571,1,293329571,0,1,0.605037067257764,0.171201697185793
S1_293329598,1,293329598,0,1,0.61535034792908,0.0841102344342649
S1_293329628,1,293329628,0,1,0.0969055559337497,0.0651587571915736
S1_293329636,1,293329636,0,1,0.0922666169658474,0.154607253866448
S1_293394047,1,293394047,0,1,0.191683271943522,0.15444969275878
S1_293394048,1,293394048,0,1,0.131477360657973,0.317477200510325
S1_293410544,1,293410544,0,1,0.393110244034558,0.316214291180301
S1_293410714,1,293410714,0,1,0.61296297433634,0.891990498009932
S1_293455915,1,293455915,0,1,1.49714374731231,1.49714374731231
S1_293455927,1,293455927,0,1,1.52327283496097,1.52327283496097
S1_293498014,1,293498014,0,1,0.189089061995553,0.192862064896001
S1_293498034,1,293498034,0,1,0.194189291141873,0.109965902632587
S1_293498118,1,293498118,0,1,0.800455499697781,0.00186333960215383
S1_293498604,1,293498604,0,1,0.321117771132941,0.191619946538397
S1_293498611,1,293498611,0,1,0.142485737603553,0.143228753583354
S1_293519915,1,293519915,0,1,0.666626836004345,0.63962703639421
S1_293574261,1,293574261,0,1,0.872335682319179,1.33518722743957
S1_293574283,1,293574283,0,1,0.0412675645596055,0.01695327464301
S1_293575314,1,293575314,0,1,0.0347102047691012,0.161263410459446
S1_293577620,1,293577620,0,1,0.966095533092804,1.45850568243828
S1_293577629,1,293577629,0,1,0.0496689698573942,0.0111106885413504
S1_293627655,1,293627655,0,1,1.50218468029997,1.95864144264107
S1_293627657,1,293627657,0,1,0.09839197268719,0.219022257581514
S1_293627695,1,293627695,0,1,0.412574178388708,0.262296084817171
S1_293627722,1,293627722,0,1,0.128698925964007,0.248781888366451
S1_293627728,1,293627728,0,1,0.798458596856656,0.639021305816632
S1_293627767,1,293627767,0,1,1.36320711758213,0.0385798154992859
S1_293627784,1,293627784,0,1,0.346439647531828,0.0171868305711833
S1_293627798,1,293627798,0,1,0.278168513144688,0.278168513144688
S1_293629130,1,293629130,0,1,0.573172806595228,0.573172806595228
S1_293629438,1,293629438,0,1,0.153577692565466,0.334450077440097
S1_293629690,1,293629690,0,1,0.288410175454933,0.102166285060804
S1_293629824,1,293629824,0,1,0.402021994700933,0.270802898317455
S1_293629828,1,293629828,0,1,0.369646361136796,0.191764740214054
S1_293631147,1,293631147,0,1,0.365716778459286,0.355614813871099
S1_293631148,1,293631148,0,1,0.213594553022702,0.0809872078686086
S1_293631202,1,293631202,0,1,0.644597205804919,1.03659406563078
S1_293631937,1,293631937,0,1,1.32083334935694,1.32083334935694
S1_293637862,1,293637862,0,1,1.05692219475018,1.46874759228359
S1_293637946,1,293637946,0,1,0.685560832154271,0.469710454274247
S1_293638201,1,293638201,0,1,0.205686915061112,0.326008694747931
S1_293638814,1,293638814,0,1,0.0184865994849117,0.0184865994849117
S1_293639592,1,293639592,0,1,0.0976554141470288,0.173819543464259
S1_293639664,1,293639664,0,1,0.660806877752563,0.660806877752563
S1_293646493,1,293646493,0,1,0.0518108950697371,0.0381604556979563
S1_293646511,1,293646511,0,1,2.07522293524671,2.34103966582501
S1_293647449,1,293647449,0,1,0.347282082150355,0.596925173389424
S1_293793732,1,293793732,0,1,0.43607137106466,0.744358461490202
S1_293793763,1,293793763,0,1,0.0627745961843215,0.14978338047164
S1_293795502,1,293795502,0,1,0.803685824659087,1.20094294864368
S1_293795584,1,293795584,0,1,0.730283534350035,1.12099615452476
S1_293795728,1,293795728,0,1,0.85017715945005,0.861809546964291
S1_293797072,1,293797072,0,1,1.30647177613664,1.8372106325325
S1_293797078,1,293797078,0,1,1.92988791753375,2.36754360152911
S1_293807405,1,293807405,0,1,0.583770679459821,0.124440076721933
S1_293930177,1,293930177,0,1,0.620066697101099,0.855954403662817
S1_293930262,1,293930262,0,1,1.02381101915255,1.52582483704289
S1_293931344,1,293931344,0,1,0.0806099490095424,0.125039266496166
S1_293934156,1,293934156,0,1,0.377188005297466,0.60639439892626
S1_293935385,1,293935385,0,1,0.175094068968155,0.380038250662654
S1_293935698,1,293935698,0,1,0.0701324173848318,0.102903105487171
S1_293935721,1,293935721,0,1,0.0333504536790882,0.142480748469045
S1_293942396,1,293942396,0,1,0.951419856390117,0.462711049249538
S1_293942409,1,293942409,0,1,0.529849162614642,0.868395001755271
S1_293942445,1,293942445,0,1,0.863810946024133,0.188754642230942
S1_293944033,1,293944033,0,1,0.186467701809009,0.0724356113013912
S1_293944910,1,293944910,0,1,0.301868750830186,0.0327527628845206
S1_294044123,1,294044123,0,1,1.05499787664763,1.20111404667859
S1_294044129,1,294044129,0,1,1.37442029189748,1.71020813723754
S1_294044189,1,294044189,0,1,0.164380762307865,0.39062164259351
S1_294045079,1,294045079,0,1,1.57528631070689,1.78177562357432
S1_294085083,1,294085083,0,1,0.680477550738507,1.04976472185978
S1_294096742,1,294096742,0,1,0.131353293084994,0.131353293084994
S1_294097769,1,294097769,0,1,0.591725676826509,0.780489923111962
S1_294100151,1,294100151,0,1,1.06266905784758,0.997772499052031
S1_294100238,1,294100238,0,1,1.04768579434738,1.136810278779
S1_294101818,1,294101818,0,1,0.364765955861983,0.512424501139335
S1_294101836,1,294101836,0,1,0.416576166029933,0.178213247222189
S1_294133023,1,294133023,0,1,0.106094682514708,0.134723004405248
S1_294134539,1,294134539,0,1,0.212411003723912,0.477735399501886
S1_294134570,1,294134570,0,1,0.0742645172868997,0.23478172739035
S1_294134827,1,294134827,0,1,0.450158285271571,0.0577052393243175
S1_294135077,1,294135077,0,1,0.0420018181348185,0.169373761097003
S1_294135291,1,294135291,0,1,0.62285454066243,0.708397795215459
S1_294135316,1,294135316,0,1,0.35470904920556,0.35470904920556
S1_294135321,1,294135321,0,1,0.124185125831832,0.214196783741143
S1_294135336,1,294135336,0,1,0.593680181096754,0.638303277104394
S1_294135467,1,294135467,0,1,0.355084737439552,0.309103432681798
S1_294135474,1,294135474,0,1,0.574640698837864,0.219554926712478
S1_294137802,1,294137802,0,1,0.463259074822126,0.748179004514379
S1_294138710,1,294138710,0,1,0.185349555952953,0.448452864250024
S1_294138765,1,294138765,0,1,0.16646191392854,0.412499042341315
S1_294166331,1,294166331,0,1,1.11680564360339,1.35821705633335
S1_294167152,1,294167152,0,1,2.68312381284573,1.6443658619593
S1_294493743,1,294493743,0,1,0.343205122565566,0.528919935859342
S1_294494764,1,294494764,0,1,1.09248442409341,0.852142698273686
S1_294494769,1,294494769,0,1,0.665090171551381,0.665090171551381
S1_294500324,1,294500324,0,1,0.0206390425931128,0.0601395715173717
S1_294625898,1,294625898,0,1,1.60788626223076,1.2390192391114
S1_294625901,1,294625901,0,1,0.497278816477691,0.784727020357658
S1_294636777,1,294636777,0,1,0.2203531305564,0.215818002477671
S1_294645805,1,294645805,0,1,1.48475813816409,1.780940657987
S1_294645817,1,294645817,0,1,1.64669258396698,2.22496641812857
S1_294658748,1,294658748,0,1,0.523921933052122,0.918608869373402
S1_294659144,1,294659144,0,1,0.05371084830063,0.05371084830063
S1_294659446,1,294659446,0,1,0.522612716597129,0.0575403241761979
S1_294710300,1,294710300,0,1,2.46223645744201,3.09766816211885
S1_294710302,1,294710302,0,1,0.446337958744915,0.487554591791595
S1_294728202,1,294728202,0,1,2.86237792467628,2.86237792467628
S1_294728243,1,294728243,0,1,0.481471973439142,0.319701165231415
S1_294728399,1,294728399,0,1,0.266112352704335,0.242376702050603
S1_294728560,1,294728560,0,1,0.695077304751223,1.01613678288185
S1_294813082,1,294813082,0,1,2.70810665063025,3.27295957690433
S1_294813085,1,294813085,0,1,0.409994049692397,0.569443435710781
S1_294894544,1,294894544,0,1,0.967977786559272,0.498175443676515
S1_294899505,1,294899505,0,1,0.255260896368377,0.492262837241275
S1_294899803,1,294899803,0,1,0.23886647388392,0.23886647388392
S1_294906340,1,294906340,0,1,1.5232228807651,0.235527752024734
S1_295002822,1,295002822,0,1,0.701368241226619,1.09363507331537
S1_295003443,1,295003443,0,1,2.60902313020616,3.27589688069134
S1_295003444,1,295003444,0,1,0.198623390452713,0.144603248250475
S1_295003468,1,295003468,0,1,0.0646615831203646,0.0646615831203646
S1_295003474,1,295003474,0,1,0.211368668796841,0.211368668796841
S1_295003620,1,295003620,0,1,0.244673834626184,0.311734599010324
S1_295004023,1,295004023,0,1,1.30645720014413,1.73503000312191
S1_295019057,1,295019057,0,1,0.0101031312612427,0.0678069889145631
S1_295020388,1,295020388,0,1,0.722914966039277,0.667960791241565
S1_295020515,1,295020515,0,1,0.00694669827308352,0.065294285410166
S1_295020696,1,295020696,0,1,0.0445324131434726,0.0445324131434726
S1_295020703,1,295020703,0,1,0.11530073532512,0.11530073532512
S1_295062711,1,295062711,0,1,0.12503641326382,0.340483710484106
S1_295066313,1,295066313,0,1,0.667554705830171,1.07016447511492
S1_295072057,1,295072057,0,1,0.233813471141148,0.493791053219203
S1_295072063,1,295072063,0,1,0.511753627314883,0.884760363389025
S1_295109829,1,295109829,0,1,0.0607117507983506,0.205396754004109
S1_295109845,1,295109845,0,1,0.294522322403357,0.41027797732659
S1_295109886,1,295109886,0,1,0.180812961822937,0.397500806830292
S1_295111740,1,295111740,0,1,0.524649006822596,0.524649006822596
S1_295191072,1,295191072,0,1,1.85185578787222,2.31307832840995
S1_295191090,1,295191090,0,1,3.30186807057,3.55518058006423
S1_295191099,1,295191099,0,1,2.96740209298467,3.56467397956726
S1_295191145,1,295191145,0,1,1.06004226270393,1.33901279335996
S1_295271288,1,295271288,0,1,1.08847381219389,1.45244337978584
S1_295271670,1,295271670,0,1,0.52863564832083,0.80068222920782
S1_295304573,1,295304573,0,1,0.264068872275219,0.162056312410599
S1_295305473,1,295305473,0,1,0.0279781472127947,0.0466698606169857
S1_295315891,1,295315891,0,1,0.795790639578249,0.331625585354762
S1_295315927,1,295315927,0,1,0.057434322919149,0.0481464692485062
S1_295316364,1,295316364,0,1,0.29287969418636,0.406424343632253
S1_295316378,1,295316378,0,1,0.401128333027703,0.587829655048772
S1_295316450,1,295316450,0,1,0.109763403131082,0.242516254846084
S1_295347415,1,295347415,0,1,0.232696829134946,0.232696829134946
S1_295349373,1,295349373,0,1,0.351123438402447,0.274889027443937
S1_295353394,1,295353394,0,1,0.400428268420373,0.400428268420373
S1_295353448,1,295353448,0,1,0.129669083020916,0.0755497669169767
S1_295427614,1,295427614,0,1,0.749644275208204,0.849257553562505
S1_295436643,1,295436643,0,1,0.492728770427308,0.821036649525366
S1_295436699,1,295436699,0,1,0.768369570885854,1.18916016848681
S1_295436799,1,295436799,0,1,1.31388831805733,1.31388831805733
S1_295437019,1,295437019,0,1,0.837785043516716,0.884252483663748
S1_295437335,1,295437335,0,1,0.853144086417218,0.292906389927965
S1_295438516,1,295438516,0,1,0.0333888036948599,0.00148158016123579
S1_295438532,1,295438532,0,1,0.325304977959063,0.325304977959063
S1_295439166,1,295439166,0,1,0.0289782023779096,0.145449026507124
S1_295439172,1,295439172,0,1,0.00673678499738873,0.0281531855224593
S1_295442459,1,295442459,0,1,2.00157126136647,2.44256602446004
S1_295443479,1,295443479,0,1,0.837675872142055,1.22472084730764
S1_295444362,1,295444362,0,1,0.411676161647966,0.725747873090619
S1_295444523,1,295444523,0,1,0.763026935814353,1.04707538807919
S1_295444672,1,295444672,0,1,0.0773736586960778,0.0136851398399174
S1_295444690,1,295444690,0,1,0.182538545155368,0.182538545155368
S1_295444697,1,295444697,0,1,0.438176229895783,0.736459320867698
S1_295444820,1,295444820,0,1,0.156006963715005,0.198959252578416
S1_295444925,1,295444925,0,1,0.208004751925869,0.480418174214304
S1_295450856,1,295450856,0,1,1.10333319607573,1.47769648442742
S1_295450866,1,295450866,0,1,0.575501648831247,0.575501648831247
S1_295450874,1,295450874,0,1,0.636981923518566,0.908401429647761
S1_295455035,1,295455035,0,1,0.0980250067579236,0.146621884129103
S1_295455144,1,295455144,0,1,0.0574339531473597,0.0574339531473597
S1_295456626,1,295456626,0,1,1.83533790914258,2.40724672528631
S1_295456719,1,295456719,0,1,0.692647234632949,0.731330650076221
S1_295456768,1,295456768,0,1,0.11726419181391,0.248963345101041
S1_295468499,1,295468499,0,1,0.313539370774428,0.300132765271976
S1_295475829,1,295475829,0,1,0.715460516008041,1.08330964654685
S1_295476193,1,295476193,0,1,0.0615596219531409,0.130376708332952
S1_295482672,1,295482672,0,1,0.00407443783312671,0.00831346314326403
S1_295490628,1,295490628,0,1,0.125306384301584,0.337218536613869
S1_295548403,1,295548403,0,1,1.09928554600246,0.565554289249167
S1_295548478,1,295548478,0,1,0.830077835495888,0.609071378713766
S1_295548488,1,295548488,0,1,0.193637141350957,0.337538333409989
S1_295548498,1,295548498,0,1,0.0438425599030087,0.179596436419367
S1_295588875,1,295588875,0,1,1.2933867151493,1.76644295751447
S1_295589209,1,295589209,0,1,1.56953125036786,1.54761242249245
S1_295589260,1,295589260,0,1,0.357937336674792,0.0166722590646132
S1_295589320,1,295589320,0,1,0.676537067158338,1.05356425503285
S1_295596748,1,295596748,0,1,0.177398669213598,0.400518572040314
S1_295628301,1,295628301,0,1,0.352167674730192,0.646557707208716
S1_295628804,1,295628804,0,1,0.0579501084407686,0.038030008351452
S1_295630719,1,295630719,0,1,0.249112510006131,0.290782983999012
S1_295630751,1,295630751,0,1,0.0660052414393368,0.204607618528173
S1_295630989,1,295630989,0,1,0.0321673554794256,0.0321673554794256
S1_295760754,1,295760754,0,1,0.126890422014424,0.126890422014424
S1_295761197,1,295761197,0,1,0.0477060855042169,0.0424308402499644
S1_295761232,1,295761232,0,1,0.373012459867125,0.677854568090454
S1_295761255,1,295761255,0,1,0.188274256021399,0.351866864087859
S1_295762637,1,295762637,0,1,0.854225077031722,1.30088616971335
S1_295762684,1,295762684,0,1,0.373033592185195,0.11464273267007
S1_295762691,1,295762691,0,1,0.373443301105475,0.0268174396456939
S1_295764882,1,295764882,0,1,0.053670928584551,0.0444892661199079
S1_295764935,1,295764935,0,1,0.59051306997554,1.00315273521507
S1_295764953,1,295764953,0,1,0.503010578040655,0.753171910638905
S1_295769379,1,295769379,0,1,0.703369730003462,0.703369730003462
S1_295769468,1,295769468,0,1,0.210744454120506,0.486011662526583
S1_295769471,1,295769471,0,1,0.28137076999111,0.592343779741982
S1_295771102,1,295771102,0,1,0.62770756026011,0.968705854326798
S1_295771358,1,295771358,0,1,1.98901458368543,1.64472101765339
S1_295876230,1,295876230,0,1,0.372631278086477,0.312839557569014
S1_295876787,1,295876787,0,1,0.0443977603383205,0.18293382085687
S1_295881488,1,295881488,0,1,0.406909709211534,0.758652595746738
S1_295881659,1,295881659,0,1,0.769923657108227,0.631966118926329
S1_295881893,1,295881893,0,1,0.0937974455481321,0.0937974455481321
S1_295884832,1,295884832,0,1,1.24561123552405,1.57444587642142
S1_295884910,1,295884910,0,1,0.619840530753732,1.03405346957524
S1_295887080,1,295887080,0,1,0.711253303385492,0.79878558144677
S1_295891024,1,295891024,0,1,0.264322963248198,0.181946280327976
S1_295982291,1,295982291,0,1,0.964183726223744,0.964183726223744
S1_295982479,1,295982479,0,1,1.45171946277162,1.45171946277162
S1_295982554,1,295982554,0,1,0.321233149063905,0.193787341234521
S1_295988910,1,295988910,0,1,0.0878368522369357,0.172936642706112
S1_295988919,1,295988919,0,1,0.469306407536116,0.826539993726279
S1_295989667,1,295989667,0,1,0.184176750021672,0.358180768318534
S1_295996792,1,295996792,0,1,0.178452062079636,0.124275558297091
S1_295996884,1,295996884,0,1,0.524260322726938,0.653588861799199
S1_295997271,1,295997271,0,1,0.807180580284697,0.825365397252416
S1_295997301,1,295997301,0,1,0.0107622339847432,0.0249144177057037
S1_295997343,1,295997343,0,1,0.0345727570322742,0.158173075097555
S1_295997403,1,295997403,0,1,0.707272323149826,0.365397206421883
S1_295997419,1,295997419,0,1,0.372897485563683,0.408852749283945
S1_295997452,1,295997452,0,1,2.15044679164589,2.78037296041049
S1_295999052,1,295999052,0,1,0.712259056820562,0.977931512270162
S1_296008416,1,296008416,0,1,0.00584082321758697,0.0339341676660019
S1_296178524,1,296178524,0,1,0.0770896566568944,0.160566697055495
S1_296189817,1,296189817,0,1,0.517069269451058,0.911758071702031
S1_296189841,1,296189841,0,1,0.072200133067979,0.147413233796169
S1_296190001,1,296190001,0,1,0.125851121012788,0.182625207387813
S1_296190073,1,296190073,0,1,0.188085510833478,0.17324076481179
S1_296202941,1,296202941,0,1,0.322398810183535,0.624347135388525
S1_296203888,1,296203888,0,1,0.102453381862666,0.102453381862666
S1_296204049,1,296204049,0,1,0.0636125104252703,0.148958056935964
S1_296204411,1,296204411,0,1,0.686427751848394,0.606125208207436
S1_296204462,1,296204462,0,1,0.0648892504819868,0.218502846460325
S1_296204473,1,296204473,0,1,0.0483534963365238,0.166577660412071
S1_296204481,1,296204481,0,1,0.093062448757946,0.055958965430293
S1_296204589,1,296204589,0,1,1.55593849020374,0.786050454217069
S1_296205408,1,296205408,0,1,0.412153751899116,0.7712385680501
S1_296205591,1,296205591,0,1,0.233858526109498,0.457221493806786
S1_296205594,1,296205594,0,1,0.0392752094723922,0.173388747126733
S1_296205606,1,296205606,0,1,0.135993574323438,0.237001760385881
S1_296205820,1,296205820,0,1,0.323403665840384,0.435383660803179
S1_296205832,1,296205832,0,1,0.0422144007350617,0.00695718663375155
S1_296260005,1,296260005,0,1,0.0482243748524792,0.0437008858192512
S1_296260069,1,296260069,0,1,0.27867877180755,0.539603737133633
S1_296261326,1,296261326,0,1,0.00553306808870233,0.0560081852655437
S1_296265914,1,296265914,0,1,0.314004508034225,0.611926983245234
S1_296563114,1,296563114,0,1,0.185942388983529,0.152707678274318
S1_296563130,1,296563130,0,1,0.205431429870228,0.0493227932311783
S1_296662411,1,296662411,0,1,1.10027297491747,1.61358038459398
S1_296663126,1,296663126,0,1,0.909982180194522,1.08732864051411
S1_296663129,1,296663129,0,1,0.500080248652441,0.323677912338472
S1_296663149,1,296663149,0,1,0.22855083249771,0.504229388745829
S1_296663155,1,296663155,0,1,0.174442241739186,0.142293011495336
S1_296663162,1,296663162,0,1,0.39937026718542,0.220699228991862
S1_296708267,1,296708267,0,1,0.502822188146417,0.732432611846158
S1_296708846,1,296708846,0,1,0.834180664754444,0.834180664754444
S1_296710456,1,296710456,0,1,0.0227787901742123,0.0227787901742123
S1_296710469,1,296710469,0,1,0.179897524103821,0.00368643092609511
S1_296710490,1,296710490,0,1,0.309497680510197,0.291585153892047
S1_296710498,1,296710498,0,1,0.165413188200958,0.165413188200958
S1_296767777,1,296767777,0,1,0.377153498593539,0.220838228276684
S1_296767813,1,296767813,0,1,0.406281895855225,0.561946482142534
S1_296767820,1,296767820,0,1,0.0307108428789666,0.0752100401646354
S1_296768102,1,296768102,0,1,0.154936407893379,0.128130465797575
S1_296768324,1,296768324,0,1,0.121165072236861,0.144587856003084
S1_296768883,1,296768883,0,1,0.175504835915847,0.262006831624579
S1_296769016,1,296769016,0,1,2.02101510601468,1.9939641605209
S1_296769048,1,296769048,0,1,0.178719099886523,0.0187937960796061
S1_296770772,1,296770772,0,1,0.737032278372631,1.0053482159955
S1_296770795,1,296770795,0,1,0.758151668597929,1.13367415882721
S1_296773635,1,296773635,0,1,0.0742879525244027,0.0742879525244027
S1_296846403,1,296846403,0,1,0.0549695806666906,0.0549695806666906
S1_296848281,1,296848281,0,1,1.01283359195722,1.19451184394438
S1_296848314,1,296848314,0,1,0.264661414740395,0.531118050990064
S1_296848330,1,296848330,0,1,0.271663675765311,0.252152535401904
S1_296848642,1,296848642,0,1,0.0285585083257495,0.0673885963620505
S1_296848647,1,296848647,0,1,0.190203658906087,0.450454469901397
S1_296848704,1,296848704,0,1,0.164174853422329,0.164174853422329
S1_296849348,1,296849348,0,1,2.98906246186158,3.15198393991865
S1_296849383,1,296849383,0,1,1.47371649007863,1.80291411677399
S1_296849390,1,296849390,0,1,0.366075329969754,0.688656999820357
S1_296849807,1,296849807,0,1,1.43435625502108,1.7381936651509
S1_296849867,1,296849867,0,1,0.0599149895517412,0.210520677322
S1_296849903,1,296849903,0,1,0.18913482194708,0.380848901564682
S1_296849933,1,296849933,0,1,0.245131992459233,0.473556494631107
S1_296891436,1,296891436,0,1,0.393207395429578,0.393207395429578
S1_296894655,1,296894655,0,1,0.643664622831569,1.03664464300176
S1_296894849,1,296894849,0,1,0.231633801031441,0.231633801031441
S1_296894905,1,296894905,0,1,0.426031497736448,0.426031497736448
S1_296904268,1,296904268,0,1,0.933650080497246,1.16383127721345
S1_296948956,1,296948956,0,1,0.0342388832534416,0.0142648580801323
S1_296960038,1,296960038,0,1,0.571153867470797,0.497655653071153
S1_296960040,1,296960040,0,1,0.375915843243847,0.215277024275996
S1_296961514,1,296961514,0,1,0.0106089791692834,0.000679382304005441
S1_296961619,1,296961619,0,1,0.175920223234832,0.327493130832102
S1_296961976,1,296961976,0,1,0.306628840676945,0.388160945144515
S1_296990773,1,296990773,0,1,0.078092945950553,0.167403935799604
S1_297017753,1,297017753,0,1,0.406158633821419,0.73854752462735
S1_297017756,1,297017756,0,1,0.39922337193567,0.222824921492131
S1_297017762,1,297017762,0,1,0.24806928865127,0.541551547679255
S1_297017768,1,297017768,0,1,0.0416954647150758,0.0498197460454246
S1_297017771,1,297017771,0,1,0.0413133985071095,0.0742543535986771
S1_297161563,1,297161563,0,1,0.449919878068586,0.449919878068586
S1_297297412,1,297297412,0,1,0.130811501353573,0.336707060779003
S1_297468327,1,297468327,0,1,0.0624814564862297,0.0624814564862297
S1_297512127,1,297512127,0,1,0.179501902939235,0.399218344145506
S1_297512130,1,297512130,0,1,0.25507617949295,0.517503590684216
S1_297517631,1,297517631,0,1,0.186824206636131,0.183182904572669
S1_297517632,1,297517632,0,1,0.221335599268129,0.116399945150753
S1_297594049,1,297594049,0,1,0.130494741141417,0.306457726184353
S1_297594062,1,297594062,0,1,0.0358340556230519,0.00787109418120243
S1_297596507,1,297596507,0,1,0.00555694986244099,0.0577470400461671
S1_297605903,1,297605903,0,1,1.01219593242699,1.51209152932539
S1_297608050,1,297608050,0,1,0.135467253099445,0.0768523851449902
S1_297744846,1,297744846,0,1,0.393885730139247,0.393885730139247
S1_297744878,1,297744878,0,1,0.0610715410446075,0.0610715410446075
S1_297744881,1,297744881,0,1,0.393885730139247,0.393885730139247
S1_297750325,1,297750325,0,1,0.180058675766966,0.441001094517027
S1_297750397,1,297750397,0,1,0.17902623570149,0.17902623570149
S1_297750454,1,297750454,0,1,0.17669877946458,0.0999051151707525
S1_297750483,1,297750483,0,1,0.0420133050975038,0.152125632766645
S1_297752559,1,297752559,0,1,0.0844752045474069,0.0564828494793214
S1_297753226,1,297753226,0,1,0.701914200014057,0.892849752089684
S1_297756305,1,297756305,0,1,0.101068201439436,0.0158371686060054
S1_297790683,1,297790683,0,1,0.276425226241396,0.490614102845072
S1_297790728,1,297790728,0,1,0.31013600827294,0.632503345591029
S1_297790753,1,297790753,0,1,0.0600075837709168,0.120845275386649
S1_297791270,1,297791270,0,1,0.0308153360026448,0.0308153360026448
S1_297795326,1,297795326,0,1,0.20053281820234,0.213861071922087
S1_297804481,1,297804481,0,1,0.899657214732132,1.38035277279529
S1_297861322,1,297861322,0,1,0.130535002746985,0.0653038202253895
S1_297914016,1,297914016,0,1,0.564622335462128,0.947316729981862
S1_297916320,1,297916320,0,1,0.987494145995669,1.22854358833373
S1_297916395,1,297916395,0,1,NA,NA
S1_297963856,1,297963856,0,1,0.0400801957621114,0.0400801957621114
S1_297963913,1,297963913,0,1,0.447410309912091,0.584931142787315
S1_297964563,1,297964563,0,1,0.0673237283300383,0.0673237283300383
S1_297965156,1,297965156,0,1,0.846391985950638,0.785082948114147
S1_297965182,1,297965182,0,1,1.64066813892483,2.22539985729152
S1_297976740,1,297976740,0,1,1.14280279801877,1.57881959045858
S1_297976784,1,297976784,0,1,1.18341021770528,0.861218851806109
S1_297976787,1,297976787,0,1,0.0515420824108386,0.0627017093121614
S1_297977885,1,297977885,0,1,0.631993144913165,0.982826286409045
S1_297977887,1,297977887,0,1,0.172802499906886,0.02379420068714
S1_297977941,1,297977941,0,1,0.777971346164047,1.08772198414514
S1_297977977,1,297977977,0,1,0.195584909762633,0.119050659330847
S1_298075461,1,298075461,0,1,0.168499408831977,0.0512550645973649
S1_298075564,1,298075564,0,1,0.475792037893031,0.475792037893031
S1_298126932,1,298126932,0,1,0.197889316162697,0.408922158600465
S1_298127789,1,298127789,0,1,0.0360040306037917,0.149136092033412
S1_298127792,1,298127792,0,1,0.938573005636529,1.23024660746207
S1_298127800,1,298127800,0,1,0.352998849422664,0.00660786495823734
S1_298127844,1,298127844,0,1,0.487431187550328,0.8077972103246
S1_298133650,1,298133650,0,1,0.0861569761326037,0.272313781062045
S1_298133714,1,298133714,0,1,0.236318517644671,0.320459979781371
S1_298136801,1,298136801,0,1,0.0137971377321598,0.0521557807598091
S1_298136812,1,298136812,0,1,0.0660399980283498,0.206933931981954
S1_298141745,1,298141745,0,1,0.267692415469636,0.55367633967859
S1_298141757,1,298141757,0,1,0.0442250592668754,0.0233547659422779
S1_298141766,1,298141766,0,1,0.0154299858266151,0.0964584618111472
S1_298141774,1,298141774,0,1,0.247813020024651,0.429040093324753
S1_298141868,1,298141868,0,1,0.7010009087205,0.7010009087205
S1_298141903,1,298141903,0,1,0.109730803754753,0.11736000646312
S1_298156686,1,298156686,0,1,0.421355151114038,0.668784238685865
S1_298156755,1,298156755,0,1,0.310529187540291,0.310529187540291
S1_298156773,1,298156773,0,1,0.115380606472814,0.115380606472814
S1_298156775,1,298156775,0,1,0.143689986486194,0.143689986486194
S1_298156910,1,298156910,0,1,0.23569185160174,0.23569185160174
S1_298157015,1,298157015,0,1,0.170843025892646,0.425443314715053
S1_298157449,1,298157449,0,1,0.662511608226489,1.0386664424778
S1_298157509,1,298157509,0,1,0.050041171095979,0.150333411017349
S1_298272003,1,298272003,0,1,0.313691069918261,0.521821955178049
S1_298272016,1,298272016,0,1,0.0528539451984753,0.0245136905795327
S1_298272026,1,298272026,0,1,0.210942627999191,0.374285863299976
S1_298273257,1,298273257,0,1,NA,NA
S1_298298057,1,298298057,0,1,0.0659453362172567,0.175679902104199
S1_298312411,1,298312411,0,1,0.0372750269256324,0.0285685796422745
S1_298312528,1,298312528,0,1,0.231188737648448,0.0685174206603275
S1_298312598,1,298312598,0,1,0.369322247911647,0.369322247911647
S1_298341855,1,298341855,0,1,1.52371183533072,2.09304509867167
S1_298410665,1,298410665,0,1,0.19695179028421,0.19695179028421
S1_298410666,1,298410666,0,1,0.0127309618987474,0.0127309618987474
S1_298410667,1,298410667,0,1,0.197639314483504,0.197639314483504
S1_298410722,1,298410722,0,1,0.615792952695121,0.615792952695121
S1_298414252,1,298414252,0,1,0.140299183896721,0.140299183896721
S1_298432473,1,298432473,0,1,0.971488874922194,0.971488874922194
S1_298433537,1,298433537,0,1,0.330932594647549,0.159982460982566
S1_298434411,1,298434411,0,1,0.409859242232587,0.28220260250252
S1_298436837,1,298436837,0,1,0.204249256748172,0.449124657161227
S1_298437657,1,298437657,0,1,NA,NA
S1_298437679,1,298437679,0,1,1.23198506040676,1.48054939305639
S1_298437683,1,298437683,0,1,0.232883381641078,0.203155109042555
S1_298437725,1,298437725,0,1,0.854750875737204,1.14895739952141
S1_298437740,1,298437740,0,1,0.284219449681371,0.161144469425775
S1_298579992,1,298579992,0,1,0.0432879762688975,0.0117125931478659
S1_298584836,1,298584836,0,1,0.802902579257453,0.935391509094783
S1_298586223,1,298586223,0,1,0.237604172876808,0.124667273207389
S1_298586710,1,298586710,0,1,0.00715325247341778,0.00715325247341778
S1_298586789,1,298586789,0,1,0.197162946326529,0.197162946326529
S1_298687707,1,298687707,0,1,0.261967385724754,0.261967385724754
S1_298687882,1,298687882,0,1,0.556058016478817,0.891679326956567
S1_298687884,1,298687884,0,1,0.561102960285503,0.957476114329958
S1_298687962,1,298687962,0,1,0.0589324386024068,0.2191760315363
S1_298688002,1,298688002,0,1,1.17865794122003,1.17865794122003
S1_298688032,1,298688032,0,1,0.283640275242822,0.524205191990125
S1_298688057,1,298688057,0,1,1.17865794122003,1.17865794122003
S1_298688610,1,298688610,0,1,NA,NA
S1_298688652,1,298688652,0,1,0.345467698591208,0.474243114575806
S1_298688730,1,298688730,0,1,0.157933964178,0.144440573054141
S1_298688745,1,298688745,0,1,1.00136851604787,1.34968135789237
S1_298689240,1,298689240,0,1,0.481595102861806,0.817737348808256
S1_298689616,1,298689616,0,1,NA,NA
S1_298689673,1,298689673,0,1,1.28740886718652,1.28740886718652
S1_298689685,1,298689685,0,1,0.0731290148969837,0.121588069956073
S1_298690309,1,298690309,0,1,0.0716710514311515,0.0716710514311515
S1_298690392,1,298690392,0,1,0.634978494706186,0.914431222324352
S1_298690571,1,298690571,0,1,0.211016758440623,0.211016758440623
S1_298693078,1,298693078,0,1,0.126383875762797,0.139253684407779
S1_298735074,1,298735074,0,1,0.584220102765817,0.902813403511243
S1_298738925,1,298738925,0,1,0.329899004747943,0.645661942573351
S1_298782182,1,298782182,0,1,0.69369147032998,1.12867944546904
S1_298787616,1,298787616,0,1,0.549960855372431,0.589617187163323
S1_298826947,1,298826947,0,1,0.0164863081466644,0.0164863081466644
S1_298831544,1,298831544,0,1,0.169114608415583,0.109487129387273
S1_298863669,1,298863669,0,1,1.59940816609548,1.49672415357373
S1_298963248,1,298963248,0,1,0.124259323545406,0.33884779853509
S1_298964903,1,298964903,0,1,0.763217759812997,1.11427279956272
S1_298965073,1,298965073,0,1,0.336577064289924,0.659772733084045
S1_298965215,1,298965215,0,1,1.52641214016578,2.04475983720415
S1_298965293,1,298965293,0,1,0.834857994429383,1.15148975982901
S1_298965319,1,298965319,0,1,0.33975917874332,0.63394268498265
S1_298969159,1,298969159,0,1,0.132971087513378,0.132971087513378
S1_298969531,1,298969531,0,1,0.00743778496984047,0.0657226151114049
S1_298973762,1,298973762,0,1,0.634296696741081,0.902972412495505
S1_298974400,1,298974400,0,1,0.246786590268078,0.405233049950314
S1_298974405,1,298974405,0,1,0.0125003609636456,0.072487132137828
S1_298981324,1,298981324,0,1,0.600497362561635,0.931438156678411
S1_298983618,1,298983618,0,1,0.491036813498493,0.694467528942682
S1_298984633,1,298984633,0,1,0.0821354854574102,0.0266690790218153
S1_298985014,1,298985014,0,1,0.963596463382389,1.32142858624911
S1_298985016,1,298985016,0,1,0.652982400071132,0.743647103351481
S1_298990508,1,298990508,0,1,0.403292158907385,0.627809836578192
S1_299043306,1,299043306,0,1,0.627202496241951,1.05064329838774
S1_299043412,1,299043412,0,1,1.29663943753807,1.53862389519319
S1_299045413,1,299045413,0,1,0.0647109684231268,0.0193703600821019
S1_299045443,1,299045443,0,1,0.397591711186824,0.397591711186824
S1_299122124,1,299122124,0,1,2.02711734107295,2.26475223164167
S1_299196935,1,299196935,0,1,0.637876059436931,0.637876059436931
S1_299199070,1,299199070,0,1,0.165528004506073,0.417261566148377
S1_299199071,1,299199071,0,1,0.183522548023227,0.409038482565831
S1_299199101,1,299199101,0,1,0.729052516459443,1.15505416812661
S1_299283355,1,299283355,0,1,0.124581661209955,0.124581661209955
S1_299283370,1,299283370,0,1,1.36185456472674,1.36185456472674
S1_299283428,1,299283428,0,1,0.06400241415443,0.198007800276621
S1_299287996,1,299287996,0,1,0.335635917241448,0.623887205119829
S1_299329076,1,299329076,0,1,0.682471098116036,0.682471098116036
S1_299389006,1,299389006,0,1,0.843790341205621,0.843790341205621
S1_299405479,1,299405479,0,1,0.811096188510589,0.811096188510589
S1_299405640,1,299405640,0,1,0.938971031934647,1.15354575945074
S1_299405896,1,299405896,0,1,0.655752645244796,1.02532740457939
S1_299406058,1,299406058,0,1,0.372973258179393,0.413119720545803
S1_299407093,1,299407093,0,1,1.05529899070163,0.528552269012989
S1_299418553,1,299418553,0,1,0.108845002262613,0.108845002262613
S1_299462239,1,299462239,0,1,0.209901753908439,0.444633575762442
S1_299467018,1,299467018,0,1,0.223625998049311,0.347876416430415
S1_299468209,1,299468209,0,1,0.798346752016798,1.07416087343708
S1_299470567,1,299470567,0,1,0.342949492354377,0.656997748024996
S1_299473432,1,299473432,0,1,0.477506374632976,0.724895781241293
S1_299528899,1,299528899,0,1,0.524358920022514,0.864254544258087
S1_299529366,1,299529366,0,1,0.0432446789384731,0.0432446789384731
S1_299529470,1,299529470,0,1,0.0106209202423253,0.0106209202423253
S1_299529480,1,299529480,0,1,0.584656762558762,0.403230893952708
S1_299565767,1,299565767,0,1,0.567646394266431,0.343637326188075
S1_299609421,1,299609421,0,1,0.2031879744122,0.110148042799503
S1_299609431,1,299609431,0,1,0.343370607631025,0.387647556629822
S1_299609447,1,299609447,0,1,0.338162125172002,0.338162125172002
S1_299642474,1,299642474,0,1,0.367972550838007,0.199092724470208
S1_299697773,1,299697773,0,1,0.054065713658615,0.208959405623582
S1_299901136,1,299901136,0,1,0.350387118206895,0.333709794188368
S1_299902450,1,299902450,0,1,0.191534191148155,0.0745633771721502
S1_299902846,1,299902846,0,1,0.256519059789955,0.233237832307382
S1_299974079,1,299974079,0,1,0.396393993200954,0.396393993200954
S1_299974100,1,299974100,0,1,0.261485631272245,0.261485631272245
S1_299974119,1,299974119,0,1,NA,NA
S1_299974177,1,299974177,0,1,0.530358211247292,0.58385845202659
S1_299977012,1,299977012,0,1,0.0230798233457445,0.00842859787172918
S1_299977354,1,299977354,0,1,0.33876231381648,0.123027763919833
S1_299980524,1,299980524,0,1,0.23518446578756,0.23518446578756
S1_299983398,1,299983398,0,1,0.144335519881402,0.376284109319791
S1_299983471,1,299983471,0,1,0.401265727434823,0.40007756130261
S1_299983654,1,299983654,0,1,0.294771375055298,0.294771375055298
S1_299985161,1,299985161,0,1,0.588739949347106,0.166847528522476
S1_299988230,1,299988230,0,1,0.117854782097134,0.226358832444064
S1_299989160,1,299989160,0,1,0.624595046670055,0.910525773811588
S1_300037491,1,300037491,0,1,0.163184552071355,0.163184552071355
S1_300037520,1,300037520,0,1,0.315050299717949,0.315050299717949
S1_300037709,1,300037709,0,1,0.153121797023812,0.370426394954591
S1_300037720,1,300037720,0,1,0.362310659356401,0.52201936001771
S1_300040871,1,300040871,0,1,2.00681028010527,2.00681028010527
S1_300040897,1,300040897,0,1,0.34660206523286,0.0800228003568661
S1_300040908,1,300040908,0,1,0.348301367456708,0.133363700478694
S1_300094775,1,300094775,0,1,0.3281568460089,0.3281568460089
S1_300094805,1,300094805,0,1,0.364432436372407,0.328555880061294
S1_300272611,1,300272611,0,1,0.205657326339746,0.210294990548249
S1_300274765,1,300274765,0,1,0.841795741248896,0.740989891833095
S1_300280273,1,300280273,0,1,0.547487712337108,0.898237454332277
S1_300282112,1,300282112,0,1,0.451780068431329,0.451780068431329
S1_300282142,1,300282142,0,1,0.0545344627895713,0.0547710545433781
S1_300384508,1,300384508,0,1,0.184493124085057,0.0181596561429984
S1_300433998,1,300433998,0,1,0.209488349190905,0.381853195690484
S1_300435122,1,300435122,0,1,0.591942349269505,0.908819939512643
S1_300436158,1,300436158,0,1,0.157224996565075,0.392972241737407
S1_300444440,1,300444440,0,1,0.367509929515118,0.16483583368474
S1_300445253,1,300445253,0,1,0.0554857989403671,0.0734160274931309
S1_300445274,1,300445274,0,1,0.767423466519262,0.767423466519262
S1_300634822,1,300634822,0,1,0.239757718977792,0.424359887877795
S1_300634824,1,300634824,0,1,0.291888622549313,0.0135392192930136
S1_300659104,1,300659104,0,1,0.185492118204578,0.449618319096119
S1_300739508,1,300739508,0,1,0.226143195360043,0.0515144063413476
S1_300739619,1,300739619,0,1,0.355356348535316,0.141813490936829
S1_300739688,1,300739688,0,1,0.134800916749672,0.233664046879143
S1_300739894,1,300739894,0,1,0.82377829192377,0.982755060279964
S1_300739900,1,300739900,0,1,0.264010840734631,0.279990925831591
S1_300740373,1,300740373,0,1,0.252517988593335,0.551701755018296
S1_300741238,1,300741238,0,1,0.27794282100609,0.351375670097465
S1_300744787,1,300744787,0,1,0.733629804719237,0.733629804719237
S1_300744818,1,300744818,0,1,0.153312225004432,0.240177911322888
S1_300744838,1,300744838,0,1,0.173053017874636,0.283853295634082
S1_300744863,1,300744863,0,1,0.216395851342821,0.216395851342821
S1_300800382,1,300800382,0,1,0.725976708406923,0.725976708406923
S1_300801437,1,300801437,0,1,0.187221653805981,0.212597647304057
S1_300844214,1,300844214,0,1,1.3259864536234,1.3259864536234
S1_300844382,1,300844382,0,1,0.0304485898581904,0.106631743584537
S1_300872510,1,300872510,0,1,0.115101851772695,0.0279697519246512
S1_300927100,1,300927100,0,1,1.75711236035288,1.56575004903209
S1_301168145,1,301168145,0,1,0.359297005761957,0.20167891782427
S1_301252447,1,301252447,0,1,1.44696093697363,1.44696093697363
S2_10056,2,10056,0,1,0.173329289903968,0.235593636228615
S2_10228,2,10228,0,1,0.0785947962434298,0.0117640420445141
S2_10232,2,10232,0,1,0.211902467671169,0.0315757719342623
S2_10267,2,10267,0,1,0.964997217211002,0.516192863512141
S2_135318,2,135318,0,1,0.651004629461205,0.651004629461205
S2_604986,2,604986,0,1,0.138006626860028,0.354093797979628
S2_604990,2,604990,0,1,0.265398273849398,0.549095618153618
S2_605987,2,605987,0,1,0.278352238753624,0.278352238753624
S2_659687,2,659687,0,1,0.894729035690398,1.33328456654193
S2_659697,2,659697,0,1,0.367198201998417,0.13874123302006
S2_720760,2,720760,0,1,0.408114259958461,0.5353325945115
S2_721631,2,721631,0,1,0.268131571686968,0.517049956223551
S2_721743,2,721743,0,1,0.000835381152818801,0.0179109725373747
S2_721848,2,721848,0,1,1.09529393041931,1.09529393041931
S2_722630,2,722630,0,1,1.2120947598841,1.67339210518549
S2_726841,2,726841,0,1,0.238116810163164,0.469289692703913
S2_726854,2,726854,0,1,0.566277704343709,0.955825375340221
S2_752131,2,752131,0,1,0.296806142808504,0.296806142808504
S2_752144,2,752144,0,1,0.273947067308154,0.35043057559718
S2_752171,2,752171,0,1,0.331726997285783,0.323695100222958
S2_756069,2,756069,0,1,0.0821475829275691,0.204831557638603
S2_841082,2,841082,0,1,0.0469960573823495,0.118383907599206
S2_841463,2,841463,0,1,0.820484403662271,0.820484403662271
S2_847579,2,847579,0,1,0.722645856414241,0.679656912225553
S2_847581,2,847581,0,1,0.427186091603072,0.793467653149966
S2_847586,2,847586,0,1,0.393489315405538,0.610057745352009
S2_847777,2,847777,0,1,0.0196765880111578,0.0974316250773036
S2_847816,2,847816,0,1,0.223665605158364,0.496663975230885
S2_847881,2,847881,0,1,0.765559031672366,0.765559031672366
S2_848770,2,848770,0,1,0.490511160838272,0.490511160838272
S2_848794,2,848794,0,1,0.42927271067048,0.42927271067048
S2_897293,2,897293,0,1,0.0215775355210045,0.0366344481326186
S2_897598,2,897598,0,1,0.80817636371572,0.66319582977971
S2_901462,2,901462,0,1,0.0344923136261879,0.0267754687208875
S2_923555,2,923555,0,1,0.41086688735511,0.387514575285331
S2_1035863,2,1035863,0,1,0.769332186087211,0.333111807571282
S2_1036091,2,1036091,0,1,0.56316921543612,0.00248096711078592
S2_1040205,2,1040205,0,1,0.239288982570657,0.370778209733015
S2_1040723,2,1040723,0,1,0.123711291746441,0.241545792939181
S2_1040966,2,1040966,0,1,0.787634678321146,1.23469776815839
S2_1102278,2,1102278,0,1,0.206053698515162,0.33837275042982
S2_1187457,2,1187457,0,1,0.365508353358604,0.365508353358604
S2_1210020,2,1210020,0,1,0.16068636940604,0.16068636940604
S2_1265068,2,1265068,0,1,0.325377898839728,0.019601096543488
S2_1269522,2,1269522,0,1,1.04457882003829,1.04457882003831
S2_1274511,2,1274511,0,1,0.0182777336063996,0.0806008570572664
S2_1279111,2,1279111,0,1,0.964610902999091,0.964610902999091
S2_1279616,2,1279616,0,1,0.316490936851029,0.586693644481186
S2_1281291,2,1281291,0,1,0.0782662126949757,0.0782662126949757
S2_1281489,2,1281489,0,1,0.898913361774379,0.345224968698584
S2_1281568,2,1281568,0,1,0.2856226367104,0.2856226367104
S2_1289378,2,1289378,0,1,0.154564820998771,0.154564820998771
S2_1289402,2,1289402,0,1,0.339383785566417,0.339383785566417
S2_1290124,2,1290124,0,1,1.59886191650028,0.309443962615195
S2_1310010,2,1310010,0,1,0.0868472234412915,0.241912050905405
S2_1310044,2,1310044,0,1,0.061020309808926,0.182681384150748
S2_1317055,2,1317055,0,1,0.40869675167645,0.062366322574652
S2_1317057,2,1317057,0,1,0.314041112935242,0.054198540023297
S2_1317066,2,1317066,0,1,0.419099314196747,0.21478374469281
S2_1329463,2,1329463,0,1,0.771402947159655,0.903363624479801
S2_1334298,2,1334298,0,1,0.193949514886592,0.0738111606077244
S2_1351136,2,1351136,0,1,1.01327780307857,1.33458393053051
S2_1351519,2,1351519,0,1,0.0194240617896083,0.0827735013420501
S2_1351522,2,1351522,0,1,0.960670189307404,0.960670189307404
S2_1351572,2,1351572,0,1,0.597441227733615,0.18361020629029
S2_1351650,2,1351650,0,1,0.0877912770309418,0.20002228666434
S2_1352622,2,1352622,0,1,0.076405878879824,0.076405878879824
S2_1352907,2,1352907,0,1,0.0664932254102742,0.114356538012135
S2_1352921,2,1352921,0,1,1.09885880959029,1.58188150919957
S2_1360101,2,1360101,0,1,0.628075318012744,0.867809538222083
S2_1360211,2,1360211,0,1,0.495352432968534,0.32784636785325
S2_1360227,2,1360227,0,1,1.24976038416655,1.29342391536498
S2_1360500,2,1360500,0,1,0.167307018576989,0.0487706846132491
S2_1360522,2,1360522,0,1,0.0861345391157013,0.25037916430426
S2_1435422,2,1435422,0,1,0.115284105175722,0.0703934030579727
S2_1435445,2,1435445,0,1,0.064627339282803,0.188347041144665
S2_1436467,2,1436467,0,1,1.63362289911848,0.596452760225308
S2_1437975,2,1437975,0,1,0.858248533671149,1.28321287358664
S2_1438040,2,1438040,0,1,0.291583668875904,0.227331513146155
S2_1438042,2,1438042,0,1,0.172000024185711,0.39253393244754
S2_1438069,2,1438069,0,1,0.355448058492554,0.473181131611647
S2_1447564,2,1447564,0,1,0.2921349239221,0.2921349239221
S2_1448335,2,1448335,0,1,0.250663225709942,0.370686249513279
S2_1448365,2,1448365,0,1,0.439327145281584,0.663137997027373
S2_1448458,2,1448458,0,1,0.730743025054828,0.956260275922234
S2_1453787,2,1453787,0,1,0.139675378877016,0.203619372277955
S2_1455548,2,1455548,0,1,0.417038626757571,0.585012096859753
S2_1455632,2,1455632,0,1,0.632880071419744,0.555974716977366
S2_1455671,2,1455671,0,1,0.63433469054243,1.05461544733372
S2_1461882,2,1461882,0,1,0.126023920512299,0.280923652676929
S2_1461966,2,1461966,0,1,0.0342704111030072,0.0518271620559619
S2_1462813,2,1462813,0,1,0.479883241254948,0.48852870070492
S2_1462821,2,1462821,0,1,0.458330899435806,0.29178280728029
S2_1462824,2,1462824,0,1,0.474135541286764,0.0628301178286439
S2_1463131,2,1463131,0,1,0.0880297589611501,0.0880297589611501
S2_1463152,2,1463152,0,1,0.172216022609879,0.422867607185096
S2_1463207,2,1463207,0,1,0.536936406129084,0.536936406129084
S2_1536084,2,1536084,0,1,0.201849281741101,0.130559507957749
S2_1543169,2,1543169,0,1,0.207728579528132,0.0429901629238213
S2_1543191,2,1543191,0,1,0.418145874208016,0.0520774796552463
S2_1544145,2,1544145,0,1,0.148958908070931,0.390208139650055
S2_1546606,2,1546606,0,1,0.433233342336583,0.222723655510243
S2_1546608,2,1546608,0,1,0.450288047293336,0.259044200146757
S2_1546615,2,1546615,0,1,0.424519379818043,0.16902973020517
S2_1546697,2,1546697,0,1,0.075555594864425,0.22943389278442
S2_1553601,2,1553601,0,1,0.172449695315393,0.172449695315393
S2_1556746,2,1556746,0,1,0.33385205138592,0.33385205138592
S2_1561654,2,1561654,0,1,0.183437601019685,0.286011223267698
S2_1561732,2,1561732,0,1,2.05281567361266,2.05281567361266
S2_1563536,2,1563536,0,1,NA,0.179476760355407
S2_1563603,2,1563603,0,1,0.390645169024514,0.461313864909426
S2_1563617,2,1563617,0,1,0.956510139136653,0.829959310708687
S2_1563630,2,1563630,0,1,1.48357936859844,1.30944904950529
S2_1563736,2,1563736,0,1,0.034056960523668,0.151753334196815
S2_1568238,2,1568238,0,1,0.652113188065362,1.07950784333932
S2_1568265,2,1568265,0,1,0.0764354060895491,0.25403656627586
S2_1624529,2,1624529,0,1,0.702559120762254,0.817522558599197
S2_1629862,2,1629862,0,1,0.208791632314059,0.425835838358176
S2_1629892,2,1629892,0,1,0.0269448862708061,0.0220827195428716
S2_1630576,2,1630576,0,1,0.0462483258439929,0.1321908188369
S2_1630584,2,1630584,0,1,0.122799927243096,0.122799927243096
S2_1632740,2,1632740,0,1,0.414160976758527,0.663528736669555
S2_1632775,2,1632775,0,1,1.53266920708771,1.53266920708771
S2_1632788,2,1632788,0,1,0.463937303705627,0.670995687194693
S2_1633505,2,1633505,0,1,0.22718030984122,0.458545919774001
S2_1633509,2,1633509,0,1,0.53883395667152,0.866953620558364
S2_1633562,2,1633562,0,1,0.296187228249818,0.575284559814953
S2_1633766,2,1633766,0,1,0.0640737596001279,0.113354759224596
S2_1633793,2,1633793,0,1,1.01259894461446,1.51274485169177
S2_1640076,2,1640076,0,1,0.13487892230138,0.364852329582637
S2_1641036,2,1641036,0,1,1.53427138334525,0.0255369476151978
S2_1649165,2,1649165,0,1,0.06575699242387,0.151305330618066
S2_1649214,2,1649214,0,1,0.0301554517878037,0.135703302167344
S2_1649358,2,1649358,0,1,0.059423981634502,0.215208864444503
S2_1653323,2,1653323,0,1,0.175960310177564,0.050805777616314
S2_1653416,2,1653416,0,1,0.287582536198265,0.176362832044717
S2_1653462,2,1653462,0,1,0.358318070718821,0.317466849712549
S2_1653467,2,1653467,0,1,0.270028543868363,0.577682465696813
S2_1654484,2,1654484,0,1,0.169997340997361,0.185019254435986
S2_1680098,2,1680098,0,1,0.664943358535521,0.664943358535521
S2_1682430,2,1682430,0,1,0.409904644898605,0.0520295668869751
S2_1683494,2,1683494,0,1,0.1359528796974,0.1359528796974
S2_1689546,2,1689546,0,1,0.0348902577177111,0.0348902577177111
S2_1693042,2,1693042,0,1,0.221505949478443,0.445929439135591
S2_1694512,2,1694512,0,1,0.0241710918568125,0.131646588578245
S2_1711163,2,1711163,0,1,0.0895712216263689,0.141865265231197
S2_1713666,2,1713666,0,1,1.46838255848818,1.58838541791501
S2_1715723,2,1715723,0,1,0.37344094073656,0.390210541185526
S2_1715822,2,1715822,0,1,0.705977891176543,0.269056624965672
S2_1715859,2,1715859,0,1,0.476325993619393,0.506335937721286
S2_1717319,2,1717319,0,1,0.327180284679163,0.54765923885566
S2_1717344,2,1717344,0,1,0.43355575867445,0.704473897760277
S2_1726291,2,1726291,0,1,0.468566344108629,0.752427471980875
S2_1726316,2,1726316,0,1,0.3389516049687,0.482855993050514
S2_1726854,2,1726854,0,1,1.47027846884823,1.87606044972779
S2_1774959,2,1774959,0,1,0.086617655964681,0.246492053835873
S2_1775387,2,1775387,0,1,0.197036444426782,0.391344041057184
S2_1775510,2,1775510,0,1,0.0839379595036265,0.228796711810419
S2_1776499,2,1776499,0,1,0.0406797812327648,0.145739531705785
S2_1778306,2,1778306,0,1,0.398596142102924,0.55367439561987
S2_1814147,2,1814147,0,1,0.550172568113974,0.550172568113974
S2_1814784,2,1814784,0,1,0.214576251057999,0.214576251057999
S2_1814888,2,1814888,0,1,0.544816545589878,0.544816545589878
S2_1819811,2,1819811,0,1,0.134389620768634,0.131066112774205
S2_1824359,2,1824359,0,1,1.01949294839327,1.29364169350494
S2_1824629,2,1824629,0,1,0.0319979641438424,0.0596441240645668
S2_1824656,2,1824656,0,1,0.0201598427251178,0.0926395737526646
S2_1839259,2,1839259,0,1,0.0749080501729589,0.245651369464964
S2_1918141,2,1918141,0,1,0.464956949859844,0.415769200765138
S2_1918189,2,1918189,0,1,0.149779575663381,0.307717099706361
S2_1918192,2,1918192,0,1,0.0755906616015026,0.043066212846362
S2_1918821,2,1918821,0,1,0.49093827020714,0.49093827020714
S2_1919758,2,1919758,0,1,0.180222508942581,0.180222508942581
S2_1919761,2,1919761,0,1,0.602543479031486,0.642009253353985
S2_1919884,2,1919884,0,1,1.23412634801776,1.75746100613682
S2_1920304,2,1920304,0,1,0.0316539740459559,0.0171262488347083
S2_1920422,2,1920422,0,1,0.286115837358554,0.235675110226183
S2_1920494,2,1920494,0,1,0.0192470860987384,0.0262589702729653
S2_1955967,2,1955967,0,1,0.455389891981516,0.455389891981516
S2_1956323,2,1956323,0,1,0.0370303751279093,0.016760086221537
S2_1956371,2,1956371,0,1,0.0586558224597648,0.174626883066349
S2_1956506,2,1956506,0,1,0.0680292827078659,0.21264087207236
S2_1956527,2,1956527,0,1,0.916685601177776,0.916685601177776
S2_1956554,2,1956554,0,1,0.498950862184873,0.534350452535316
S2_1956695,2,1956695,0,1,0.0244021624913764,0.130012712825027
S2_1956717,2,1956717,0,1,0.363028761647782,0.64692413375846
S2_1957084,2,1957084,0,1,0.429640773123596,0.0991479594893815
S2_1958194,2,1958194,0,1,0.186312394855876,0.0454674502364149
S2_1958891,2,1958891,0,1,0.0254693922921972,0.0401912647446775
S2_1958902,2,1958902,0,1,0.0347136239630602,0.114737930459015
S2_1958908,2,1958908,0,1,0.00939408497225057,0.00939408497225057
S2_1959073,2,1959073,0,1,0.10856373176021,0.289624619561006
S2_1959081,2,1959081,0,1,0.0440944193771976,0.116305250894464
S2_1960872,2,1960872,0,1,0.776417516704359,0.147446227904074
S2_1961042,2,1961042,0,1,0.120030542529776,0.134276184435693
S2_1961081,2,1961081,0,1,0.404785292080317,0.404785292080317
S2_1961295,2,1961295,0,1,0.355994178454834,0.355994178454834
S2_1974287,2,1974287,0,1,0.0159547907931023,0.104306608454957
S2_1974360,2,1974360,0,1,0.134853079836568,0.133551389065839
S2_2037033,2,2037033,0,1,0.121605169580514,0.27736563343447
S2_2041341,2,2041341,0,1,0.154924507524001,0.357062719097679
S2_2041353,2,2041353,0,1,0.0416915799805828,0.0318260766120702
S2_2051755,2,2051755,0,1,0.642549773615159,0.186317986118724
S2_2051756,2,2051756,0,1,0.27637507908964,0.0192929018035737
S2_2051761,2,2051761,0,1,0.0359425319792274,0.0359425319792274
S2_2051865,2,2051865,0,1,1.46368101797149,1.77709187065077
S2_2051871,2,2051871,0,1,0.103809214122596,0.247444328016318
S2_2051889,2,2051889,0,1,0.834398479845102,0.56814254119721
S2_2051890,2,2051890,0,1,0.116549041896717,0.326594484864479
S2_2069609,2,2069609,0,1,0.46950374340698,0.46950374340698
S2_2069896,2,2069896,0,1,0.4275003976422,0.69282509521096
S2_2070159,2,2070159,0,1,0.459649552748146,0.395222875470969
S2_2072235,2,2072235,0,1,0.218680109494373,0.332338156253588
S2_2082159,2,2082159,0,1,0.0839262398107829,0.0631807639427133
S2_2102620,2,2102620,0,1,0.195665597733795,0.435022941481439
S2_2102650,2,2102650,0,1,0.674521262116572,0.927170969957604
S2_2104568,2,2104568,0,1,1.61541075401596,1.61541075401596
S2_2110261,2,2110261,0,1,0.00992775017871769,0.078869383126988
S2_2110284,2,2110284,0,1,0.908450069652017,1.37876071056887
S2_2110400,2,2110400,0,1,0.162034591976133,0.359988826967424
S2_2113538,2,2113538,0,1,0.915542221763534,0.684309382346278
S2_2113581,2,2113581,0,1,0.317696789534505,0.512596909709286
S2_2120469,2,2120469,0,1,0.941513509653771,0.941513509653771
S2_2120557,2,2120557,0,1,0.990734854634119,0.683843501806731
S2_2120570,2,2120570,0,1,0.717940948743386,0.421862714066351
S2_2120621,2,2120621,0,1,0.0516311905652839,0.201097929176347
S2_2127969,2,2127969,0,1,0.674920549161587,0.279614106568952
S2_2128131,2,2128131,0,1,0.931214275138116,0.287109294556698
S2_2202650,2,2202650,0,1,0.4866011209996,0.089001641642733
S2_2222217,2,2222217,0,1,0.47096660400915,0.636504519788937
S2_2222536,2,2222536,0,1,0.0356518442374941,0.017097611494667
S2_2222544,2,2222544,0,1,0.131500057414469,0.318479958540239
S2_2222545,2,2222545,0,1,0.206744347128116,0.41049776531822
S2_2223254,2,2223254,0,1,0.194033007620651,0.449139021314277
S2_2223265,2,2223265,0,1,0.278855256745695,0.0799512856059837
S2_2223308,2,2223308,0,1,0.620653502110471,0.629514972783337
S2_2223329,2,2223329,0,1,0.517253286682471,0.500198340507628
S2_2223333,2,2223333,0,1,0.363600295692305,0.250017323346989
S2_2223334,2,2223334,0,1,0.228586065496969,0.318472174737863
S2_2223440,2,2223440,0,1,0.713275367294853,0.713275367294853
S2_2224748,2,2224748,0,1,0.0672717309751941,0.0696702775322212
S2_2224782,2,2224782,0,1,0.0986132831556962,0.187562605452545
S2_2224808,2,2224808,0,1,0.0400522994636061,0.174240226921457
S2_2225345,2,2225345,0,1,0.184892404346142,0.0561186272045171
S2_2225570,2,2225570,0,1,0.953868687027868,0.445778418352934
S2_2227623,2,2227623,0,1,0.139397579154296,0.367776395940865
S2_2227652,2,2227652,0,1,0.214907047962953,0.237021049539758
S2_2228309,2,2228309,0,1,0.269689693671608,0.551196276417101
S2_2260550,2,2260550,0,1,0.0133675467509781,0.0688495942923369
S2_2261249,2,2261249,0,1,0.052293108060183,0.0599520069905807
S2_2261297,2,2261297,0,1,0.437951245615815,0.437951245615815
S2_2267841,2,2267841,0,1,0.0859325827233403,0.092200668752444
S2_2267864,2,2267864,0,1,0.725891915022429,0.725891915022429
S2_2271290,2,2271290,0,1,0.217705957624351,0.217705957624351
S2_2271297,2,2271297,0,1,0.163583397996305,0.283775572683326
S2_2271333,2,2271333,0,1,0.575309707841569,0.163432878825356
S2_2271561,2,2271561,0,1,0.523177323963331,0.0613710477355913
S2_2271587,2,2271587,0,1,0.472976548483242,0.103749543485438
S2_2329428,2,2329428,0,1,0.551076922058315,0.0304838529570987
S2_2366710,2,2366710,0,1,0.346368614312108,0.11751450406259
S2_2366720,2,2366720,0,1,0.121837386359525,0.0109369592630132
S2_2366814,2,2366814,0,1,0.0115536092046626,0.0838821710069811
S2_2366877,2,2366877,0,1,0.207608090114018,0.470258063216564
S2_2366911,2,2366911,0,1,0.814540317613661,1.25687094069608
S2_2373963,2,2373963,0,1,0.30225337994122,0.427815587233749
S2_2476120,2,2476120,0,1,0.153018651998484,0.069298843173584
S2_2478407,2,2478407,0,1,0.0825346892871081,0.0671232523944287
S2_2478437,2,2478437,0,1,0.00682892390510764,0.0514900981507001
S2_2479167,2,2479167,0,1,0.425272620380715,0.422278264529712
S2_2479466,2,2479466,0,1,0.572395296372161,0.549704928058227
S2_2485965,2,2485965,0,1,0.619942789711304,0.990908290441845
S2_2486096,2,2486096,0,1,1.45959996170177,1.99560501134784
S2_2491974,2,2491974,0,1,0.519907888673789,0.0550233345072384
S2_2492423,2,2492423,0,1,0.949067240606862,0.628855550249315
S2_2492527,2,2492527,0,1,0.741508080637855,0.597795370332418
S2_2492566,2,2492566,0,1,1.00973595430094,0.388421263520827
S2_2496390,2,2496390,0,1,0.276166055835898,0.0291970872495181
S2_2496412,2,2496412,0,1,0.796209865729614,0.640252591558437
S2_2536660,2,2536660,0,1,0.114322804018355,0.329981519836553
S2_2536677,2,2536677,0,1,0.25460367110918,0.25460367110918
S2_2538748,2,2538748,0,1,0.0432732370217626,0.122391440842694
S2_2538764,2,2538764,0,1,0.169080906761478,0.359892138092727
S2_2547306,2,2547306,0,1,0.378129466985863,0.256287942418547
S2_2547346,2,2547346,0,1,0.174767086124151,0.417153677026125
S2_2548422,2,2548422,0,1,0.00829810435412956,0.0421586663974057
S2_2551896,2,2551896,0,1,0.0552547170842962,0.00503740466646582
S2_2598413,2,2598413,0,1,0.413409961620108,0.169887616003537
S2_2598476,2,2598476,0,1,0.104964541165961,0.298858689579179
S2_2621172,2,2621172,0,1,0.410737532123848,0.410737532123848
S2_2621189,2,2621189,0,1,0.0829427570694526,0.0841983909438023
S2_2626268,2,2626268,0,1,0.311894114802018,0.279743555224079
S2_2626294,2,2626294,0,1,0.627827352040277,0.627827352040277
S2_2626447,2,2626447,0,1,0.202077924380262,0.0783696217324749
S2_2675512,2,2675512,0,1,0.382424417001404,0.359279444171358
S2_2675527,2,2675527,0,1,0.705728779829609,0.662346522728432
S2_2675645,2,2675645,0,1,0.203191850778235,0.212689251651057
S2_2676137,2,2676137,0,1,0.451790133619969,0.310531957975068
S2_2677776,2,2677776,0,1,0.227102016212194,0.433621414891792
S2_2677779,2,2677779,0,1,0.212536110745361,0.488188594734122
S2_2678083,2,2678083,0,1,0.0267166174489787,0.0185967571462133
S2_2680389,2,2680389,0,1,1.71074700308591,0.544678162001506
S2_2680540,2,2680540,0,1,0.275022193086271,0.561901970600891
S2_2680592,2,2680592,0,1,0.0985963354422431,0.287268753458105
S2_2680614,2,2680614,0,1,0.205346914652228,0.477338731552911
S2_2680871,2,2680871,0,1,0.0250551096678687,0.134346674008352
S2_2682712,2,2682712,0,1,0.0803607520820886,0.20709181851954
S2_2683945,2,2683945,0,1,0.0647008593744275,0.0702285758426082
S2_2785347,2,2785347,0,1,NA,0.130049668723607
S2_2785381,2,2785381,0,1,0.0473745284772732,0.13815550988869
S2_2786751,2,2786751,0,1,1.18715935857802,1.64812125590331
S2_2786788,2,2786788,0,1,0.617145438813868,0.977453314855974
S2_2802061,2,2802061,0,1,0.145298587349494,0.145298587349494
S2_2802065,2,2802065,0,1,0.204033101462922,0.0136894894186986
S2_2805417,2,2805417,0,1,0.125130016035559,0.0184885285740731
S2_2812047,2,2812047,0,1,0.357638013765943,0.159479576365322
S2_2822213,2,2822213,0,1,0.53337255622809,0.449294170399966
S2_3003272,2,3003272,0,1,1.03007667293324,1.38153789298217
S2_3014059,2,3014059,0,1,0.221441231280649,0.49339302424978
S2_3014967,2,3014967,0,1,0.506806858152493,0.337593795602854
S2_3014981,2,3014981,0,1,0.121709159224643,0.213051283177241
S2_3016186,2,3016186,0,1,0.429167415540124,0.797314375804233
S2_3016355,2,3016355,0,1,0.00791661212768817,0.00791661212768817
S2_3063145,2,3063145,0,1,0.11183853948739,0.294747101620053
S2_3072954,2,3072954,0,1,0.0845764373096292,0.273685832888321
S2_3072969,2,3072969,0,1,0.171764168276152,0.427624408334554
S2_3079704,2,3079704,0,1,0.174697726407026,0.372864019771286
S2_3089277,2,3089277,0,1,0.231576403979441,0.378092222724687
S2_3089339,2,3089339,0,1,0.392635527038745,0.700394229373006
S2_3090235,2,3090235,0,1,0.115875407323706,0.0258885541424306
S2_3090397,2,3090397,0,1,0.0479506848329907,0.0785359735348922
S2_3090406,2,3090406,0,1,0.587774634029139,0.278069342369606
S2_3095749,2,3095749,0,1,0.236532990773663,0.124577800238592
S2_3096627,2,3096627,0,1,0.154928715479961,0.154928715479961
S2_3096866,2,3096866,0,1,0.90355587951393,0.85291711127937
S2_3097829,2,3097829,0,1,0.12065799305203,0.248592043799738
S2_3098632,2,3098632,0,1,0.233232619241006,0.338515832904048
S2_3099031,2,3099031,0,1,0.396436945556988,0.144834517353478
S2_3099055,2,3099055,0,1,0.162541627356807,0.224312199892058
S2_3105461,2,3105461,0,1,0.417347914648918,0.738611767605513
S2_3105929,2,3105929,0,1,0.60767976001069,0.60767976001069
S2_3105975,2,3105975,0,1,0.135430318929585,0.157513528150187
S2_3105991,2,3105991,0,1,0.159198694952719,0.192229623955292
S2_3105992,2,3105992,0,1,0.0551116003250456,0.211723625001064
S2_3106046,2,3106046,0,1,0.119168727433055,0.0623085194530882
S2_3106090,2,3106090,0,1,1.16743506880333,0.381919055213445
S2_3106219,2,3106219,0,1,0.17374183087141,0.412078499268412
S2_3106376,2,3106376,0,1,0.399770280648841,0.0166721583623352
S2_3106509,2,3106509,0,1,0.148349134723408,0.360985012109224
S2_3106510,2,3106510,0,1,0.12725533566755,0.322449692589034
S2_3114419,2,3114419,0,1,0.858455275341469,0.654744153807875
S2_3114675,2,3114675,0,1,0.846257571379354,0.0677597466076237
S2_3180228,2,3180228,0,1,0.728011211025586,0.654459861724288
S2_3180334,2,3180334,0,1,0.0368028333745894,0.127956678194154
S2_3181047,2,3181047,0,1,0.2408874032262,0.478906892373939
S2_3181093,2,3181093,0,1,0.00847287133657558,0.0723831987735238
S2_3181094,2,3181094,0,1,0.281259400017084,0.544916505535925
S2_3181095,2,3181095,0,1,0.36915639878746,0.36915639878746
S2_3183237,2,3183237,0,1,0.610774173948188,0.633575386835229
S2_3184345,2,3184345,0,1,0.282532787974034,0.5827936790805
S2_3184484,2,3184484,0,1,0.416325024074905,0.163393875199857
S2_3184506,2,3184506,0,1,1.22627441690724,0.431952476469735
S2_3184600,2,3184600,0,1,0.0818635230656249,0.264248175317376
S2_3184674,2,3184674,0,1,0.517458454863228,0.259289182416385
S2_3184685,2,3184685,0,1,0.805498171149603,1.20530817038169
S2_3184702,2,3184702,0,1,0.540476396543377,0.93412319043008
S2_3188211,2,3188211,0,1,0.482806902270113,0.370444833538264
S2_3188340,2,3188340,0,1,0.0922167857950323,0.160393825815996
S2_3225461,2,3225461,0,1,0.0740195645639934,0.23847051746656
S2_3225729,2,3225729,0,1,0.265378901954436,0.138847172637771
S2_3225766,2,3225766,0,1,0.919634138968932,0.550574454791623
S2_3230572,2,3230572,0,1,0.564636807593153,0.342667674174809
S2_3293603,2,3293603,0,1,0.639628875223435,0.546882936247958
S2_3293608,2,3293608,0,1,0.584710339052962,0.455377510087833
S2_3335306,2,3335306,0,1,0.286845803305838,0.253403435101188
S2_3335706,2,3335706,0,1,0.634983280118597,0.41748978209841
S2_3337629,2,3337629,0,1,0.877383791492097,1.15498968263979
S2_3337655,2,3337655,0,1,0.999509670073032,1.48684952110991
S2_3339587,2,3339587,0,1,1.73563472687965,0.18942860827087
S2_3339614,2,3339614,0,1,1.79745927398017,0.310646626355706
S2_3339736,2,3339736,0,1,0.138806946292584,0.0793857798786592
S2_3339748,2,3339748,0,1,0.337416106122898,0.397642444385564
S2_3339801,2,3339801,0,1,0.854185206098408,0.854185206098408
S2_3339864,2,3339864,0,1,0.845640605322455,0.191005687342283
S2_3376312,2,3376312,0,1,0.763335462839182,0.229464445075601
S2_3379386,2,3379386,0,1,0.356880285862452,0.356880285862452
S2_3380895,2,3380895,0,1,0.353881276691332,0.239121609258924
S2_3380901,2,3380901,0,1,0.29019451801681,0.578408753241202
S2_3381316,2,3381316,0,1,0.295431690808968,0.295431690808968
S2_3381325,2,3381325,0,1,0.256529595487198,0.391866416262201
S2_3382514,2,3382514,0,1,0.953724907518672,0.198459625388153
S2_3382518,2,3382518,0,1,0.0285151614633592,0.0868372061252396
S2_3382540,2,3382540,0,1,0.0371309011631647,0.0803319058427765
S2_3382617,2,3382617,0,1,0.242829737437506,0.22106145647972
S2_3387638,2,3387638,0,1,0.34005972232298,0.310793403416379
S2_3387660,2,3387660,0,1,0.784342143595936,0.973101915769898
S2_3387747,2,3387747,0,1,0.247324161657733,0.146751685801118
S2_3387857,2,3387857,0,1,0.728685266859985,0.285298374200839
S2_3393770,2,3393770,0,1,0.138748894961375,0.105910875448735
S2_3394589,2,3394589,0,1,1.17758890985729,1.17758890985729
S2_3394714,2,3394714,0,1,0.891563167837551,1.09584749301839
S2_3396829,2,3396829,0,1,0.550144676512937,0.159460901982734
S2_3401419,2,3401419,0,1,0.286820036584918,0.393638088414624
S2_3401423,2,3401423,0,1,1.24488045930981,1.24488045930981
S2_3402342,2,3402342,0,1,0.751392576546711,0.880437594940099
S2_3410285,2,3410285,0,1,0.0622362467034815,0.00193573525790015
S2_3410333,2,3410333,0,1,0.522850557777632,0.207968587692746
S2_3410336,2,3410336,0,1,0.398675497184306,0.401555218481565
S2_3410868,2,3410868,0,1,0.649133586635889,0.649133586635889
S2_3410929,2,3410929,0,1,0.103996004592323,0.103996004592323
S2_3410942,2,3410942,0,1,0.751431841140484,0.782298909923132
S2_3414881,2,3414881,0,1,0.764845024098133,1.19198006441298
S2_3417138,2,3417138,0,1,0.316812001998224,0.331114665574584
S2_3417223,2,3417223,0,1,0.00556293260982652,0.0576209525205937
S2_3557811,2,3557811,0,1,0.0881739212359643,0.248624638229561
S2_3557934,2,3557934,0,1,0.391481073683237,0.736413994521556
S2_3558065,2,3558065,0,1,0.284607382039522,0.284607382039522
S2_3558345,2,3558345,0,1,0.987279365793891,1.42526936598976
S2_3561054,2,3561054,0,1,0.265075360926089,0.106827987237579
S2_3564554,2,3564554,0,1,0.100175831492572,0.277167780858311
S2_3564611,2,3564611,0,1,NA,0.0289471278803243
S2_3576246,2,3576246,0,1,0.22273645631482,0.401736181955092
S2_3576264,2,3576264,0,1,0.488248577941445,0.791079424997132
S2_3583157,2,3583157,0,1,0.833420591514744,0.833420591514744
S2_3583195,2,3583195,0,1,0.697855758130991,0.722862698480378
S2_3588128,2,3588128,0,1,0.205349396964742,0.0603911611435098
S2_3589737,2,3589737,0,1,0.789256615886969,0.805303299550033
S2_3598000,2,3598000,0,1,0.0186651750390122,0.11106820117862
S2_3598004,2,3598004,0,1,0.0945031306360063,0.116025621250042
S2_3600256,2,3600256,0,1,0.273829293203798,0.00315997455163417
S2_3667969,2,3667969,0,1,1.43553048181085,0.80978367780839
S2_3675826,2,3675826,0,1,0.0368243942543498,0.0420408999212292
S2_3675835,2,3675835,0,1,0.373941192185396,0.704650086346735
S2_3708094,2,3708094,0,1,0.00451708905129542,0.0432089235188316
S2_3734546,2,3734546,0,1,0.479604213161388,0.479604213161388
S2_3734643,2,3734643,0,1,0.0257486259637228,0.0257486259637228
S2_3735548,2,3735548,0,1,0.12574268512336,0.152557401043136
S2_3735564,2,3735564,0,1,0.687218792236335,0.0552054546618436
S2_3747668,2,3747668,0,1,0.54599640289435,0.8659376460029
S2_3748032,2,3748032,0,1,0.194061246877366,0.180351680232683
S2_3748759,2,3748759,0,1,0.459936277811918,0.213743023404722
S2_3749036,2,3749036,0,1,0.285958624506244,0.245118821549102
S2_3749054,2,3749054,0,1,0.262681049208364,0.191794341495243
S2_3749183,2,3749183,0,1,0.41807127343621,0.726504065224815
S2_3749198,2,3749198,0,1,0.262873693397886,0.262873693397886
S2_3772190,2,3772190,0,1,0.243004806079815,0.22607591087138
S2_3772247,2,3772247,0,1,0.432233412442961,0.483727183146917
S2_3772404,2,3772404,0,1,0.20693467366526,0.41587420078833
S2_3772405,2,3772405,0,1,0.0493107173240797,0.0792835956309802
S2_3772478,2,3772478,0,1,0.319529009537555,0.642678173682547
S2_3775977,2,3775977,0,1,0.0804171705061133,0.0722644469820677
S2_3782395,2,3782395,0,1,0.508368386807189,0.551411130497022
S2_3795385,2,3795385,0,1,0.0712908513902278,0.115597359203165
S2_3801825,2,3801825,0,1,0.683019463325411,0.922658171491929
S2_3806393,2,3806393,0,1,0.337308655642576,0.649882539717191
S2_3806420,2,3806420,0,1,0.799865064466752,0.895845841202412
S2_3806475,2,3806475,0,1,0.0971369113379227,0.288195333871112
S2_3806646,2,3806646,0,1,0.126066755436059,0.350787892249775
S2_3859543,2,3859543,0,1,0.0739920871318596,0.248799947145633
S2_3859590,2,3859590,0,1,0.409781455863637,0.732090286539337
S2_3864454,2,3864454,0,1,0.215861569107365,0.415299547975896
S2_3864482,2,3864482,0,1,0.574159659190268,0.889323178663241
S2_3866630,2,3866630,0,1,0.0762562099214346,0.0762562099214346
S2_3875175,2,3875175,0,1,0.224996126331072,0.107888024649327
S2_3875181,2,3875181,0,1,0.223727396537441,0.451450777806655
S2_3875191,2,3875191,0,1,0.318565018315964,0.269784848724507
S2_3875199,2,3875199,0,1,0.350790325293332,0.31765082309095
S2_3927951,2,3927951,0,1,0.30769549312141,0.30769549312141
S2_3937692,2,3937692,0,1,0.409611792768335,0.212878080877043
S2_3937863,2,3937863,0,1,0.943519952658705,0.943519952658705
S2_3973400,2,3973400,0,1,0.312688040295601,0.242993333820382
S2_3974197,2,3974197,0,1,0.45162187802324,0.124441948659665
S2_3974207,2,3974207,0,1,0.527955348785607,0.516449646046598
S2_3974222,2,3974222,0,1,0.527955348785607,0.516449646046598
S2_3974499,2,3974499,0,1,0.186434753556118,0.306368733174131
S2_3974573,2,3974573,0,1,0.388940140918318,0.388940140918318
S2_3974601,2,3974601,0,1,0.720677211228059,0.681429919058148
S2_3974629,2,3974629,0,1,0.0837829275328326,0.235556378327965
S2_3975025,2,3975025,0,1,0.501454576214917,0.861842406761033
S2_3975033,2,3975033,0,1,0.584043772132403,0.23351714497674
S2_3975034,2,3975034,0,1,0.584043772132403,0.23351714497674
S2_3975035,2,3975035,0,1,0.117774525548392,0.190975343312605
S2_3975041,2,3975041,0,1,0.299737898987864,0.10958596456213
S2_3975058,2,3975058,0,1,0.0714330064762539,0.151599083579696
S2_3975075,2,3975075,0,1,0.216605307351658,0.197258771813801
S2_3975089,2,3975089,0,1,0.668121180300112,0.442841250192911
S2_3990159,2,3990159,0,1,0.598383144209597,0.598383144209597
S2_3990225,2,3990225,0,1,0.00914670131007096,0.0216717856912872
S2_4040817,2,4040817,0,1,0.150486405398369,0.150486405398369
S2_4040855,2,4040855,0,1,0.535256202864982,0.871880829867974
S2_4041390,2,4041390,0,1,0.743634831310206,1.0418758534151
S2_4046430,2,4046430,0,1,0.304899368581888,0.304899368581888
S2_4051024,2,4051024,0,1,0.441169557482121,0.741764196508008
S2_4051126,2,4051126,0,1,0.37090368437783,0.685172089310469
S2_4051137,2,4051137,0,1,0.288275367359618,0.288275367359618
S2_4051274,2,4051274,0,1,NA,0.621587903577081
S2_4051883,2,4051883,0,1,0.0274526319230482,0.0274526319230482
S2_4052024,2,4052024,0,1,0.595895012426174,0.595895012426174
S2_4052620,2,4052620,0,1,0.019017080246761,0.102472519147294
S2_4052644,2,4052644,0,1,0.171712471882797,0.396521268226957
S2_4052688,2,4052688,0,1,0.667380756843383,0.491657340577501
S2_4052709,2,4052709,0,1,0.249755427495166,0.282782886139297
S2_4052712,2,4052712,0,1,0.0756194584195228,0.0284715510754172
S2_4052714,2,4052714,0,1,0.607551476206803,0.581531852225692
S2_4052749,2,4052749,0,1,1.14718414247724,0.180944055603883
S2_4053789,2,4053789,0,1,1.53910130085287,1.19810926287273
S2_4055484,2,4055484,0,1,0.407689316402367,0.407689316402367
S2_4055490,2,4055490,0,1,0.221136389128313,0.221136389128313
S2_4055510,2,4055510,0,1,0.214590577693506,0.214590577693506
S2_4102481,2,4102481,0,1,0.603708690739921,0.603708690739921
S2_4160431,2,4160431,0,1,0.622557413396362,0.629274285599254
S2_4162794,2,4162794,0,1,0.0157838005284486,0.079401543545754
S2_4162808,2,4162808,0,1,0.0666194910790341,0.143192932920877
S2_4162830,2,4162830,0,1,0.457649778461986,0.319088579917073
S2_4162842,2,4162842,0,1,0.521687764742663,0.891929404387705
S2_4166259,2,4166259,0,1,0.501771575588789,0.36927352304356
S2_4166322,2,4166322,0,1,1.47843448358943,1.32034417763486
S2_4166323,2,4166323,0,1,0.143348538072018,0.040060944748688
S2_4166376,2,4166376,0,1,0.0638812676531223,0.172126466772117
S2_4166471,2,4166471,0,1,0.230003600501748,0.373003381236516
S2_4166839,2,4166839,0,1,0.82043710268793,1.2854360099139
S2_4166875,2,4166875,0,1,2.01916223790146,1.71166401990119
S2_4167127,2,4167127,0,1,0.681941988610234,0.681941988610234
S2_4167256,2,4167256,0,1,0.530420508375446,0.437836884758067
S2_4168762,2,4168762,0,1,0.0842520267274108,0.0842520267274108
S2_4168788,2,4168788,0,1,1.88638805399057,1.88638805399057
S2_4169144,2,4169144,0,1,0.203351755383356,0.203351755383356
S2_4169423,2,4169423,0,1,0.462695706065396,0.722504220311938
S2_4169539,2,4169539,0,1,0.425630788409204,0.424724799591396
S2_4186804,2,4186804,0,1,0.48886727873595,0.48886727873595
S2_4186856,2,4186856,0,1,0.512101898353366,0.346802532200394
S2_4187289,2,4187289,0,1,0.786299356276406,0.0787701304508442
S2_4188992,2,4188992,0,1,0.128521078672395,0.280734185441469
S2_4189041,2,4189041,0,1,0.279463786171176,0.116107879235907
S2_4189127,2,4189127,0,1,0.514410108103158,0.46489857640214
S2_4190118,2,4190118,0,1,0.0790109332938782,0.0790109332938782
S2_4193024,2,4193024,0,1,0.413411970147803,0.00628016223052876
S2_4193054,2,4193054,0,1,0.383531604521993,0.0481883869268322
S2_4193055,2,4193055,0,1,0.458959912903592,0.170865325579729
S2_4193155,2,4193155,0,1,0.0232855762355954,0.119491832670824
S2_4193164,2,4193164,0,1,0.0899611659298908,0.279340747043646
S2_4193425,2,4193425,0,1,0.786044886723159,0.786044886723159
S2_4193436,2,4193436,0,1,0.49148001646493,0.49148001646493
S2_4203359,2,4203359,0,1,0.0489421311898758,0.0489421311898758
S2_4205067,2,4205067,0,1,0.00577387550218709,0.0135133956868952
S2_4205072,2,4205072,0,1,0.221829913826729,0.489956652930485
S2_4208663,2,4208663,0,1,0.0203106350016434,0.0788228286465279
S2_4208670,2,4208670,0,1,0.0945507962902676,0.241366221343243
S2_4209839,2,4209839,0,1,0.234854222433944,0.387677010033695
S2_4211167,2,4211167,0,1,0.765760451729796,0.765760451729796
S2_4212250,2,4212250,0,1,0.384717473022335,0.0988565591892498
S2_4212291,2,4212291,0,1,0.333904776433556,0.00720439150805946
S2_4212303,2,4212303,0,1,0.124203580435591,0.268984120994158
S2_4262363,2,4262363,0,1,1.15281548908003,1.35008565633022
S2_4262905,2,4262905,0,1,0.0208991011236769,0.118379839392057
S2_4262933,2,4262933,0,1,0.224228182912985,0.224228182912985
S2_4262937,2,4262937,0,1,0.243902336764221,0.243902336764221
S2_4263706,2,4263706,0,1,0.0752680934421188,0.238525734957517
S2_4266951,2,4266951,0,1,0.887392780826661,1.04210179210054
S2_4269206,2,4269206,0,1,0.170611921205369,0.170611921205369
S2_4269251,2,4269251,0,1,0.30089205801309,0.352079920970541
S2_4302915,2,4302915,0,1,0.557248947331728,0.557248947331728
S2_4304328,2,4304328,0,1,0.791536718974284,0.801666815224963
S2_4304510,2,4304510,0,1,0.381268748512214,0.381268748512214
S2_4306279,2,4306279,0,1,0.51982490566476,0.753460605849796
S2_4306286,2,4306286,0,1,0.357700439364241,0.660395486582297
S2_4306916,2,4306916,0,1,0.0426959973719287,0.0977898616259665
S2_4307525,2,4307525,0,1,0.387239625725231,0.680373405152475
S2_4310867,2,4310867,0,1,1.01997734474157,1.31087260081174
S2_4342997,2,4342997,0,1,0.259685249177142,0.27373488323976
S2_4343031,2,4343031,0,1,0.101020386009749,0.19726068950302
S2_4343048,2,4343048,0,1,0.0405699093352413,0.176928313160273
S2_4343110,2,4343110,0,1,0.06381146663019,0.06381146663019
S2_4343165,2,4343165,0,1,0.131072275134707,0.131072275134707
S2_4343175,2,4343175,0,1,1.04024915127708,1.04024915127708
S2_4343304,2,4343304,0,1,0.652800353932192,1.0808177729773
S2_4343617,2,4343617,0,1,0.377562187943711,0.0801625873971692
S2_4343618,2,4343618,0,1,0.375588888662843,0.082485347737167
S2_4343663,2,4343663,0,1,0.371042603466452,0.0354865655847653
S2_4344177,2,4344177,0,1,0.518675394196505,0.336256186770672
S2_4344203,2,4344203,0,1,0.217484509017386,0.465173502146095
S2_4344314,2,4344314,0,1,0.223709788160195,0.24215676552972
S2_4346071,2,4346071,0,1,0.54386677769425,0.873608394711585
S2_4348635,2,4348635,0,1,0.983710815675266,0.983710815675266
S2_4348637,2,4348637,0,1,0.528707612153057,0.921786890309658
S2_4349159,2,4349159,0,1,0.115889284657354,0.0227673188805879
S2_4349177,2,4349177,0,1,0.170801278345987,0.263770672614273
S2_4370217,2,4370217,0,1,0.0475616704612753,0.190205986635523
S2_4437417,2,4437417,0,1,1.00423617639357,1.43720803004173
S2_4464978,2,4464978,0,1,0.383555057575242,0.50975864175694
S2_4465254,2,4465254,0,1,0.178447103904609,0.221647773614334
S2_4465536,2,4465536,0,1,1.7033630194374,1.72571976876405
S2_4465539,2,4465539,0,1,0.439164437879833,0.298653314514004
S2_4466356,2,4466356,0,1,0.2450168560107,0.2450168560107
S2_4466374,2,4466374,0,1,0.322352618265488,0.138869365504342
S2_4466703,2,4466703,0,1,0.275201725491689,0.0883548295673357
S2_4513142,2,4513142,0,1,0.531072419835233,0.540049202978601
S2_4514037,2,4514037,0,1,0.129900890203569,0.129900890203569
S2_4514070,2,4514070,0,1,0.119094700094489,0.330818787404472
S2_4514077,2,4514077,0,1,0.458861979031745,0.458861979031745
S2_4580217,2,4580217,0,1,0.262102218172143,0.262102218172143
S2_4580219,2,4580219,0,1,0.06046089141953,0.06046089141953
S2_4580356,2,4580356,0,1,0.0983244636837371,0.13858396327519
S2_4580468,2,4580468,0,1,0.664175257843908,0.94582255084133
S2_4630556,2,4630556,0,1,0.295360241685432,0.200995841231108
S2_4658774,2,4658774,0,1,0.00419278820871373,0.0239344316880329
S2_4664762,2,4664762,0,1,0.400380043713642,0.752897914646872
S2_4664814,2,4664814,0,1,0.404773791356073,0.592204462808731
S2_4665251,2,4665251,0,1,0.206636810253852,0.206636810253852
S2_4665296,2,4665296,0,1,0.501635412700577,0.501635412700577
S2_4671119,2,4671119,0,1,0.459369531811376,0.836449285853131
S2_4671501,2,4671501,0,1,0.363339604715925,0.297333987267372
S2_4673965,2,4673965,0,1,0.213577148730466,0.493010923293995
S2_4676461,2,4676461,0,1,0.386953515249783,0.142743028953567
S2_4676496,2,4676496,0,1,0.546124309551041,0.378296861165659
S2_4676626,2,4676626,0,1,0.240006963678923,0.240006963678923
S2_4693817,2,4693817,0,1,2.17877592077298e-05,0.000579556369034239
S2_4833483,2,4833483,0,1,1.06187300841736,0.208608722526537
S2_4833579,2,4833579,0,1,0.222680739183584,0.479261540744819
S2_4833642,2,4833642,0,1,0.16230304326735,0.400016835513809
S2_4834031,2,4834031,0,1,0.00211693242471618,0.0340222897777394
S2_4834343,2,4834343,0,1,0.369905228581383,0.665566498407117
S2_4834396,2,4834396,0,1,0.33168939774785,0.0472829570543834
S2_4834438,2,4834438,0,1,0.40609405142727,0.232054614127148
S2_4834543,2,4834543,0,1,0.607632299618325,0.826483560635686
S2_4834563,2,4834563,0,1,0.207960566675228,0.114708598905077
S2_4839313,2,4839313,0,1,0.905503504323507,1.3431647033604
S2_4848706,2,4848706,0,1,0.0427636912165442,0.173239336046305
S2_4850403,2,4850403,0,1,1.13858478428724,1.64946746551187
S2_4850410,2,4850410,0,1,0.593057683117464,0.495030347206723
S2_4850489,2,4850489,0,1,0.967351088118095,1.40465788391269
S2_4884984,2,4884984,0,1,0.785050665602707,1.1538915500503
S2_4885316,2,4885316,0,1,0.045507178345881,0.045507178345881
S2_4886578,2,4886578,0,1,0.195474095220252,0.452570246525625
S2_4886724,2,4886724,0,1,0.0824361941217503,0.0824361941217503
S2_4886742,2,4886742,0,1,0.344321824139659,0.344321824139659
S2_4889602,2,4889602,0,1,1.42407410851859,1.56530900240972
S2_4889612,2,4889612,0,1,0.364865638728081,0.241507408533091
S2_4889733,2,4889733,0,1,0.551133171133694,0.551133171133694
S2_4889734,2,4889734,0,1,0.63738269861461,0.63738269861461
S2_4891042,2,4891042,0,1,0.205587091693071,0.464742793270395
S2_4897659,2,4897659,0,1,0.157056365092155,0.346563538744553
S2_4898520,2,4898520,0,1,0.27150681962974,0.00438269285172599
S2_4898743,2,4898743,0,1,1.22051216955931,1.22051216955931
S2_4988660,2,4988660,0,1,1.09206677903712,0.974732424096749
S2_4990075,2,4990075,0,1,1.36035719825988,1.82172732899686
S2_4990077,2,4990077,0,1,2.51739063375188,2.89967274366435
S2_4990120,2,4990120,0,1,2.72030454817435,3.35561007645988
S2_4990680,2,4990680,0,1,1.66234435377409,1.00420621692021
S2_5068786,2,5068786,0,1,0.103125049696218,0.245402588356365
S2_5068817,2,5068817,0,1,0.153818974844129,0.206923920305837
S2_5069250,2,5069250,0,1,0.833715603036554,0.0382417005895786
S2_5069316,2,5069316,0,1,0.209159393538999,0.209159393538999
S2_5069362,2,5069362,0,1,0.79111991016147,0.79111991016147
S2_5070638,2,5070638,0,1,0.065981432311157,0.226533460871099
S2_5070706,2,5070706,0,1,1.50897194651688,2.0525790892233
S2_5073803,2,5073803,0,1,0.431613004090559,0.524868490026879
S2_5073826,2,5073826,0,1,0.104168986047102,0.311375404453859
S2_5073857,2,5073857,0,1,0.0364033916966398,0.164547374518089
S2_5075489,2,5075489,0,1,1.43057611522991,1.71238599035815
S2_5079085,2,5079085,0,1,0.17683913890569,0.17683913890569
S2_5079197,2,5079197,0,1,0.264088528034135,0.450926364730224
S2_5079209,2,5079209,0,1,0.472872615236217,0.849234121449223
S2_5101598,2,5101598,0,1,0.359887958199933,0.359887958199933
S2_5101793,2,5101793,0,1,0.127332192645384,0.189290441896669
S2_5121686,2,5121686,0,1,0.135050947044325,0.305772298481113
S2_5219982,2,5219982,0,1,0.245818327883098,0.485270779647174
S2_5219989,2,5219989,0,1,0.161281130205485,0.351745364493234
S2_5228814,2,5228814,0,1,0.120590609040659,0.0980874944269055
S2_5229860,2,5229860,0,1,0.387080014965853,0.387080014965853
S2_5230448,2,5230448,0,1,0.0508859075309064,0.20087321179235
S2_5233140,2,5233140,0,1,0.0164550861617617,0.0825419039954595
S2_5300100,2,5300100,0,1,1.0193342460493,1.0193342460493
S2_5300114,2,5300114,0,1,1.95569230921874,2.51117405339223
S2_5300177,2,5300177,0,1,0.673539046615487,0.911197663807989
S2_5300206,2,5300206,0,1,0.204499369581874,0.0921719611046249
S2_5300602,2,5300602,0,1,0.339597570958724,0.660004738845726
S2_5300617,2,5300617,0,1,1.10812601150783,1.10812601150783
S2_5300643,2,5300643,0,1,0.107861238776616,0.299180482619699
S2_5373146,2,5373146,0,1,0.38363965778718,0.129514982528058
S2_5373224,2,5373224,0,1,0.0927967433749721,0.233240028532343
S2_5375742,2,5375742,0,1,0.648101952341608,0.951011316354597
S2_5381230,2,5381230,0,1,0.621803185894478,0.875147462338004
S2_5381256,2,5381256,0,1,1.53799232233122,1.92764574977778
S2_5424212,2,5424212,0,1,0.270472613496585,0.377071993149597
S2_5424267,2,5424267,0,1,0.0377205296313596,0.0378347183158619
S2_5424841,2,5424841,0,1,0.124380610757767,0.275117325575847
S2_5460708,2,5460708,0,1,1.15799082278336,0.106253652198555
S2_5460720,2,5460720,0,1,0.511386777233583,0.529555078941573
S2_5460725,2,5460725,0,1,0.0733666294093622,0.169586927709601
S2_5467796,2,5467796,0,1,0.877147539022177,1.25441470141004
S2_5467822,2,5467822,0,1,0.34671613543047,0.644930642260368
S2_5467953,2,5467953,0,1,0.63939006160819,0.453291446949969
S2_5467960,2,5467960,0,1,0.428227358328515,0.174700225141954
S2_5506488,2,5506488,0,1,0.389334087415027,0.714206686087417
S2_5506825,2,5506825,0,1,0.0742667835244502,0.209050251546759
S2_5506826,2,5506826,0,1,1.79039903022015,2.25850124675991
S2_5513865,2,5513865,0,1,0.138676144205067,0.284064903558291
S2_5514696,2,5514696,0,1,1.00905404096641,1.39730832854145
S2_5547983,2,5547983,0,1,0.138899259244778,0.259839347928396
S2_5548079,2,5548079,0,1,NA,2.81643517851469
S2_5552273,2,5552273,0,1,0.976690981466863,0.619824735654892
S2_5557713,2,5557713,0,1,2.01839615264705,2.36117925086148
S2_5558302,2,5558302,0,1,0.142267476866593,0.142267476866593
S2_5563313,2,5563313,0,1,0.0501147868882923,0.11694738781799
S2_5563847,2,5563847,0,1,0.682447629932389,0.838202697032814
S2_5563871,2,5563871,0,1,0.328952977468591,0.328952977468591
S2_5563981,2,5563981,0,1,0.0394149049576829,0.132369297021552
S2_5564020,2,5564020,0,1,1.31812775247942,1.82914261280959
S2_5565685,2,5565685,0,1,0.309934736054477,0.624645229320344
S2_5565686,2,5565686,0,1,0.137772541265999,0.335234580972143
S2_5565727,2,5565727,0,1,0.341639244239277,0.159001195784656
S2_5566567,2,5566567,0,1,0.0418951839279351,0.0819864759008968
S2_5567832,2,5567832,0,1,NA,NA
S2_5567836,2,5567836,0,1,0.424709683387533,0.260171389888138
S2_5575639,2,5575639,0,1,0.634498609017527,0.56792696963593
S2_5575640,2,5575640,0,1,0.0277800707967786,0.0459249251512071
S2_5576497,2,5576497,0,1,0.415844855750007,0.415844855750007
S2_5681668,2,5681668,0,1,0.117194536780694,0.117194536780694
S2_5681677,2,5681677,0,1,0.276228497279458,0.276228497279458
S2_5681699,2,5681699,0,1,0.331637365198175,0.331637365198175
S2_5682684,2,5682684,0,1,0.825494438459877,1.20881918655196
S2_5682698,2,5682698,0,1,0.382794699322085,0.714292590350134
S2_5682714,2,5682714,0,1,0.166861536742695,0.225385551789551
S2_5683493,2,5683493,0,1,0.185357060154396,0.013272074534432
S2_5683546,2,5683546,0,1,0.134588655207529,0.19642092374375
S2_5684393,2,5684393,0,1,0.462650806342637,0.462650806342637
S2_5685209,2,5685209,0,1,NA,1.40728062243909
S2_5685698,2,5685698,0,1,1.55453569928943,2.03443134593025
S2_5685730,2,5685730,0,1,0.46330472929608,0.811106183374716
S2_5685744,2,5685744,0,1,1.6992824110548,2.19667108796265
S2_5685769,2,5685769,0,1,1.72583942388515,1.72583942388515
S2_5691973,2,5691973,0,1,0.136442550796849,0.0822714463801025
S2_5692184,2,5692184,0,1,0.00253556652957213,0.0321785630409878
S2_5692342,2,5692342,0,1,0.400226975278642,0.520680956014723
S2_5692353,2,5692353,0,1,0.265699997429174,0.265699997429174
S2_5692370,2,5692370,0,1,0.388971179311085,0.317634503984196
S2_5721526,2,5721526,0,1,0.892966059599329,1.16372843092083
S2_5763462,2,5763462,0,1,0.274062619912539,0.0412946489009927
S2_5763547,2,5763547,0,1,0.0512280291490945,0.177234357270931
S2_5815908,2,5815908,0,1,0.108243475401039,0.250377701767117
S2_5815949,2,5815949,0,1,0.50762873193396,0.604519702002106
S2_5819350,2,5819350,0,1,0.38236798718964,0.38236798718964
S2_5819422,2,5819422,0,1,0.0675592707686935,0.0675592707686935
S2_5819465,2,5819465,0,1,0.165486620454009,0.312028785186666
S2_5832775,2,5832775,0,1,1.33404254615294,1.87764763936536
S2_5832805,2,5832805,0,1,1.34181961311626,1.83202893259786
S2_5836079,2,5836079,0,1,0.363389901340503,0.430968800680297
S2_5836576,2,5836576,0,1,0.0804685480053397,0.025570630691041
S2_5849884,2,5849884,0,1,0.460276514407895,0.819247465850219
S2_5852307,2,5852307,0,1,1.04523458383685,1.04523458383685
S2_5858250,2,5858250,0,1,1.8860738172543,2.13465690217073
S2_5860324,2,5860324,0,1,0.814360896093123,1.23576260369524
S2_5860346,2,5860346,0,1,0.0728249267838983,0.195656034378806
